5806
3133
7470
3769
4552
7493
9777
6172
7043
9680
8630
7116
7174
8945
772
2173
2083
6738
2656
9555
4193
8144
5980
385
5892
8774
9754
1321
5182
9908
782
549
7103
5595
8721
9136
3672
3000
9426
7233
8526
3051
4710
9157
4057
9859
3201
2713
9100
2809
8125
8241
1183
165
4711
7960
1384
1216
4889
6452
1176
1959
7665
2533
7777
6712
2721
3130
8885
9949
2800
3663
3930
8162
190
9975
1994
196
3684
7331
2599
8040
2666
2956
2348
1366
434
8482
3246
6704
6273
8785
3137
1106
6638
6813
8055
9896
5635
9387
4195
4630
5105
8587
3036
2520
752
3061
3357
9767
3923
8975
7497
1621
5818
3720
3436
533
7457
596
1404
8250
4326
8213
2942
3914
2840
914
4677
3950
6282
8214
22
2265
1431
7336
343
9122
384
6243
917
5360
4417
17
5845
6354
6145
4649
8498
9816
5960
5441
7573
4241
3595
1138
3379
609
5650
7031
2144
7663
2299
7697
8721
3401
5640
7371
4559
2308
5411
3028
5895
1540
5617
4654
8767
3
8260
8914
8387
4082
5195
4846
2221
8682
1797
1613
2435
3773
6418
7697
4443
8830
5242
6143
6105
1754
6982
4726
121
5201
4684
6222
8407
8021
9577
4041
1291
1982
7943
4201
7235
4263
5342
4126
5161
6889
8631
7546
1844
6401
6651
5907
4922
8592
2122
9715
7394
336
8999
448
2567
3518
6256
3059
4153
9353
3788
9767
2030
9909
6365
4256
502
2859
4309
4966
2924
913
8341
2860
9000
9409
2961
3681
9217
5609
2367
1411
928
783
3326
4490
7712
6367
6691
6264
673
1170
7278
8299
1979
1388
8891
9053
3584
3299
1301
7497
8954
2183
4885
6617
5028
2978
1656
6032
1989
7437
6494
6161
6310
9212
8479
9610
5605
6119
4840
273
4434
5798
3491
2698
999
3081
3668
3746
7524
2401
9920
6107
3032
5758
2601
8084
5276
8406
5364
5123
2937
7967
6683
2690
442
5273
6381
7188
7356
5275
275
674
4785
4680
9071
4615
7060
3102
3165
8132
8119
3179
3579
2560
6473
860
6789
5120
5011
3683
7545
9839
273
3140
3529
4202
5022
8684
222
459
1335
2399
6057
6927
6850
5564
5782
2486
5752
5183
906
7607
1053
7908
6667
3790
3857
6659
2494
5811
3086
6860
8218
1079
4418
9887
1180
5949
3959
7880
869
499
5885
582
750
2892
473
1799
3740
8252
2678
1826
5613
6383
5018
3296
6258
1590
4868
1639
6839
575
6209
437
4749
3280
3742
4293
5817
559
360
4513
5558
5025
4927
5797
8421
4285
8921
4747
613
4860
7059
9897
7037
4096
5457
6051
533
1454
87
9981
5925
7657
7536
3554
4789
5308
411
6634
1572
9428
2487
2779
7973
6424
2915
479
3299
8406
2823
8318
9301
7579
9041
8056
6348
8318
2648
3249
8553
7897
7837
1513
811
8149
9519
2487
4279
4066
3805
97
5456
6464
5766
4459
5878
717
6332
9834
1595
922
8327
8243
8880
6348
7270
3924
7406
7629
5809
3919
4160
8924
7562
8815
638
7095
8369
5176
4901
9092
2278
7456
9474
3175
1754
4323
269
7506
9934
8775
4210
335
4141
9134
8618
4515
1238
8481
1656
4368
5201
5551
7472
4282
1682
7762
4018
4131
1835
9722
4708
6358
5084
344
5517
4476
7878
6793
5726
5582
3198
3357
9435
9367
8333
755
4311
6725
3763
3859
9294
5117
9435
1703
7787
24
7498
3335
2154
2909
8593
432
7384
6716
9107
8384
1094
309
1424
5536
2157
4787
9615
8366
187
2408
7530
182
2283
613
963
4717
2307
8150
6997
58
2327
633
3109
9121
4699
1945
2839
4189
2789
8939
4813
4554
2305
7972
7690
8908
9630
6373
917
2111
5701
5284
1417
6956
8282
6712
6121
3012
139
9568
1217
6172
5446
5569
9735
2774
3688
7899
369
8024
9791
1062
7968
6762
480
2974
6297
1169
1077
7736
373
7380
8702
4608
5982
7639
6056
6625
7274
8236
6284
9104
404
6610
4622
5141
6165
8807
8453
6502
7282
1586
1322
9026
5023
4726
2298
8839
9777
9412
2422
6577
3713
7696
4330
5936
1117
5261
8938
1300
3288
5512
5735
952
5074
5182
7729
5512
2434
8427
8615
8752
2751
9888
4427
8210
8862
4928
33
1780
6534
855
709
1332
5615
6231
4539
1496
6969
6273
9218
4870
1897
8221
9730
1581
6558
3990
5333
3727
2802
1972
3458
9339
892
7
8884
8619
3762
5356
8937
2439
7163
5856
3302
9011
1923
2719
616
2140
2888
5223
5125
2106
4337
2254
2161
8915
7438
7564
9805
1997
794
3927
3977
221
9405
4521
4474
9312
5038
208
983
8980
6902
3986
8605
2277
4719
186
2915
5216
4172
4115
184
8869
8290
8320
7047
7550
7812
6278
5677
3894
4348
6903
3073
200
837
7852
6818
9189
4518
7070
447
769
5081
5009
2575
3787
8553
2525
4256
311
4121
6778
1933
9690
8386
471
2153
881
2453
7575
8712
5087
3982
8185
6653
8577
9929
5811
8206
7967
6926
6778
9380
1633
3416
2801
2030
9787
4100
7291
549
3751
1189
7102
3033
9294
9588
8087
6363
8322
2980
9043
2564
1515
2948
8897
9234
2236
5213
7106
8899
4449
7499
3050
7626
4664
7657
5110
6591
4617
2981
1225
467
9890
4130
2165
9969
4084
6252
3267
3327
1188
8087
3903
4148
350
6624
3843
452
8557
1285
1709
3286
4864
1584
4784
1094
4713
9006
9092
1063
9047
6366
8171
2368
3054
5094
7458
1303
3664
9487
6143
6860
970
8912
2925
4844
9213
3096
1394
4182
7176
2629
8473
8393
2271
8993
848
7964
6074
9852
2560
7256
8604
3797
7956
8496
3565
2338
7001
3665
7175
4896
1953
4612
2762
1396
5939
2992
3708
2959
9330
1404
400
2704
5832
5506
7794
339
5776
6927
6093
6439
1005
4503
3817
4974
1322
4534
4420
4669
6510
9041
2236
259
8859
7019
3638
3911
3540
3284
382
6666
6265
4731
5995
4459
4720
4947
2926
9065
6050
4308
5735
5027
6815
6905
1540
