4950
2814
3870
1993
3922
4566
2927
3826
5132
8630
8198
9040
8742
8677
3814
7226
9117
2641
2837
9867
6263
9239
6912
8081
7637
414
7535
1970
3384
881
2083
3341
7552
3239
1852
1304
5215
6305
8888
8875
9243
9791
6405
6632
5427
3039
5767
5558
3833
9987
9588
8009
8206
4718
1533
8399
6475
2859
5752
8569
8955
8361
1496
900
6134
2647
5806
6323
2984
8280
9881
9083
2753
2195
9000
7643
2981
1499
6656
3877
7747
5237
9898
4685
6195
9707
6100
2862
9369
9164
8999
2707
1494
8749
8600
9241
9469
5744
1576
574
2227
7856
2950
8293
1183
3878
3861
4666
946
2891
5704
364
2016
4747
9593
4188
5212
5970
9785
6897
2434
6998
3297
549
8925
4240
3671
7311
8937
8040
4477
9853
2690
188
7252
158
7628
732
30
9850
5276
3398
4496
8847
6243
8057
3686
9897
107
2328
9792
6876
6634
5053
6170
1105
5700
1831
8026
5227
7533
3457
3458
2725
5403
7216
7814
1290
6170
73
2871
8112
4569
2717
1470
8657
2513
9027
8548
6264
486
5920
1150
6309
2134
2421
3894
4925
1519
2292
2388
3041
1549
8976
5803
4920
417
6721
7632
3180
733
3921
8870
5054
4027
2054
6789
535
5710
7484
4729
2909
8784
9982
6566
5486
7098
4817
7544
3243
5058
2814
777
1188
3230
7865
812
4060
4200
5970
9927
6041
3066
9096
1085
6266
3464
1397
825
3365
188
506
6823
9948
8653
2535
4780
3835
3833
6775
3318
8225
1697
5126
1997
4441
564
7232
6729
9220
6483
4616
8861
9524
8724
673
1682
3207
8451
9549
3038
9918
4626
3391
9395
2729
8432
639
1812
5602
5736
8106
4482
8130
848
7426
2997
9300
754
7817
9349
1764
9336
4886
425
770
5968
8610
3222
3049
1039
6034
7289
8711
4978
2033
7249
7801
463
5688
5043
2821
3338
4445
6656
3699
7284
22
7124
7720
5421
8920
3877
2784
2170
80
7996
6759
8066
1373
4336
5237
7154
3177
7421
9460
1968
5794
1748
4639
8061
7801
5852
8920
3988
3829
2838
3926
6527
997
8846
2394
9480
2049
3053
8156
733
1307
9148
8327
2029
2744
9555
3757
3679
1813
4815
4648
7633
1911
7841
6719
4814
5827
9555
5025
3209
3831
9990
9409
7078
4787
6888
3773
9048
1463
1233
333
6629
5227
8892
6853
6421
4677
4466
2487
329
2586
5265
4696
985
404
4428
2125
598
4700
4717
5122
9822
9189
6326
3318
9405
1589
5716
8775
3840
6144
2852
325
7174
4626
4976
726
2767
1577
3282
4486
2982
2765
5129
7480
843
7677
4489
1613
8025
40
5421
2047
2742
7300
1912
6299
9881
3454
1801
4746
4133
1486
620
1018
7540
5414
4348
8941
495
9688
2535
9774
2857
2289
6795
1323
4140
2518
3148
675
5739
9401
903
9630
5062
4200
9968
3459
668
2034
3752
650
4923
8647
4315
2559
2419
2795
5189
5551
5608
5190
4484
7059
3382
6155
8825
5174
8687
8083
5496
7428
7552
7957
975
4833
2641
8405
5140
1762
2667
8422
9815
7980
5589
5501
8502
6248
791
8452
3758
4768
4655
2823
3951
7593
209
1566
2729
8604
9657
5336
5875
8834
2892
2576
570
4988
9036
2543
694
1277
7115
3006
184
7124
4871
789
9904
2393
3044
5973
6812
6915
3367
511
1210
3924
9854
7775
2638
755
2285
8824
4335
6531
4979
1405
5611
564
9531
8249
7163
9526
1310
7164
4098
7110
8646
4211
7343
9367
8366
9171
6129
3278
2357
1809
1962
1593
8785
9745
7020
4636
3695
2969
7264
8282
4905
784
2470
2205
8673
8857
9911
5235
5578
3350
4326
9861
7606
1723
389
6628
6377
1217
3203
8146
5724
8003
6067
1259
4654
9096
2360
1198
133
813
1420
4315
7906
2254
6048
8587
8802
7233
7326
5047
9761
7008
9146
4182
9498
4897
4231
6246
1737
4099
2261
1526
5777
2487
3352
1069
5401
633
6165
1579
6017
8697
1429
1307
6482
2427
9676
6785
323
3175
515
9766
2025
5805
8193
5196
3158
5481
9736
3792
4754
7950
9932
4572
7015
339
6431
5686
1318
743
183
3592
3815
5026
8689
1116
1117
1065
9870
9940
5544
9597
1995
2628
5300
17
8495
9869
7919
5782
4062
7734
6040
5158
3243
7448
819
2873
7754
263
1337
8678
7410
6392
3036
9802
8321
2708
3384
3790
3978
8
4388
3688
8458
5205
1448
5505
2505
7978
5753
734
6587
7388
6096
3533
5078
6272
5752
9150
2862
8261
1462
4171
3899
8561
4627
2598
2252
6934
6645
3118
789
6048
6380
3341
9828
7229
7656
5136
9954
2826
679
7540
2692
183
6236
617
801
8950
1275
9894
6926
565
3649
8874
709
596
2609
5882
9141
8149
9017
5883
9442
2193
9907
6654
2525
4049
551
7523
7246
5503
5374
7819
973
185
7281
2446
4097
1742
6128
7285
1136
3961
6958
6022
661
8248
2058
9610
6095
7880
6760
7116
2245
7374
5054
3888
9704
3412
8907
3949
2433
5374
1393
6648
9242
2424
6755
2511
7625
2142
6602
815
7782
1751
1858
4739
1581
9183
7969
921
9951
5184
871
1362
4035
4044
3712
2742
1370
4474
407
9090
3136
5882
5781
2080
9374
9286
1143
7200
2893
7880
3005
3736
2485
9250
1263
6213
707
7918
5882
893
3849
7314
2216
2099
847
9343
558
2182
2279
9783
1598
9111
174
8328
3053
8853
127
3657
7599
8470
8593
1312
6958
3556
7953
1422
2970
6401
8410
8552
1626
6137
800
6131
6224
5075
3245
8090
8603
7011
1475
303
22
3423
4015
3804
8030
2716
6911
5893
6129
8532
8154
9116
2417
5014
157
1631
9767
7771
5655
5762
1877
9344
9722
4933
3412
3381
8145
9171
8188
4640
689
2598
1410
175
7880
4857
8763
8809
3186
364
6751
3663
1163
9934
105
1700
7935
7242
2699
406
9020
4544
3838
216
8457
7278
7702
925
8944
4555
2564
6131
6006
8113
4470
9178
9196
1669
7481
1599
5166
4899
9711
842
8600
7466
1211
8256
6889
1746
9304
1206
7695
6325
3033
1555
4802
7969
1404
5872
2253
905
440
9550
4870
2850
7094
4788
4879
2545
684
3476
8133
3311
8099
8105
6534
7862
26
5824
8480
7258
1363
9615
6148
1255
1980
5878
873
6290
2568
7889
3884
975
5116
3831
3653
9023
9334
9874
8613
1636
9142
299
5260
1891
2577
5025
7144
4307
8426
7126
8823
5560
4913
9814
6061
8487
9800
4357
4401
2102
9008
8196
4146
434
707
3312
9495
6283
1322
9863
1139
3664
7054
1015
6967
8051
5675
4069
9154
520
3889
5735
916
5727
8820
255
3952
1836
9892
5460
6335
1471
7399
5998
625
3541
4705
5358
5663
8570
5254
7752
9708
3177
3798
7070
2906
3747
2919
4922
5720
6839
8529
7687
3865
5715
6578
7773
1696
7064
3121
8631
8887
5299
4576
6899
2047
2349
7883
2309
9170
2305
5150
6488
5140
1765
7554
5874
6248
1991
2455
627
3359
6165
5198
9978
3659
8905
6653
4580
1794
895
9078
8482
7997
53
2849
2293
3264
7598
2293
2041
1092
8434
6902
3259
4400
6950
8824
3001
5191
4627
689
1972
7514
742
5549
4244
5534
1763
4171
8073
5544
1671
6501
6857
4613
681
4925
6970
2262
2187
1890
7326
2793
3939
7986
214
7123
2832
5801
9509
7577
3068
2776
3826
2813
8653
689
6249
5173
935
7630
3391
5144
7122
818
8111
2018
4691
5559
6870
9127
1753
7862
279
8372
9079
4758
8028
6849
3225
7899
5291
9218
6644
5472
656
2669
2111
5439
4332
2326
7928
8716
3386
9509
5684
7218
5914
8457
5703
3637
2348
8087
6060
5511
7242
5978
450
230
8610
5134
1939
4642
6479
7096
6753
7548
5763
3565
9231
842
2723
8787
3226
8904
2287
6724
3043
7304
8668
1214
4521
