7088
6929
4447
5413
6029
3240
4350
4421
5940
4495
7931
6433
521
7010
1431
9722
3382
8650
6840
1841
5530
7715
1834
6448
2589
6411
5392
2854
5327
3253
5532
6384
7116
8429
3334
6595
1565
5591
9052
1429
5151
3536
5639
2587
520
5206
7013
2685
6763
7539
4184
9846
3850
5877
7003
3240
1875
3305
492
5308
4152
3573
6443
7591
6031
8949
349
9592
5602
4892
1149
8701
6628
9965
4944
758
578
8130
8131
2657
7777
8393
3172
580
8457
7839
9289
2266
6877
8292
2688
452
9702
2654
6900
5441
6524
9898
6169
8
368
8925
6245
3890
5481
2824
715
4660
329
5706
5669
4682
4923
2159
5933
7536
9307
5271
9048
6890
689
9889
4400
2627
1580
4294
8332
6690
6792
7458
5438
3448
9547
8572
7337
2166
2369
9815
9084
2236
9186
3378
6288
5708
6493
1338
1034
8797
964
4831
3533
8107
7971
8163
6831
556
1373
879
6806
1150
4630
1136
4863
8587
7687
8334
9211
5582
3489
3421
2647
6928
6481
6621
2470
331
3404
5308
1069
144
6855
7180
1466
8083
8534
79
4194
6452
8175
9533
7238
217
746
1448
3953
7526
1991
3879
2113
15
3276
1743
3823
5476
3034
9584
2764
2283
9323
3243
9227
9868
474
289
7797
1493
5630
7751
4300
8766
9012
2486
5184
9607
1225
9743
88
2413
1969
9275
7694
6235
23
576
7945
5549
7857
879
5111
96
46
4410
8391
5494
623
8884
7873
5429
3344
7793
6963
5695
3570
908
9928
7868
9206
919
3527
7587
3223
6797
3286
5992
3269
3716
3560
9759
3578
1742
1434
7567
6522
1470
8390
3969
1036
887
4754
7928
8687
6400
7944
3274
6651
5684
5027
1676
3830
7223
1347
7053
863
5474
7517
201
5994
9919
5298
589
3224
400
5193
1226
2531
1162
2012
2818
6739
5407
4876
2352
8208
1753
2610
8948
3044
8002
7443
6220
7580
9520
3887
6526
4347
1262
5319
9569
3995
4566
1112
1580
3153
3403
3848
6262
9787
6226
1996
2188
4665
2320
499
402
4838
3102
403
8657
8369
522
7918
4942
892
5192
3904
2698
3840
7845
2264
6390
5467
684
337
7663
6391
3025
1580
4727
6632
1882
443
436
7490
9742
6988
6514
197
949
96
2099
1382
4720
4263
727
5035
1618
7290
727
8002
2587
7477
2282
6958
1845
9759
8107
9296
8119
5159
7858
2382
9079
2717
9790
8066
3100
3098
9812
7826
6482
2092
5297
7671
3399
9666
219
2380
5330
1905
5158
5861
4179
6817
6419
5881
3605
5911
5907
5102
1040
1839
6905
800
6892
1189
2717
7085
5744
688
284
8480
5751
6221
9437
3992
196
275
9455
1300
8652
808
3806
7549
6258
48
6740
208
5057
1740
1548
790
3426
1207
9025
50
3325
3352
2149
6743
7500
8388
7102
1764
1354
9156
1483
5756
7083
5903
7221
1158
7413
9828
5872
1822
828
7334
2721
6614
556
5027
1449
8012
1695
3779
7215
4473
3630
1658
6875
1284
4772
8330
8335
7809
5198
7336
5792
9753
6975
952
2434
3686
736
1416
2083
1499
7781
663
189
4047
2634
6592
783
164
4108
2615
7877
5672
2436
5022
2547
8135
7646
4004
3745
6491
8776
9627
6416
1777
7990
6708
6539
2697
4610
4729
6489
8394
3280
135
1214
1967
7792
2950
5441
6226
5789
4247
5273
4484
1506
1929
2576
2278
412
375
2633
8327
9931
6306
5006
5850
6450
1958
9922
8418
2941
8219
5558
8046
9650
5051
1703
6843
4289
2411
4852
2506
5301
2759
8189
8480
9548
3567
6279
5667
2755
6056
8412
9256
3483
1440
2239
1174
8840
4978
7005
7334
5223
1282
7183
3946
5071
805
6652
9671
9297
9264
4763
3984
6362
8716
8775
6960
4951
7491
3387
20
6935
314
8220
4531
6716
9690
4710
5146
5211
8444
4398
1240
1556
4769
8855
4147
8427
5179
3105
3510
2516
2364
9115
6136
6638
5577
7369
409
8678
3210
7569
6411
6700
5921
8335
9067
2114
8532
1704
458
9649
7464
1387
4509
7110
1372
3875
3965
5722
3136
9002
284
2799
3553
936
4725
3574
7442
3145
3790
4685
2887
3612
6349
4901
2241
7319
5140
4146
177
3912
1898
5964
8779
775
8808
6659
5001
3079
9997
8127
6424
2443
3950
5829
483
5973
2301
7173
8875
7913
788
4144
7488
8209
5198
6360
1454
1450
195
5183
7974
3787
6430
4913
2136
3813
1437
6654
1786
7430
1989
6879
7224
8728
6575
1162
232
6294
9954
7105
520
4927
9054
8948
3574
7923
5314
503
5836
5994
1995
6286
9111
6900
9194
5700
3778
4683
177
6555
6436
468
8985
8174
8354
3093
5251
2083
3650
4736
4025
5004
9501
8958
48
908
6496
2647
461
2774
8304
6877
2945
8065
4247
2232
3730
8185
2927
812
4583
6767
6570
1878
7663
4784
8476
8646
4751
9411
1461
2967
3479
155
9391
3257
9071
5644
7744
5424
2771
2171
2124
7381
9048
62
4523
4410
7306
1139
498
4507
3667
9469
641
6192
3178
8616
9257
3647
1014
1774
1911
9582
5870
6722
4833
4150
3406
5817
7883
5747
8280
4968
6598
1592
1684
3849
903
7583
4933
263
5280
7854
154
521
6541
3557
3150
4588
7532
2916
2957
5240
8394
5338
5747
6244
7494
9672
5250
2694
3653
9347
9471
3507
2033
2872
6730
1812
7246
299
1193
5081
2347
5144
5584
7096
5553
7530
9566
6254
3212
6953
775
7654
3234
302
5418
5207
580
5971
3694
6119
513
5109
4638
7518
7729
8139
3789
9797
3957
6609
2632
61
825
3165
1047
2732
2530
1154
6656
5587
6506
3298
8792
1387
8613
7199
8966
2461
4415
3162
5958
4704
8676
9293
599
9821
5867
6228
8178
9071
6176
4533
3383
4615
1052
3616
2550
6235
6820
2082
1014
5326
3739
3716
3045
7147
117
320
6749
4555
585
6243
511
2534
9857
654
1295
7958
8273
423
8556
2023
8082
3452
5946
8266
6634
5143
5518
3529
4010
317
3365
3717
724
2801
5169
9850
4614
7926
562
3493
3767
7217
253
2444
8461
8156
1627
8427
2745
2119
2720
831
7152
9802
6949
4699
8598
3845
293
1464
9241
1480
690
4522
7287
1470
9265
141
8045
4676
6456
9694
1854
9576
4882
4998
5372
6061
8925
7937
2246
4186
6209
5533
5469
8994
7132
30
789
7998
8654
1886
517
934
1743
370
442
2816
5064
6087
4014
8623
6469
7515
5649
2236
7924
3097
9697
9842
6026
652
7308
1939
5683
4804
2751
8216
1971
7255
1017
4902
4974
8590
2641
8716
4833
6784
9520
7305
427
525
285
9866
699
2192
3348
3937
5639
9448
5954
3825
1158
6224
6847
38
395
8969
5608
8418
6270
9513
3447
7345
2872
893
4802
1806
1692
8602
1709
4942
1901
6817
9853
9306
2767
7585
7163
3451
5998
2503
8256
8014
2949
1120
2867
6999
2892
6671
6636
2449
1281
5753
5796
4899
1089
1853
1484
8143
9955
850
7926
8660
3794
7561
6275
3651
3989
5346
2970
9438
493
3498
2658
9340
4138
5201
6540
4810
1722
9178
1504
9691
7807
2635
3299
4016
8508
1348
9730
5155
9036
5533
8013
3597
719
4280
1683
2280
7153
6646
6693
4222
3305
7238
7434
6576
9467
6183
1695
1571
410
1998
584
9668
3342
595
9256
4716
157
150
2569
1919
4602
2879
872
9631
1351
195
5536
3069
5367
5458
881
9919
9653
1406
4221
3309
4155
2054
3327
8294
7616
6832
9400
1071
3552
8853
7751
8779
1545
5205
9604
2183
5504
6732
266
5068
4846
1277
4991
5607
2395
7914
3553
9429
565
7734
9806
7416
77
8673
9056
3319
9918
9075
6195
8145
2395
5524
3076
2770
3027
4167
3768
3726
3908
9815
3799
5482
1049
250
6131
2426
8065
514
5481
1669
1422
754
658
3060
9014
5326
9942
890
8490
123
5870
1406
5505
2085
1204
7027
9680
7343
2537
8584
9624
1381
3923
9243
780
2654
6817
8441
3277
9006
4077
7889
5972
5831
4461
4598
4411
4511
853
6403
4872
5356
4556
3960
5991
2124
7145
6915
5923
2674
2603
4202
9537
9194
1042
3477
730
318
1213
3129
5618
1521
4081
478
473
9112
1554
3138
4798
6985
7361
3110
4027
2203
5842
406
4321
4317
9769
5318
9169
7186
5361
1800
6643
1194
2553
490
5735
8653
2411
4429
7286
6032
4857
5680
1555
8777
2566
7578
3972
1983
1247
2791
407
6715
2484
8490
4259
9819
7911
5632
8220
6885
8560
3781
7826
7033
6554
976
6599
3375
254
4441
7131
8415
714
3132
4198
7135
3245
5733
1761
807
9825
8698
3873
2112
5046
6184
6673
4699
1367
7894
7179
7711
8763
246
1250
3754
9611
4858
7055
9032
5499
4275
679
6721
7958
4980
597
3197
8186
8037
2617
6531
4829
9891
8620
8415
7787
5989
79
4081
8461
7162
5727
4930
3624
894
2487
6754
6607
5388
3571
5197
7413
3260
5084
6876
6739
4397
8340
7047
6226
9454
9264
8024
8758
1367
4797
4987
6200
8293
5536
2273
1326
1394
2350
1716
4968
6034
3909
2309
58
7241
5237
1
3937
9211
4639
4578
6916
5564
6760
3618
2969
6805
5113
1850
4304
8280
2055
4296
2608
3851
170
3663
5052
5216
2988
8984
9938
2037
4576
8903
3280
8679
4620
2152
6355
6690
2420
5112
5069
339
6116
272
7810
638
7146
9420
1376
6091
4158
4810
8824
6139
319
5950
9837
6841
8028
3475
5512
6844
9867
6475
4901
2297
7865
295
9102
8085
5871
2882
8242
8167
8733
7319
6082
1580
4854
7444
8952
9269
8103
8758
2404
4715
1685
6035
9956
4530
