6222
9345
2701
9416
6998
3625
1940
6622
8350
9249
4956
9793
7754
312
1698
3672
1775
9168
1894
9013
7787
7638
2634
6302
2131
9196
295
8585
3956
7828
2522
7411
4826
4827
1260
6621
9007
6671
6911
9907
5403
3711
3283
1002
9546
5006
5737
1110
1835
1235
8671
2421
4788
4031
4778
6331
3555
9964
882
2523
5471
4079
3511
8223
8766
1162
7633
5333
9040
7745
4821
854
3096
4566
8819
4051
6682
7875
8044
6526
5231
1732
6674
4706
2214
8222
1399
353
4310
9568
3767
9672
2622
9156
2802
5904
8813
2546
9041
5940
397
6674
8106
4618
1769
4283
415
4096
2976
7213
6160
4053
9810
8632
4961
8977
2055
1510
6518
9793
4207
3020
8314
4259
7012
2696
1023
682
2139
279
7728
1006
6522
8038
7619
9812
9939
8451
1722
2486
7550
3024
408
2574
8678
7362
560
388
7977
4028
8393
7474
7523
7011
79
2256
6340
2126
2611
5440
2109
9341
5410
7640
571
7346
9138
8
5066
4912
3225
2951
2618
3278
6840
3215
8143
5880
9653
9633
2978
4643
3366
7190
9701
5243
2713
5507
628
1291
1105
8919
7111
999
9354
6549
6468
9113
6350
2329
705
679
1360
9
9959
5838
4117
4841
8434
5741
2114
2139
933
8144
849
3185
6762
7030
5165
6144
6983
6466
4829
5395
7548
8683
2734
4201
2073
3264
1416
1436
7277
3980
882
3967
8617
8545
5074
4947
6066
53
5836
7638
9669
8950
5756
4040
1941
7242
4799
411
8513
2407
7099
8503
1057
5292
1072
5192
5598
7898
8374
597
977
6787
9861
9901
9539
3101
3987
3007
3588
6483
5351
9094
4296
5753
6557
8207
5035
4233
7699
6425
3669
383
7760
4248
5753
3773
3908
2310
2375
3084
6827
8023
7122
720
7915
9719
5899
5350
4876
7458
9212
2684
4695
1055
1105
5389
887
314
8976
7225
7724
5933
7721
1645
191
6394
2649
83
1616
7752
3929
4793
4811
1367
2707
6950
7897
4417
8596
4751
98
9743
8285
3125
8224
5606
6323
3992
7598
7356
9111
3436
8976
5419
2080
6534
461
1856
3396
3875
6614
1904
8342
3381
9258
1945
6105
5019
1890
9552
2034
8508
7272
7260
5595
1040
4853
5853
3556
2907
967
4714
661
8439
8897
6615
9406
908
4780
9551
1791
5343
6908
708
8339
5861
5629
9824
2199
242
4172
9014
1305
290
9074
4442
9515
8146
2827
1610
1607
9068
1333
2056
1581
3438
1140
2837
6439
790
6274
3579
7773
6972
1316
9639
5252
12
7847
529
8434
8958
1193
1081
8829
3604
7029
5456
625
3119
4390
6256
2752
7422
6956
5417
9011
2117
9068
9193
8143
4454
6530
7287
6131
6846
8914
2493
3406
4046
9293
4367
2653
740
5006
188
9698
710
4387
4080
1232
6075
8281
7555
9635
6998
3249
7410
5724
3599
1727
5912
4170
5440
6337
4376
3237
7929
988
6106
6739
5536
321
4672
5373
5609
4527
2611
6476
5245
9362
607
7613
1690
4714
599
9780
5255
6870
8071
8396
3090
8687
8244
4748
2072
7681
5346
4709
8785
9076
2450
441
2117
617
2309
1270
4559
6592
9762
8927
4028
4870
1472
1259
5744
5595
5649
1559
9846
1666
7483
5750
1329
9121
6787
1593
2483
3992
7464
7594
7561
9999
314
2930
5106
7128
5461
3211
635
7684
8222
7919
2584
6609
9544
6495
6528
4401
6211
7776
1238
1350
1875
415
4559
8809
2616
133
6965
5162
8191
6166
4711
7105
9892
3795
2186
8595
4722
3616
6833
7216
6313
8720
7140
1433
5259
6284
2512
7776
9315
7874
9227
2280
5010
8890
9538
9738
5415
9460
9601
3769
4827
365
1678
5662
6838
321
7602
253
4417
3082
1973
8648
2953
2118
9397
3106
8412
7927
7570
7595
1556
9652
6666
5546
7645
1452
9180
1978
2901
7242
8043
6779
9503
9749
2913
4473
291
7135
6829
1482
1126
5261
3274
6880
337
8581
4126
3758
9040
4243
9644
3816
3562
7831
5190
9283
4040
9352
1362
5435
532
6828
1623
1267
3104
3711
4677
6231
7535
6336
511
1870
8292
3596
550
4299
7013
2002
5075
4627
8955
181
1680
4265
5769
6608
4643
1108
5719
2899
4712
1314
3338
2140
1387
6566
2641
8049
3647
4092
750
2506
7597
7390
1696
1611
2636
6751
3033
2015
873
7892
6833
8432
3171
3330
2614
8115
9782
2675
3229
4001
9442
6979
5322
8415
1032
310
1335
1567
4065
3340
5109
7375
8426
2284
7485
2352
4495
5454
8193
9553
179
1445
3141
2361
1273
8537
8035
4036
5395
5299
8543
5125
6932
4161
167
3305
8964
4681
5670
5244
9168
4683
3431
1141
4443
255
9184
428
1029
3309
2354
7196
6021
8411
379
8884
6982
4129
8454
5847
460
6616
3008
1779
7058
9633
4808
3951
7602
7363
7858
637
9520
8172
295
7903
7859
3112
6317
4982
4384
4575
1551
9237
8308
2297
457
9476
5614
8077
4354
8208
8840
8455
405
464
3456
2055
2654
1715
8263
3638
3646
9893
7253
516
5547
9760
1462
6845
5655
4431
7973
7866
8075
1134
8356
7843
81
4781
9509
5154
283
9092
8184
7619
7186
3920
8290
6695
6862
3706
726
3208
5279
1353
994
6663
2662
7614
4857
7041
9620
8494
3864
1696
5404
8556
8887
2909
1527
180
2207
8836
4277
1301
786
2224
3610
7126
9419
3493
2317
2905
8243
5436
5464
4060
8461
5721
6508
9676
9903
6312
8117
4692
1597
6998
5206
4052
6868
3356
3184
5773
7807
5750
1236
5320
3594
2018
867
8838
2737
4068
8717
5074
8179
7430
7310
1507
7849
2909
9618
4110
5293
9191
7537
1192
1192
304
8379
2360
6396
7203
1824
3675
8027
3421
3020
5313
8274
6958
9214
6709
8534
7481
3076
2523
1737
1499
7973
6993
665
3144
4202
7496
326
1729
3306
8716
2989
4833
7232
782
1733
1655
2891
1619
6197
8670
3314
9157
8689
4231
2114
7815
335
2104
1685
1814
2970
7326
1105
7275
7826
2542
9034
2830
6062
7754
4885
2436
3568
6847
2634
5224
387
2234
6164
2920
35
4970
9209
2566
3000
17
6785
5471
6945
5429
5012
2921
9577
3395
4645
7013
3545
1427
3957
4291
7434
646
2565
2005
3092
1660
3116
6028
792
3842
2960
1807
279
4808
1333
4554
9421
3217
2639
9826
8718
8227
3958
566
9339
9615
7669
2322
3424
6203
79
5197
5437
2714
9535
5202
2255
3981
4490
3932
9243
3922
1539
9707
1878
9227
570
8739
9428
6746
9666
9075
7051
168
5389
531
227
7301
3271
3366
7644
6505
1244
2719
3116
1977
1975
3376
2531
4389
9656
9470
7757
4847
4048
545
9156
5206
6972
7879
8256
2560
5756
7287
3500
9782
7151
8275
3317
361
9677
5110
1873
2850
4016
2141
5146
2775
7248
3203
2390
954
5962
1685
9316
171
3436
8756
8933
7406
9855
9656
37
4247
210
7441
8596
8722
8831
9689
7622
4783
1052
8998
691
1450
8816
1531
9451
2969
9999
238
9514
638
308
8260
6868
1052
6490
1849
461
4087
5496
4748
7639
644
7127
2710
1113
4831
9169
8763
5017
9324
4647
9017
502
1413
510
1357
660
2257
2824
678
7220
4086
4379
6049
3215
4774
2256
5555
4128
8340
6954
1685
3371
2426
6864
9561
7966
451
169
3724
7090
851
467
5172
9422
8038
2048
6408
8168
7910
5790
1134
1352
3718
6673
3007
3868
6955
5760
7303
2514
8091
8792
6697
6277
1613
897
4383
3622
1296
9739
7391
9254
2648
5396
2282
9486
514
9305
2654
1580
7145
2166
7691
4202
6273
8444
1346
7116
8705
9694
1336
5622
5870
4744
5755
3000
9458
7581
6524
4743
3403
8203
2362
9609
3855
2541
5119
2188
1933
733
9940
3587
5984
7716
2848
8782
8541
9951
9389
5189
8267
6127
9323
1170
1954
2158
2542
6184
1835
4025
2147
675
1464
6990
5808
8717
9037
3283
3593
9034
1003
4704
9742
5505
1102
1611
9041
2952
236
5214
182
4523
6797
2391
2740
3640
922
3980
2280
2794
191
2376
856
8239
2522
4023
4645
2248
4421
890
7785
846
4320
711
8752
4843
9095
2672
180
2956
4787
9790
3264
7105
4044
1594
6150
8397
3340
103
4172
785
9167
1536
5840
7904
2006
7514
5725
1822
6027
3189
3046
314
1151
3668
4703
8357
5103
9110
442
9517
1606
7041
3199
9051
6267
2843
2261
6326
4506
3668
653
417
3441
7619
7727
6824
6881
6587
5452
9666
4468
3161
5057
4243
5261
8429
6253
7009
7899
6307
3114
641
7336
9325
2215
9438
9726
1375
4230
5413
7513
2134
3377
143
9352
6325
4664
5292
6668
3822
3605
3240
6227
4938
8481
813
2766
3877
3359
1957
8926
4441
6550
618
3054
2133
540
1773
8858
9465
2445
9215
7837
5073
3291
5375
6680
6763
6112
2624
6062
6519
8350
8261
4316
555
8280
5580
6214
4400
8873
7845
4157
1452
8418
3038
3148
9501
4370
1132
2978
5358
5037
4024
1290
4969
1231
4531
8869
2585
3802
103
9050
827
4506
5340
4467
7393
154
740
6457
7298
2512
9828
8954
2209
723
8927
8390
1561
7069
3120
7546
9330
5451
1156
8099
2034
2353
4321
9748
7411
5466
791
9219
7164
2189
8546
2589
143
7308
4073
7098
7695
2406
4390
4939
5708
5804
9154
688
525
6241
3900
4902
5064
8330
7942
5885
3793
6741
1485
2344
7436
1142
3427
5230
6880
5884
3242
9517
3467
3490
2911
2270
7372
4433
1056
2435
8481
9474
7243
5677
701
2962
2053
6859
4517
9887
2900
1340
5032
5615
6346
2309
6569
1423
1566
3279
7370
5769
3832
3383
8103
1551
3193
1449
3116
4659
4245
1399
8867
7833
7390
6866
590
660
558
2172
6333
9037
9601
2692
5357
7235
6604
2624
4286
9244
7630
5673
5726
6777
9025
2112
6983
39
3677
8542
6162
386
5210
5226
71
4052
9247
5043
771
5211
9788
7757
1267
8681
9312
8169
3331
1365
3752
204
5886
7934
421
2881
9905
4368
3480
6107
1024
7199
2397
5315
6564
4432
4930
6560
5968
6008
2498
4644
223
3739
4146
1954
6701
6806
8694
7950
7406
1417
7025
6365
1822
4828
9320
620
3013
5330
4962
1196
5862
2059
9230
9898
9717
4243
5329
1517
6644
4824
5499
5385
6680
5577
6196
4368
1804
5849
4376
5768
8034
3395
1868
5672
4145
200
8299
5003
6064
7187
1650
7175
8269
94
8005
2472
6746
8829
5100
5910
1140
7912
2637
3557
3650
7335
2551
2218
9911
1061
8120
9403
8195
7111
3100
2287
4604
7158
6738
8277
3717
3448
4957
5665
3512
8940
116
6033
2581
8772
1014
5293
9127
2925
5070
7645
5807
9322
6302
8805
7072
1599
5227
2715
2534
1369
6245
120
3507
9579
6289
3421
7671
2051
6021
4509
3340
5723
8640
7848
3308
5819
323
4313
4239
