9287
4605
3822
3028
3584
664
7920
2081
2764
1442
3470
7901
1553
6364
21
9065
1812
5934
5734
2158
5096
7616
900
6086
2049
9685
7591
4600
423
8868
691
2894
6902
9220
3794
2772
9458
2595
5982
3263
8040
7171
5147
3976
4048
5282
6241
276
3678
7812
6263
4081
3288
4079
8154
5311
1282
8515
5662
8216
6453
3604
5228
4829
4590
7141
6665
9231
6514
4995
4087
6055
8719
1291
9636
3827
9150
1913
1216
7437
7285
3982
77
1561
2121
3597
1263
4074
4208
1426
2242
3378
6964
6367
8555
5093
5252
8757
5623
8632
8085
1803
1775
8428
9285
478
5693
6689
608
5333
3416
5816
9243
176
7019
3241
8670
8605
2421
4941
2351
438
9593
7673
2537
4538
1797
1912
2924
278
527
1940
9645
4624
9068
1681
702
6240
8682
1158
8809
3084
1293
2649
5638
174
3287
5637
1819
3060
5808
4650
1059
4003
6966
1490
3959
2457
1933
443
2841
3678
8503
9334
2240
7238
2463
635
3646
6198
2416
5415
7357
2896
4962
755
3767
4476
5924
1730
7141
5605
4533
4535
4847
3838
4012
48
5283
8495
8312
1603
3841
5968
4146
1955
2514
1872
47
1679
8712
3746
4993
8471
9825
9685
6780
940
9845
4767
4070
4083
8351
1637
8408
2534
7929
9417
8161
6551
8911
6545
2874
3426
6934
2480
9156
7454
2933
3523
7389
4015
17
9946
3170
7915
3095
6929
5599
7574
9315
7753
2561
1869
2701
680
1676
6492
4579
2650
2504
7212
769
6451
246
989
3645
5842
1585
107
2143
2259
7152
4304
2253
6625
39
4902
7237
8021
989
3911
8660
6688
2153
9587
932
6434
1702
2701
5506
1156
4005
2675
1276
8856
6017
616
3097
842
4509
3791
1987
3571
9482
4374
8304
635
6645
2941
8319
7304
1965
577
5117
3079
3986
634
6695
2006
2073
9373
9465
3611
5868
9550
2757
5349
9598
8182
8992
6749
9724
461
8310
3192
3407
5157
8430
4860
4078
1347
5991
6604
2017
5561
8002
5138
7968
1620
8778
8760
313
8064
7358
868
4817
8483
767
2077
2434
1709
9796
926
6402
5146
1003
4422
4436
49
7434
4024
3288
476
8483
8742
7837
9268
1590
6550
6215
5192
9025
8590
8252
5562
6035
6561
648
3014
6446
5141
8912
6160
4234
6384
6531
905
9846
2624
4908
2605
9753
9956
1589
7165
4247
6426
3414
7412
4079
6437
4187
6423
4129
2378
515
9950
2829
1480
7989
3338
1030
2033
9101
2530
4710
5097
9907
8542
4875
7771
5276
5551
5103
6242
667
1129
2773
123
7680
8990
2687
6948
2160
9352
6637
3905
7573
9026
1551
4843
2220
2627
8556
7685
540
2921
8603
1597
4022
8174
2671
8618
5304
3177
9471
2216
8444
9556
307
254
5902
9254
3899
7448
1818
3564
4425
9814
6083
8424
4623
9344
1121
5414
4371
6564
7266
7879
3855
1518
8096
7180
8932
5874
7011
9649
2079
105
7038
1027
2836
2950
6388
6127
8087
7268
1293
921
2089
5022
1780
2918
2335
9322
1624
3254
1967
6547
1538
7153
3492
1249
5654
2029
3328
5239
5906
2457
3089
569
8227
4794
9516
4728
807
8799
9270
604
8974
4098
4450
9725
9786
9182
5284
2829
5125
3272
4548
2613
2801
4475
3375
5227
3946
4596
1575
2957
8424
1782
3770
6813
3121
5739
2432
2488
9131
7865
6430
2548
5759
8092
2919
1718
2057
5509
418
6830
3180
335
3159
6784
6642
1161
8883
5407
5569
8581
5196
9479
2121
9597
3630
727
2170
2124
3955
2426
771
2368
2785
5505
2437
7066
5741
1390
3894
2047
9309
8991
1889
6703
7787
581
3690
7519
2246
7313
3279
677
8643
2938
8555
4672
4592
5853
196
2401
697
6161
3044
7322
6627
2277
9156
4161
2038
9193
2292
5152
984
2486
312
7069
436
2923
5805
1057
8682
1909
7001
3463
4784
729
7967
5444
1334
4129
2
477
7510
7538
5953
953
938
6710
3665
7716
5144
1194
6072
8748
3337
3990
149
2012
5639
4996
7614
4515
484
4175
385
7648
8823
5370
3964
7964
9474
9465
6407
8164
8207
5696
2415
5138
8329
8295
8942
8439
8918
3590
1366
8855
3554
2675
4173
5089
4951
4213
3585
569
9912
83
1452
9683
1533
4942
3507
6174
5337
3336
761
1483
5511
4352
209
3673
7347
5276
3120
2175
1461
8001
6305
7829
903
1585
386
8207
520
3393
5851
6
26
3110
3599
6021
9845
2284
3387
4557
3694
4371
331
2389
2066
6406
2204
5618
9645
777
6220
3615
4519
6542
4589
9065
302
6356
3993
3466
7231
7133
8512
9408
9869
907
8924
4505
9588
8758
2950
5004
1543
92
6417
7063
8101
3813
9123
129
4042
9314
9044
6556
5826
6866
9200
8713
6345
8081
5222
8695
9454
701
5395
1225
7462
5157
7337
6995
172
8657
6824
529
3510
3464
2751
3268
5555
1970
7883
6362
5792
5259
1726
4969
1594
625
523
2311
6365
9994
238
3097
7195
6116
7001
3494
7145
3482
2568
8184
7651
2656
7558
9534
4240
2540
857
6976
2512
6529
7064
9329
3809
57
9836
7098
177
9070
4500
329
3134
3589
8035
2949
8730
1703
85
4652
9450
7102
4911
6587
2557
7432
7427
5177
3225
7611
8402
6304
7744
8374
7005
1769
402
6799
6500
7668
9549
1262
2479
9569
928
1509
6779
8350
3453
7882
7243
8797
604
7027
736
9024
2460
1501
2868
1636
388
5113
5328
5527
968
4804
3390
4808
4247
2481
8424
8394
3105
8468
7567
9700
9606
558
6936
5432
3114
4544
9137
6190
1861
6958
6977
6204
9318
9107
4301
4532
4935
7274
1334
1946
507
3215
5456
848
3284
4227
5230
3217
2114
8470
6217
3078
6518
4324
1280
568
1492
9391
2248
6899
3991
1876
8869
9346
3294
4925
4241
141
6708
2978
1016
940
317
1117
2279
3495
8157
6713
4585
3468
2851
6054
2656
4155
66
6859
7909
2737
5039
4072
103
3199
6070
3336
5231
4951
8664
7631
676
9571
2832
7078
6714
354
1715
5936
1798
655
4501
8023
3212
1407
9432
1528
1385
5831
1103
6792
4733
5192
7504
1298
8256
8904
4968
9646
661
1550
5385
639
2379
2682
1198
7400
7248
9294
6224
1980
6161
8189
5905
1426
6541
1119
7685
7313
632
2686
5040
734
1562
1632
7402
9871
3687
2849
2639
5450
8090
1084
7204
4527
3130
2502
9364
5614
4367
4503
424
8135
6157
7813
2069
1805
4223
6703
2958
6197
6575
6563
970
9825
5426
3437
9345
8675
6897
1069
6961
3360
2721
6724
3549
9347
7876
5610
2052
2955
6841
6670
1919
3
4670
9067
340
8955
6998
8772
1672
3080
421
3628
5970
7461
792
2484
6458
3315
417
2322
6720
8773
5392
8026
8088
8497
6990
2204
4067
7235
4163
8665
1898
3732
1927
9187
8804
1074
4837
3777
4918
2029
5292
7420
7354
2734
9359
296
3944
7107
844
7698
4608
8491
1082
9827
7418
6235
3147
5774
997
2827
6945
3964
572
512
2605
1633
2743
1334
5618
9754
5933
7769
440
4198
1878
6128
9357
1022
9151
2839
9990
2642
6263
7000
371
3058
9942
9477
4672
6934
4254
1925
5975
3210
1913
3817
1891
8873
4546
7481
3184
1252
3135
4239
4590
7119
5724
5392
7925
1689
1027
9826
7794
2247
8247
4911
7807
3771
5009
4997
1504
7798
4033
8790
810
5447
9510
8147
702
1934
4152
7232
9587
5266
2578
4884
6338
1756
9534
2720
4074
6286
537
4569
6116
9763
2901
6692
8882
6915
7645
9133
208
6051
9315
1619
6892
9496
5365
4163
801
3398
7535
3040
5903
1769
5018
956
7463
447
6945
4950
8258
8880
8708
9280
2529
6635
9429
3403
6495
1838
2608
5617
6323
3089
3896
1983
450
3520
6172
2605
5425
3507
1257
4412
5208
3484
5097
603
594
3405
3705
3173
2512
6915
2936
1306
4045
7507
1035
1064
5084
3487
1325
2263
6574
9140
2292
7310
1105
7443
3343
21
5218
4187
347
680
1554
2960
6101
3268
3302
3242
4746
4417
2744
4620
1738
556
7195
5934
4522
2144
716
4522
3689
3057
7477
5296
7082
1876
6587
9094
6048
2462
4263
5360
8729
3896
5697
3352
6817
9340
3031
4489
6439
5582
9710
926
4236
7690
6288
3186
7832
102
4259
2995
8966
8179
7579
505
4240
7190
9893
7661
3557
8157
2372
935
3911
5824
2105
280
3969
5238
3867
6416
453
3905
5782
3981
8916
3959
9775
450
5575
5037
6870
2831
6154
7666
7732
4786
2728
2646
4900
2762
5858
6390
990
8036
1400
596
5550
8213
5818
5511
9539
18
1848
6028
4052
6526
758
6408
7501
6017
4139
3467
3959
2578
8985
5698
9717
7281
2087
1114
4282
3539
3705
8060
9128
4955
5265
521
6276
8866
5919
8483
166
66
1476
6437
6876
9621
3172
2016
5245
1285
1274
20
1611
4255
4837
6647
3714
5929
1456
1141
9677
2412
2368
9748
6439
7888
1126
258
159
4131
9812
2685
8869
3222
8156
4367
5810
1012
5492
7076
2852
9968
4422
1498
8646
3178
8308
932
2238
3053
2121
442
8607
9800
202
8513
3615
2615
5291
3203
1091
5485
1054
362
9303
2016
3270
1966
5578
3489
7145
2936
6821
6951
6932
1922
7484
583
3273
5342
3181
2450
5140
5072
4598
6219
1995
8440
51
7795
9971
16
3765
2643
4639
2702
3182
5030
9716
8230
4840
7056
2792
8736
5669
8590
5032
2641
785
2763
5017
6809
820
2381
4262
9864
4052
4522
7832
3325
4120
9562
3700
9229
5159
4922
6125
3084
9534
6458
8699
5003
4640
2980
8740
1327
696
2649
8086
2602
5818
4762
7206
7816
3351
2896
4867
3751
6319
2088
4148
2868
8001
6783
2416
2702
8190
901
972
1113
8556
4577
878
1586
950
5185
9377
554
3984
6044
5025
3569
137
9639
5414
2688
7577
8944
8190
4466
9578
7754
3011
6080
2547
453
6700
584
1230
2809
3102
1017
3531
4319
1827
6814
1246
4460
7587
7940
2756
9515
2303
5626
9587
1478
8061
3620
5407
9697
1581
3516
9912
8819
9001
1717
9281
801
8603
7341
9916
6249
1929
1775
2768
8616
7132
4210
8829
8248
8959
4386
6358
1866
722
4793
4780
8428
9437
9353
9388
7303
386
9737
9039
8071
2555
8633
6080
1479
9347
9187
2122
5721
2241
7968
6079
8320
46
6628
6581
426
3367
3160
6090
3021
6495
5522
5433
6780
156
7363
7349
7269
9521
8525
5090
75
5372
5038
115
6876
8374
7981
6045
9950
7960
5056
5739
6554
5261
6536
8475
8549
9666
6361
7542
2055
4825
2602
4940
6026
7789
2213
5133
6513
5728
8700
2997
1122
2416
393
2463
7330
1385
1119
5098
3947
6068
6322
7401
4220
8748
1200
7939
4733
5857
8571
3995
4990
5958
9700
4699
363
8708
1077
6681
206
5042
1530
6172
5617
8556
3501
4695
2062
800
7901
3203
4533
5336
9659
4668
9929
9137
4593
1010
3063
6842
3023
591
5668
4568
1907
6776
9410
2694
2708
6669
7359
9066
7260
9546
7195
979
7695
1600
947
3182
2700
7854
7055
3336
5199
6328
4868
1630
9600
6474
5222
8720
1324
4838
5582
6212
8573
3625
6196
7926
9129
8731
490
5517
5684
2965
5204
841
5059
5885
6711
2873
8382
2621
5693
6505
2657
6306
7378
3464
5872
2688
5231
8647
2980
6243
9488
8061
4598
7088
2596
1448
6038
1658
497
7695
5992
6064
6049
9618
9500
3603
5965
4339
1001
2838
2132
1181
1414
9918
4344
8130
3653
9369
5365
8676
4827
1355
4431
7513
1200
6211
2983
2721
2416
2108
9273
2691
9835
7023
1653
2115
7919
8726
3368
5329
4736
6267
5111
4059
5842
1087
3240
5858
2307
8071
4700
2441
3927
6849
7389
1562
560
6228
7088
9940
3450
3541
6454
2991
5425
9158
4549
3231
3056
2217
1934
502
9047
6002
2939
4548
1352
330
4647
6378
3742
3872
8713
1117
3994
986
798
1221
6283
6233
1075
9445
4281
6954
6860
8821
7567
6105
3860
3146
6195
8368
7393
