4062
5288
9212
5081
648
3075
7485
2195
5538
3264
1343
6175
9037
9828
7021
5336
2741
3185
992
3912
3907
4735
773
2259
5295
2889
4348
3146
2403
4994
8780
8012
3579
7858
1269
7936
3433
7745
3134
743
7445
3150
4668
2897
5505
3100
3892
4367
5930
6474
7431
481
3226
4525
4988
9451
8491
237
5308
5208
8726
8313
6391
4043
1082
6983
2644
6206
7608
732
3573
1690
2266
1476
5496
9985
7236
1231
5530
8075
2370
4985
6151
1179
7297
3555
4893
2413
4491
7843
8526
3182
7818
4501
2339
7544
4685
1580
1213
4761
1864
9386
8967
5759
8309
8407
9128
7122
5417
9569
405
7485
9602
8977
8435
2475
7484
7238
6330
6282
5203
3328
1845
4495
6242
3531
389
9622
7210
3509
2469
2195
6654
910
6441
3546
6027
3675
8288
9191
8709
9031
8296
6411
8909
9383
3696
1012
1183
2568
7672
7384
39
2616
5893
5070
3603
845
7762
5337
8660
1813
5504
4241
4350
4188
5133
8160
3887
9956
9523
3174
6556
2964
5639
6233
2439
1967
466
3980
7277
5263
5916
4539
1452
4638
5860
2896
7937
7985
2012
261
5199
2322
4465
5799
8972
8440
8921
4244
1605
1589
7573
5793
1298
1643
4806
5290
5028
3164
940
1974
2203
8030
3369
2133
7796
1351
8627
1370
8240
9050
1945
6335
3872
9709
6237
3546
3099
6630
7807
746
3634
6818
2619
6061
2795
690
8457
5650
9033
3075
82
1333
3853
5576
3666
9869
1958
4886
873
9390
9347
236
4379
3179
1113
461
3719
9996
1649
7467
2389
1015
5544
9841
5624
9390
2794
1581
8772
837
1033
5544
169
6271
807
8051
2029
2372
9187
6369
759
1233
303
5899
6839
7756
6880
2884
8852
7202
5536
3097
638
6638
7966
6372
5362
4024
8980
3502
811
8232
8024
6334
5301
7766
3996
3923
3084
5360
7873
8217
7764
6823
5080
5116
6098
4902
9049
8838
9479
3663
8556
6214
5997
3204
581
4560
7434
8911
8893
9882
8994
6079
7243
4746
9465
7663
8033
3178
3749
9221
6947
6357
5153
836
4082
8417
1695
4446
9783
7113
549
6409
9691
2981
4024
1564
979
3880
2150
2135
4345
1798
2173
573
7237
9680
2809
3183
2394
4430
5563
7941
3389
7671
8021
7739
2593
5840
5313
7431
286
7567
9025
5347
5791
2538
7762
1019
42
5729
9802
788
5707
2405
5600
9446
9994
6435
9706
280
3211
7873
7489
7479
6372
6420
8434
3778
2584
9740
670
565
6706
5164
4208
3728
6990
7865
7070
9892
8417
1183
4921
6809
9528
7307
415
6447
4190
4312
9488
8367
7496
2969
2765
3932
3386
3328
1548
3948
5244
2569
2776
4493
5239
7478
7990
5350
5322
1335
210
5195
7753
1269
6872
3452
8597
2428
974
6907
438
7651
6270
1992
4452
3865
8914
3866
1125
9854
3432
6044
8625
6715
3253
6642
274
4783
7814
5159
6759
6214
5041
629
328
5352
6842
4879
1811
8508
4417
3390
357
4967
7801
4822
1924
9541
1812
917
8345
5139
7146
520
603
2822
7720
473
4438
7275
6052
6728
7659
2860
7759
3797
7905
2972
8340
7336
5561
2415
1469
1357
479
5177
9748
9647
3580
6162
5623
7120
1721
7314
3237
2818
5070
303
4645
7669
8984
1231
4661
5710
5304
8972
6784
6096
9096
4612
2329
5337
7609
9546
5012
5851
9849
1917
9140
9862
2992
1570
7727
6063
3689
2896
7549
6239
733
9032
47
7547
6890
527
8141
3803
9219
1018
4184
8296
9490
6053
5870
6599
9785
8448
3675
5629
7045
4006
1228
5086
5747
923
3167
759
4093
8657
2631
7971
5037
1351
7996
3869
5490
2511
6367
6948
5888
1482
363
9748
274
8819
9862
230
2234
4773
1175
9942
4553
7657
7393
973
347
9999
5853
7931
8409
9001
9975
4018
6914
783
4383
8194
7347
7346
6544
4028
8579
9041
6413
6790
7052
7857
422
7306
9315
157
3498
4651
9849
5770
247
437
8890
596
7516
9599
5314
8395
7744
1760
3023
9172
1084
3195
3106
6429
8675
3449
7871
9153
2306
1266
5140
852
177
6471
6919
428
8201
9231
9239
732
5056
3675
5604
4414
2480
7560
1643
1195
2039
5873
810
5130
7735
6991
3794
500
5692
3742
1066
6768
2878
9068
7887
4640
4140
2865
2377
2390
7897
3926
3833
3492
4723
2308
8815
3615
7485
6105
345
8415
5535
8489
1525
5494
2260
9455
1319
3178
9809
5823
3926
9313
7765
1609
2416
4328
907
3020
1342
880
8556
1445
275
3301
5794
3122
877
4476
24
8455
9470
7161
3181
7868
7365
7018
775
6705
4773
676
3395
1039
2375
1800
9131
3549
8267
8449
1265
8491
9818
7916
3896
7983
9703
7380
5201
7018
3188
3114
8083
5077
7808
798
6212
6973
9390
5804
5300
280
465
7749
4457
3571
3699
1401
1588
9931
7237
5054
9298
8164
1537
8608
6335
6904
3499
4085
2501
4719
5638
6059
1235
1256
1554
8129
9705
9618
5091
7775
31
25
2222
1715
7444
6864
396
6840
724
3223
4225
9380
5491
4825
9414
8207
3095
6213
6306
9516
9314
6743
7495
3045
8412
7363
6681
5063
79
29
3913
4183
5292
8839
16
2575
6779
3464
5559
7130
3007
5046
4691
5975
2328
5824
4238
1325
2642
3402
8416
9516
1563
2965
3549
1803
3506
2026
584
8948
8971
2003
7141
2760
2879
311
5211
1344
432
1600
648
7137
7001
7115
9599
4283
7300
9755
4733
8782
5206
1257
2986
4170
9733
5500
2746
2370
8601
3538
7539
7275
4352
5816
7368
6470
4492
7276
4132
1768
6087
6108
7619
2371
423
7690
8730
451
1244
3711
6615
9191
117
1049
8707
4041
979
3890
8323
8940
4902
8622
5326
7169
723
2145
5177
6278
7911
3258
8254
1884
69
688
5339
595
4043
2648
9591
836
1251
8320
4911
7354
4389
6667
4735
9854
1274
6297
5020
3806
7771
3090
1070
1946
1016
5504
2683
9627
852
7542
9069
3695
8973
9792
2118
9141
2378
3000
8474
5377
2558
8754
6091
1053
5545
8037
6482
1213
3741
311
5081
9917
285
4451
1893
345
402
1050
7809
1048
8919
3123
3222
6326
1236
2096
5222
7037
8393
4335
6984
3488
7840
9065
1693
6403
8260
9002
17
5930
2561
1646
1341
5388
9137
4517
1146
3779
8165
5490
4624
371
2997
8422
9612
9877
5054
643
9216
1200
6874
3648
2596
8994
1710
2489
10
6192
6204
7311
1919
8520
1305
563
7213
287
937
8554
7678
7884
9590
4062
4396
6704
8976
6210
2179
7344
830
4703
471
5552
8178
7967
5634
302
4507
1301
85
5848
4164
4487
2208
123
4010
1594
1997
2794
8858
5385
5159
1399
1449
3377
1768
6369
7869
5483
8303
5610
9033
8295
3201
9619
9702
9553
6502
7718
2236
1955
9172
9680
7952
6855
153
8537
1623
167
4033
8321
7097
6595
8088
9225
6561
8574
5305
2027
833
7030
3829
7895
6226
3950
6128
9228
9608
7481
405
9775
2020
1397
7225
8394
9188
6578
3837
6964
6725
4302
7293
2729
9320
9662
4325
2806
66
1883
9508
9395
9294
7222
6408
3517
5565
1513
6217
3855
3694
8380
2194
6588
312
4209
8377
2300
2452
5485
4624
993
7143
5091
9460
5668
9405
8174
2307
7521
2194
7114
8490
7980
9049
2800
9116
9230
3712
7452
5743
8912
9914
973
1537
6802
9068
8217
2152
6729
6372
2682
6198
7123
4194
6713
4395
5320
3450
7845
3141
9039
7202
6640
7490
5642
2039
1303
3206
1407
8556
2044
2776
5491
8882
7889
6326
8869
6691
8098
3546
6789
7079
7664
4852
9391
5482
1590
8790
5144
5029
586
911
9635
5993
1473
3327
8113
7754
4127
5849
9795
8776
9771
4998
4237
7432
3979
9110
7672
1409
4880
9202
7044
9251
8960
7181
4025
8418
1548
3209
6488
7121
8814
5157
1459
552
4769
804
5173
4904
4413
537
9407
8789
3005
5182
7488
3570
2847
5540
4673
9419
3303
565
3226
1275
3824
1605
3956
8430
8593
8263
3212
5521
4311
7100
5297
9238
324
6310
8010
8243
2148
5178
9527
4602
7144
3524
6498
19
4482
3829
561
997
9675
2311
764
4483
1572
5537
1365
2483
3447
8693
409
699
841
6967
7233
1061
4366
1945
533
8369
9385
9329
9774
5992
2671
4460
2454
7262
8263
3643
2383
6658
4880
4108
4396
7328
1599
9204
7376
805
3827
7303
6897
3826
2246
6138
7976
2825
1523
6720
1992
3028
9279
8993
5177
8646
9494
3049
5152
8841
5314
1420
8701
6950
9642
4823
1776
916
3301
4994
8840
6759
9545
7617
6410
5977
8917
4858
1146
2439
9495
7473
2489
5042
3226
2446
8428
4518
1040
7600
8308
8023
4472
7819
9103
8519
6829
2893
7467
2196
6074
6159
9570
9390
861
3559
8903
7606
6071
8410
2219
4130
8845
3198
5323
7150
2767
9981
5482
2956
9683
4693
5223
8492
173
2541
3643
1094
5068
82
7153
6740
7572
5760
9602
5053
4739
8108
9612
492
1234
5214
3854
5375
7851
9100
5874
891
8770
2913
1176
7357
7329
3964
1083
8171
4083
6693
2963
4409
4813
7626
358
2824
1092
6600
667
7257
5167
6021
5533
783
3658
7034
936
3842
1523
5822
2739
3103
789
5438
74
813
1935
9881
1974
842
7713
5351
5659
4276
8546
7657
7151
4036
2304
3291
6050
3573
1381
7414
3294
9923
1042
2051
9164
5230
3931
3930
2688
221
5470
6824
8963
9055
6481
2463
4171
764
2408
247
5385
6698
7904
2546
9710
2493
379
9902
4891
5478
2040
947
5396
5036
8206
5452
9023
1943
101
2626
7887
2088
6065
1860
5656
3335
9275
7571
142
629
9390
4538
5183
9264
2235
5754
8697
7749
5754
8787
1817
7967
8126
1391
4065
9645
7651
5593
1285
5362
2166
7371
5171
4262
9233
3397
2140
9658
9425
729
7539
5225
822
4178
2513
6234
423
3429
9075
7137
8784
416
2657
5621
2729
5040
1851
460
6532
6863
3426
19
4146
793
5568
3594
7426
2335
2149
8892
5527
3349
6783
3836
8213
2070
6917
5243
7800
8327
5328
3814
2193
8025
8438
6811
7807
6792
9701
1660
7413
2576
2169
301
8269
6144
3434
1496
441
1462
373
2288
3169
1418
2452
242
7262
8935
9309
7831
4562
3668
596
6102
1714
3392
8046
8694
9586
9548
5427
5249
2731
930
3166
6357
9931
8643
1109
1172
3369
5791
7040
5179
9171
3069
6920
511
5574
8859
3917
4291
5497
9311
9795
1846
9575
6379
106
5066
6343
7167
1545
8911
6553
7465
7879
1710
6896
2071
8597
2658
2902
5933
4139
3376
3824
7666
622
6631
7632
6837
906
8562
4049
4093
4898
9467
2658
174
9073
6762
7666
3383
2556
875
2884
455
8406
4541
9023
7712
7135
3718
6389
7029
2410
2212
9870
125
9034
3214
8176
3817
3528
5001
4989
7906
9475
503
7034
4891
8517
5738
1495
6038
2414
7687
319
3762
3168
5269
8462
5970
6710
3828
1002
8825
4577
4762
2175
6754
1696
9352
7307
7404
6779
5884
5891
6289
3772
6976
4448
5944
1579
6415
1706
929
9813
3592
9599
3550
3240
4971
5087
3857
3006
496
5655
4143
2051
3527
505
3620
3476
4361
4932
9105
5174
8078
7205
9232
9856
1992
9786
1704
8503
573
5359
4619
6228
1874
5751
2461
2371
7522
8632
8800
3707
7726
2227
250
581
1294
2990
9144
4235
3142
9776
892
6622
2340
3977
8833
947
5301
2251
3103
7676
9511
2249
8746
2719
7801
3947
9429
3877
7983
651
6564
2465
1410
1279
2271
7610
996
1875
6514
7079
1905
8418
3713
2582
4481
3329
2249
1770
9257
9400
2658
4703
2594
478
6816
4090
8129
8192
7881
6753
5525
5069
8193
340
5920
6145
8561
3991
2860
5244
3030
7726
6223
7263
8149
1748
2809
7234
8780
2951
7978
5716
4484
5923
7521
800
2498
9913
3023
3721
525
2316
841
2082
6474
8553
4796
6108
7300
8352
4203
7501
2919
8803
5796
9001
7835
4346
8258
3888
477
3056
5019
6868
8201
2669
5096
5925
4180
5745
8309
8586
5238
7226
3631
5230
8725
5186
1946
6997
9516
1225
6517
426
3434
5386
6949
3895
5975
1036
8205
2351
1490
8055
8015
2027
309
785
4093
7775
1834
3781
9080
2600
8343
5406
5386
1829
8276
8485
9519
9119
2381
3717
3437
9207
5363
3463
2788
5418
974
3375
7456
7811
5389
1266
4428
1053
7565
7362
481
7939
4615
1128
109
4519
3716
5277
8606
2107
7564
9637
2637
1663
12
3113
2231
4583
8582
7055
5686
7208
5154
503
4671
8224
5827
5316
5189
687
5124
38
2171
4069
1841
1040
310
234
6449
5883
9552
4276
7345
390
6345
3496
9821
8552
7240
1856
2967
964
128
4373
4489
3879
8782
2393
6119
8098
2286
3588
5742
6078
9181
8777
4570
3648
6728
8389
7747
8459
6484
3843
1974
3677
8471
8670
4610
1879
4948
7636
5289
9356
2340
8676
7639
9189
9919
6852
271
6286
3179
9345
8336
7809
9195
5299
3398
9661
6216
9580
7213
7714
5085
9806
8113
4604
3756
1030
8465
202
8174
889
9585
3738
2184
1049
8831
1698
3033
5939
221
141
223
1849
1245
6881
3146
6471
1323
8969
6632
4868
