5765
8647
8129
6693
7447
2957
2234
892
2891
2168
8844
5459
3534
7617
2965
3995
3829
4357
391
5954
7220
8977
2331
9673
3834
9949
4737
7412
1481
661
6643
1691
7253
4162
7141
5806
8329
5608
5739
9605
7744
4520
3544
3716
5750
8838
365
2494
9004
1557
7382
2337
2098
2878
3501
3919
3028
8207
8730
5501
9012
6416
1544
9443
8816
6080
8484
2612
15
5503
100
184
8397
4101
7410
2661
7184
9775
724
3149
2279
6586
5466
4576
7758
2711
8387
6273
5376
9967
7147
9383
2378
9024
2789
5562
3160
758
5697
5709
3982
3221
475
4843
3029
8289
7824
393
464
8081
861
9531
6490
5816
9862
4771
909
9203
5023
2981
4977
7313
5883
9766
3440
6156
6014
5298
3186
2214
6065
636
794
3134
8322
3904
6092
4114
517
4981
9273
9871
6684
9918
9225
1539
9070
6815
4435
6836
4135
3773
2524
7193
3643
1646
5929
1830
2696
8272
4771
6165
3367
2917
3847
4511
846
5980
4262
635
5430
6123
192
6445
9636
4968
696
7888
3623
1015
3444
4958
5149
6862
5859
2667
4081
2452
4523
6338
181
7880
2542
6119
3432
9597
3928
7132
6404
8771
9832
8975
6294
5233
9800
6384
9227
670
4699
5393
3828
3408
1027
8902
7334
3707
9147
827
3632
5867
3607
3269
4810
4989
4119
9153
662
8135
882
1480
4998
5960
8212
6420
1994
6570
4406
9436
6035
2708
8007
6955
9657
9820
9460
9167
7878
4442
1273
7582
9341
6679
7012
2066
8442
4916
4770
4693
4664
7447
6088
8856
2041
6625
1120
9101
5429
6795
8686
4964
674
3518
7438
5026
8683
8273
6653
8862
4961
2125
144
2886
1323
493
2020
3230
907
3409
1347
2040
7839
6306
159
2415
849
8848
911
4285
8747
8406
3300
301
5242
1583
5366
8443
9678
1666
1552
1911
9659
4009
7300
9064
2639
7168
8684
8109
4784
4968
286
2783
4033
2939
635
7186
7457
8682
1797
8426
5953
529
6011
8250
4256
8828
6418
7768
2629
564
337
3165
1895
8930
873
9576
1916
3588
31
5794
828
7341
8536
8172
7202
2934
9360
9252
5119
482
7494
4807
3770
8176
2600
6256
9832
6729
3686
3807
7940
7210
4277
228
8875
4411
5459
3707
7030
8525
9202
3794
197
1187
4900
8820
7477
103
4449
7562
8414
7182
2103
3432
827
8981
4110
6611
2006
5930
6006
4754
2991
8696
7424
8002
2153
7194
7511
6163
4242
3872
3961
3104
5421
383
5253
1116
8206
4835
1939
3015
1505
1936
8490
4033
5911
3702
2002
1029
7646
4579
5687
2870
2347
418
566
4120
8951
2529
3047
6245
5683
1744
7191
9632
5610
6677
9937
1366
6738
9869
1081
9360
605
8765
597
4965
82
2422
9640
7085
2740
3687
6492
7904
2748
2460
1370
2524
2103
8789
8313
9222
542
3489
2882
8392
1214
393
3260
7608
2532
5449
8504
3945
1527
7401
4315
3466
561
7354
7219
7373
6107
1467
1000
2739
9860
2491
785
5218
5198
8953
1680
6328
822
7960
1867
1209
5726
894
6936
4676
5368
3660
4948
2293
9553
6055
7696
3555
231
3924
2904
6761
1769
5379
2001
6866
634
8882
1983
3917
9057
3763
4032
4273
928
2760
9289
9913
2478
8634
1178
9520
2771
3896
4640
8760
6288
2173
5144
836
1753
3050
3883
9670
9216
1395
4074
4659
8479
4934
8263
6370
9746
7285
6749
4307
3582
293
990
8572
130
8719
3239
8015
8345
3187
9009
7367
1528
6509
6471
2113
2698
9936
1743
5432
582
2862
3799
2408
3929
4266
2686
8788
9830
6852
2764
8916
2279
1123
4334
262
9614
7010
3730
2148
3916
9281
1275
3430
5629
604
5346
2846
3406
5816
1417
8274
3693
2809
7453
1111
12
7186
7480
5784
8321
6228
1439
8070
6540
4967
671
5593
8005
438
7567
6693
6242
2228
6194
2408
6211
5821
8955
7663
2346
824
2685
793
8506
4216
1790
6131
9451
2818
4232
6418
2102
8681
7596
5935
9939
884
2211
9420
6557
3505
4578
8133
6575
5218
7977
2386
5230
6726
4360
7768
3250
611
5118
2048
2257
9951
7856
5439
8346
5982
2227
6676
4299
1526
9766
657
4576
4974
8798
241
4713
9941
7439
4967
3030
6479
9844
6599
2145
5897
8764
9518
9624
6926
3009
3739
3270
7026
9638
9201
1805
7819
9196
8325
3043
7744
6113
8258
2086
9162
3558
3196
1932
423
1035
2033
6635
4205
3385
1227
1234
2267
8363
5427
7650
1003
1850
9120
7133
3348
7636
8876
4985
3052
7512
6759
4609
1771
3361
6085
985
1131
3021
3058
7387
2875
2920
2550
9363
674
3322
2420
4867
1840
4633
940
8084
7264
1964
928
5306
3258
1742
9428
6210
2886
219
638
3307
5195
3386
237
3246
7109
9783
7159
5579
5172
7788
5130
3953
8433
1147
9523
3770
9100
2027
6205
6545
2528
9356
306
6913
1096
2680
6589
8203
9003
3193
655
1955
7571
9985
8912
8280
3100
8697
8318
1582
3015
9514
3921
7610
4862
5922
8367
2297
9042
4867
6442
5645
6480
4526
8247
9317
3426
9239
7227
8568
4145
8213
1838
3838
4185
7896
3489
4139
853
6535
9595
3289
1273
8022
4655
9249
3278
9473
7226
8805
839
6599
968
4557
5891
5669
2630
1884
8476
2989
9234
6750
5548
4868
6750
656
1887
3893
9060
6252
3091
3301
7971
448
2251
1028
1128
618
644
8764
5416
6578
9295
3642
6217
4884
6317
9974
6960
3112
5177
3392
1813
9168
1438
7833
8708
4525
7289
3643
7292
2430
7130
6198
4570
9751
2852
728
288
5562
9940
6184
8350
9844
4414
8896
6482
3158
5794
5652
3628
958
5646
515
7178
5426
4861
4873
7651
8937
6557
9822
4143
8118
5998
4303
4627
9554
5127
6055
5867
8564
4674
4425
1567
6703
4167
9037
2424
584
2487
1125
2652
51
1039
6122
5348
4585
5964
216
4143
9992
4973
8707
3552
7095
3348
4948
355
1460
8295
4
9805
6029
7107
6451
6512
8903
7136
2149
9869
7390
3263
1291
5748
1401
8959
2505
7528
9673
5391
7705
3454
2942
7983
6124
2467
1350
9519
5400
2733
9779
649
8066
6810
2248
4026
4649
9189
5824
1179
8461
8279
3738
3518
1898
489
9701
8836
9685
2712
500
3307
273
1281
2782
8485
4718
7132
6534
452
1664
6070
3249
9265
9719
1990
1753
1771
8720
5841
9085
2797
2231
5848
9714
760
7351
7071
5003
9664
1168
9225
2016
5875
1892
2271
846
3715
9630
6239
2939
581
4463
7969
180
1362
199
7157
2709
571
3564
6920
5700
8057
2153
7926
3626
1202
3910
5993
2111
4904
8208
6655
5425
2907
2198
7593
160
3791
9951
6288
170
8456
3162
2883
318
8065
8164
7627
5871
2717
6976
1039
1031
9621
3030
5715
4917
1871
795
3883
1397
6096
8840
5550
9434
7432
8186
2486
458
6315
8725
1923
6518
4576
9701
9311
2836
1571
8931
1084
8108
5461
7217
3306
1243
4387
5842
53
1751
324
8569
234
6640
9035
1900
218
6159
1965
3988
7320
7230
4412
5076
3068
6499
194
7636
1530
3883
7545
9129
6124
7839
455
4034
4716
7317
2776
3682
62
4965
2707
3669
8634
4166
6910
4880
4695
677
4814
8666
6051
8801
822
161
6095
7686
4560
6730
7543
5653
2698
1513
2992
8812
4392
3209
9578
4087
4040
3368
6884
7634
114
5490
7022
5353
6813
2169
7354
2527
6735
1134
4556
1911
8125
3614
6385
2051
3264
1708
2635
7735
2985
2023
5626
2968
651
87
9271
9782
6854
9290
5930
6547
8004
7045
1627
575
6044
2665
9493
2754
5861
404
9862
3428
5028
7473
3972
9309
6774
9261
4554
5380
7929
5239
6847
7046
3908
3811
6999
8950
1351
6570
2323
923
9326
4530
9924
2730
8143
2246
4461
4656
146
6610
1158
6236
5264
9517
7885
312
1012
8402
6055
1122
3823
3837
1332
5707
3176
4175
1456
347
5616
4574
4053
5054
706
7629
8094
6799
6825
6547
759
2784
7277
42
2640
8291
7829
6918
8976
1368
9904
5295
3670
5892
5743
221
7131
1914
3082
7424
5123
6328
9026
1625
3715
4417
7750
7913
6684
7234
6000
3188
6485
5764
4791
32
9895
5037
5367
256
8737
7922
3597
616
1132
1725
4668
1084
7561
3831
4654
6441
6087
979
8180
64
9729
7591
5294
7978
9827
2183
1462
5133
1549
2656
4022
8330
9072
3230
3082
2303
4853
4442
7840
1392
8077
3027
1788
8733
3651
4519
2456
815
8126
1503
2489
8869
9922
8005
9468
438
2662
146
5839
2674
8385
8680
6957
5834
8638
9881
6481
8120
846
7315
6204
2667
6108
360
4257
3587
2363
8958
8397
8598
2428
9167
2356
5677
1756
4190
3782
2239
5018
4407
7921
1015
1382
6353
5152
7476
1221
8964
5313
7213
9761
1377
757
2575
5678
7394
9776
8852
9847
9406
8496
8754
5830
3641
554
7309
2210
4454
5247
5194
1539
4362
2526
7425
9409
2223
3332
5997
8986
3233
798
1476
995
3784
5583
5598
3846
3891
4637
7300
5049
2557
6069
7190
3375
527
5359
3336
664
7234
9932
1834
772
3807
3947
8579
565
5493
8684
9273
849
8405
8108
5312
5750
2589
6990
2893
9337
1040
2347
8341
9303
3263
1648
775
108
1222
5126
4514
1442
6933
8559
6532
2465
3289
9804
1937
5573
4007
3084
8300
9581
5156
382
6005
2944
8068
4679
5135
234
3645
3839
8156
8980
3703
3910
6696
6369
3394
7205
6015
8532
2612
9774
4780
9359
7662
8469
5551
1639
9417
6424
617
2643
9826
3402
5335
8195
6864
8653
4441
2622
5726
4733
8350
467
4537
5322
8046
8545
6487
3822
4707
6194
1218
5213
7605
8946
5936
5273
3665
3869
1472
1925
6277
9254
8355
7330
3322
5157
773
8165
6927
920
5559
5001
2126
4570
7850
8113
5565
7104
6905
8662
3939
2688
5555
8590
5092
7965
7156
2030
6283
4589
1616
9846
6292
2011
2699
6282
5923
5336
2936
5330
692
109
475
2039
6288
3227
7613
1181
4792
7252
4572
5952
4129
5426
4092
8487
573
5924
4926
9110
6290
1978
1932
8719
2937
4870
6702
4968
5797
3906
9484
4423
6333
592
2176
9914
2648
3900
54
5572
8436
510
6468
2818
5459
7356
9968
9611
2035
3116
4435
4485
537
2007
1640
5797
2537
2842
9040
7870
1492
5893
4005
9627
5454
6710
5321
1895
7834
5328
1546
889
7797
5412
6132
9678
12
4770
6436
6943
555
1433
1653
8033
5779
2538
824
4075
7143
3595
7508
9841
6996
935
3128
8319
6426
594
4745
1858
8987
11
7341
4737
2110
4394
4610
4857
2368
7288
7851
1877
8649
3198
5976
8204
5878
7878
6994
9605
2600
9822
9312
3829
8889
9483
200
5529
8966
8857
3381
1807
8797
9009
7825
6879
3300
6275
7360
1703
5059
1027
1690
4083
9424
6448
5986
2204
4662
1039
887
3367
9024
5270
7414
6494
1975
2037
2794
7708
2310
7327
7858
34
6310
3461
4685
9943
539
8596
2740
9100
5306
9477
9635
8060
9173
6466
8646
8530
1941
4569
2285
7206
371
1672
3708
832
9683
7944
6673
7533
4093
4839
1026
6334
2601
3837
8226
381
1974
5408
1728
4363
9191
2979
9821
2581
2524
2825
2440
197
3432
7320
471
4325
3716
152
4596
2222
4959
1946
7921
6270
3648
4389
5130
3272
2218
3324
1910
4086
2618
8700
2057
3305
4544
8609
6249
9553
2104
2680
3131
9624
52
6143
3882
6424
4920
6233
2579
9597
4049
1102
8015
9877
8834
5919
9886
9908
8557
5990
749
9556
6699
7035
883
794
6664
2308
6670
2932
7934
2276
7109
1246
3948
2580
8057
7411
4946
2160
6477
7329
6988
6632
3407
9957
8105
102
9442
3590
3238
6511
7849
6670
8060
5122
4434
7538
3571
9662
1277
7058
4033
2945
1816
1340
9316
5418
7240
3627
5143
7280
7782
7773
6644
8156
755
4803
7046
256
2490
2193
6586
2907
9296
8405
3954
2357
5514
196
4229
692
4332
8688
8535
7074
5657
5686
896
3653
6988
1587
3307
5742
7410
4407
5293
9069
1265
5298
1104
4177
313
1722
4940
5182
6358
9119
7009
3239
9615
7590
755
4235
3086
4801
2641
9515
9452
7839
2660
857
5145
9536
3297
493
7636
3857
8796
2561
1485
3606
1833
5980
9749
4485
6367
5340
7790
8479
4236
1356
773
5770
2783
7141
7736
9641
9574
5313
8437
3613
1476
9003
2753
1924
5310
1
7266
5824
1955
5115
5098
1315
2038
6118
9616
2502
8489
2361
7708
5593
8680
3353
4271
6484
8399
3208
3277
7404
9656
168
3800
9810
5557
8157
6042
8645
9702
7632
9151
1896
3368
3359
1180
6718
1739
450
4768
2433
2126
8425
8021
5154
4456
7410
8963
9914
7349
3270
6850
9695
8908
5331
3945
7155
2346
9412
3064
3543
5245
1036
5534
6716
510
2993
744
9658
4907
8309
2663
6681
4352
4817
7373
3772
4562
1706
2915
8911
3527
7605
5226
2277
9318
7126
3532
6788
2135
852
4926
2268
8102
6089
8453
9938
9721
9173
561
1995
6907
6098
2154
8723
9956
4483
9238
9278
5591
6453
6789
1286
7849
7863
8729
4707
3561
4550
5765
5416
8416
401
7088
9290
7941
8828
3494
8764
6429
9103
3516
3749
7294
8942
6557
7315
9727
7796
8294
5609
8878
504
7835
6308
525
5778
708
7499
5866
2311
7991
8500
9369
895
787
724
3952
1240
8486
7503
3102
1364
7180
7565
5209
1517
9060
5869
5252
2392
3233
5267
1369
1527
2570
9116
6312
9513
1550
1235
7324
2076
5960
5869
678
5555
1818
7262
1513
2226
7433
3246
9201
3926
677
4390
4592
8690
4051
6116
9607
9731
4201
1823
8205
6165
886
3124
8335
1503
5676
4142
2884
9034
9626
3476
9484
6623
6618
1853
2548
5117
6675
1263
5081
6202
4364
8292
231
881
910
6126
1036
8570
3989
5521
5166
1063
5315
1150
5829
170
1185
7969
8198
4900
9378
9360
6829
5352
8534
308
999
8606
5352
2052
9097
9652
9556
4380
4449
991
73
3421
1447
559
9238
9885
5519
1168
2549
7375
7629
5821
3297
5038
7205
831
6517
5860
3263
4211
3154
8551
9140
3289
1740
7986
4759
2552
2018
9505
7459
9696
616
8805
6268
9927
3650
3048
6740
5253
7408
2491
6878
555
2465
891
4167
2190
629
7795
8213
1378
3827
9018
2927
5265
5651
8909
3911
2379
6441
5943
3760
5959
7406
2716
