6630
4421
3976
4585
2913
260
9618
9557
4980
4112
6240
5058
3057
7544
7600
404
463
4062
3364
1105
2434
9523
3231
570
1384
7904
8748
6133
1042
1712
2266
469
8541
7275
9944
4795
8268
8877
5721
3350
1956
6694
8260
4165
5268
5722
8764
4317
1310
2520
6374
167
9590
7912
796
1025
6615
3198
3789
5828
5980
7755
8414
6725
8066
962
7345
7685
4087
9144
9121
2931
478
5220
3959
546
5859
3607
5340
6373
9861
2469
5564
4310
757
8193
275
3382
5674
3287
6983
9470
9566
4482
2049
7620
5752
4942
5257
9818
2198
1975
3901
2657
5575
657
9837
603
963
2641
7655
4941
2040
3880
1770
2019
7602
1376
3497
509
8565
1999
6302
5111
6106
6825
2040
5367
1476
7570
2978
3135
1710
5904
2737
35
9747
7647
6570
7044
3993
3246
7710
6171
5546
2838
8308
4065
4673
4155
6065
5787
590
8699
982
483
8790
4948
133
625
4154
1426
5617
3432
5297
9414
5954
9581
3125
6194
7698
979
5447
7024
5415
6978
2240
1859
4509
2678
790
1445
1487
8499
3879
8975
5986
805
2356
5271
1711
5574
1245
1379
26
4857
8389
4685
2467
1556
5426
9519
7017
1018
3971
6525
7622
6358
2174
3857
5115
468
725
4898
3512
3945
6916
8894
1496
4643
7930
5494
4039
3514
7298
8969
1409
7782
1565
792
1737
3498
6797
6521
2034
7567
9536
4632
5454
5083
2855
8759
8544
8240
9938
837
384
1041
3051
189
3835
1263
5483
6389
5363
466
397
1287
8650
6466
1261
9133
8551
7462
4795
7845
7891
6003
6930
3396
9859
2902
3936
1991
1970
6078
6898
5924
3785
4640
7934
1711
606
4973
5628
8665
7847
8833
5889
8066
57
6450
3689
5727
6929
2057
3216
71
9102
4109
1374
3319
2746
5882
8077
2789
2435
8849
4808
6018
2282
873
7713
1817
4566
2035
6335
7412
4182
5771
2611
8669
5250
6202
1653
7506
7804
5481
8816
4450
5545
144
5382
9492
3638
8556
9809
870
3016
7694
920
9939
9572
2496
8986
6206
3464
3603
8986
4331
4276
6325
5318
7293
5704
1326
9990
6298
412
4297
3406
7418
6134
7055
9520
6174
3675
7150
3409
4670
8677
5929
662
75
9005
3738
8427
9267
6726
1123
2991
4018
4790
4913
7040
9013
6721
6545
254
571
7331
2381
1263
4708
4986
2751
8991
9307
9726
4790
2417
656
5278
934
2182
6126
1961
682
7960
6411
9189
6117
692
6958
511
3478
4931
394
7231
5785
2275
1225
4311
8201
7318
4532
809
8388
2359
8270
6786
7912
9924
9745
4759
2217
3820
3808
6266
9140
3255
4507
9785
3245
7996
5761
9523
6901
4035
9056
9272
3672
7656
7720
908
626
8776
4365
9463
1777
4092
3819
364
54
8751
8308
4292
6533
1053
6693
2822
4540
6682
6822
5382
2225
827
0
1159
5220
6565
7930
2462
6899
8257
2028
5909
4699
2105
7748
8120
5980
1250
4326
2687
7686
3205
62
4313
4464
955
5841
3329
9303
4677
5249
5120
2323
7318
3216
8559
1349
3549
9292
9094
7949
4050
7513
9110
1481
2636
9148
9888
4087
6701
899
8080
827
860
8770
4297
1340
732
9736
8926
9528
8621
8800
9898
56
8511
4995
2253
9935
4703
6187
8820
5036
4880
3619
4100
7038
2119
7082
8018
4599
5410
3638
4738
169
4021
1012
6346
3405
5523
7422
8049
6339
1878
4918
4122
4052
4812
1583
9303
9139
4446
1051
5708
4402
3485
6558
8466
7136
2523
8001
6244
7456
6564
2051
5673
1701
5687
3418
6638
4553
4740
311
3439
5725
356
5175
7186
8651
944
3318
625
8151
5887
7007
5842
1540
671
8510
4884
1202
2527
3030
8568
9845
4998
5918
3482
9714
7204
9830
8218
2882
644
9767
7420
3033
5706
1896
7224
3728
3951
1550
6702
2910
7557
955
1754
4901
9849
1879
1519
1049
1877
876
6132
8076
4815
1003
7800
3668
5697
4012
4483
4190
5189
3362
1866
427
9213
1181
4590
5016
8765
6969
4194
4972
5286
4868
2119
9211
2783
8413
3303
9816
3025
1704
5418
2871
5120
8990
8343
6959
8737
5809
3051
5278
2893
6093
9023
4535
4673
6729
9369
1591
4110
9181
5394
4006
2227
6990
7215
2344
3893
677
9694
2835
2537
5549
3407
8027
6078
8619
2652
6968
7834
8376
8455
6089
2911
2026
4431
706
3849
1825
4158
4801
2326
397
7761
1535
5107
4892
9637
1809
7520
9329
8042
2494
575
5216
2311
7899
7086
9158
1051
7010
2813
6982
6283
7874
6062
6318
2460
975
2682
9544
7215
9770
9530
5900
9956
9387
2952
1139
2796
4666
7394
1814
9647
5838
4759
5477
5846
5549
5250
3315
1847
4850
3265
9823
7771
316
5793
7789
8429
2418
4663
4643
1713
2933
7933
6752
1470
1022
9463
5398
3481
5415
17
8616
6960
3462
5751
5935
4144
9715
4240
2487
6452
4186
7096
6758
5034
6460
2185
5388
1683
976
7669
965
5479
3911
4723
3852
8883
4045
9635
2810
5153
2603
4703
108
5249
1146
7201
1138
8313
9746
603
7796
2038
9056
9927
1007
398
2934
8027
6157
548
6476
7016
9715
1303
4356
6880
3299
7480
1947
6369
8674
9766
1644
5778
964
8103
2782
1897
6931
1061
8414
5991
5231
5058
2967
657
4175
6362
3517
8060
4389
6484
8794
4803
2176
5972
7488
7960
6763
8544
2444
6869
467
8445
9180
2382
9638
5765
3335
9701
7830
5895
2682
5912
348
7580
7300
2331
7882
5073
4231
8382
7689
8342
6846
5356
6129
689
9198
3519
439
1200
5989
9842
8880
4458
6239
1237
7284
9760
2152
599
4286
5221
6012
2627
3296
1095
6329
8361
3315
2089
1894
8103
9755
9358
6957
1540
1305
5764
7011
2154
779
7099
4521
8846
5118
2208
235
5276
9860
2363
6309
8739
5312
4305
5910
2683
7997
5719
572
4046
3614
4228
8671
7626
7249
4369
5002
18
7469
3967
739
8827
7995
5189
9452
1962
2881
3125
5874
6168
6152
8714
1603
9823
8543
3073
5725
355
9896
4160
3105
7920
785
7127
5622
5403
8909
578
633
9000
8961
5336
8162
3816
3499
9331
7186
4925
6475
9324
1145
2572
3446
2
7221
8396
8239
5783
7092
4097
5030
4727
4202
6624
5181
7830
350
6863
7813
5845
7983
7771
4568
2529
6996
6644
3359
3160
3872
9497
4563
7000
452
3372
4528
6710
9823
7697
2486
9352
6753
9704
489
5456
9901
6917
601
1541
2716
9096
9532
1471
9390
9662
1030
3983
9180
3875
2987
4281
9449
9074
971
5711
9175
3804
7868
1995
3189
6688
6694
8616
6598
6364
4327
1870
7933
257
3702
9896
2068
2188
8837
7908
4668
2198
1056
8566
9567
9066
2307
8409
1057
3198
8311
2787
8085
2912
6428
6884
2684
6942
8883
4827
6328
5090
3202
7621
7583
7224
8091
6099
5114
4542
5142
4966
7037
9751
5914
6138
6113
3051
4987
4604
2909
2799
3389
6474
2020
3084
1414
2901
8935
5647
1266
2037
9467
7196
8656
8762
7861
1824
2858
5098
3554
7554
3650
9547
131
7012
6999
559
4342
860
5319
8695
1872
7193
9742
9606
982
9029
2765
7459
9034
9526
86
2122
5378
576
995
5488
1365
6555
7415
752
8703
8876
9836
1511
4260
4162
4683
9544
7089
7200
4699
493
5998
7218
3056
1068
4687
8829
9301
3969
2490
8536
6228
9453
9363
3441
5585
7515
1986
2781
2807
7099
4118
5840
3290
6941
1972
7317
2620
4139
7575
3979
7515
147
8635
3756
2759
6032
9541
7146
9137
8244
2810
9400
9487
7988
1456
8435
6621
8688
2769
9164
8237
5661
2379
9362
2991
6977
9349
3376
3787
2459
333
5457
1227
44
5484
8763
950
6678
8106
4271
6103
7855
6542
2700
92
8818
8718
1514
1546
8866
7621
5386
8670
2396
9058
5303
5727
4856
2845
4744
8351
2923
4772
9206
2207
2205
5604
6277
354
7106
7363
2608
8314
614
8890
8853
4703
2842
817
7674
7550
3286
6946
5707
7774
6906
6255
770
8525
3109
895
4801
7849
1
8371
1870
7531
4057
6055
3084
4062
5207
4996
9954
1806
5886
2323
1306
7899
5793
9916
4968
2220
5551
1468
644
2624
1420
8725
6119
5167
2621
3087
7838
1200
9439
4124
6142
2660
4164
8730
9508
2543
8603
2577
7623
9031
4075
3388
4013
9908
4732
8580
8071
9112
6209
104
6585
3880
5686
7945
1898
6840
2659
3042
6916
2437
4122
1525
9017
1292
9987
9999
5266
6088
5776
5838
6069
7001
15
889
7075
5359
5949
8205
4858
2885
5905
617
7182
2315
4204
2159
3247
2156
9243
1547
4423
1215
4134
4383
3970
5704
1945
7021
8954
5342
5868
4670
63
5704
4416
9439
319
9088
5289
7227
3223
297
8707
3251
9974
4333
9506
4491
4778
6847
6250
8126
2442
5040
839
5825
639
4797
6810
4149
8272
5509
833
8326
2185
3463
146
720
4086
7562
7988
2818
8321
5223
2713
7275
6550
5729
1420
4336
1968
3765
7555
1791
4754
6972
833
1070
1380
3437
8347
4125
3751
6879
852
7642
5879
813
216
259
5260
5602
3761
3989
9117
2371
8954
5907
2530
796
493
2227
5731
674
3803
227
3363
6008
4728
9145
6963
8573
7151
9495
9572
7155
3994
1517
8701
7531
9670
9881
4149
4939
6822
889
7117
3137
6743
2401
2029
2369
107
1624
809
8346
2917
2877
3824
5623
8511
8871
3745
4066
8811
7866
8827
5491
885
8661
543
8326
4705
4056
9316
906
9254
2930
6295
3797
38
5321
60
8165
2873
3235
3685
8337
6053
6801
1454
1358
1628
940
9155
5806
5730
7255
463
1171
7162
5348
4754
3442
5564
5442
5965
4610
3092
1220
5197
6787
2954
2269
5762
4411
2890
1800
8907
7419
7424
9268
8224
209
3042
620
1228
1911
9033
2708
4197
6712
7532
6687
1529
7907
9499
1614
518
8648
2934
7939
2949
6079
5336
5651
3700
5768
8643
6218
5760
5213
2265
409
9596
7299
8612
8442
9296
1439
4259
9364
3584
998
6545
2010
5143
301
7507
9229
1441
3711
894
4610
1906
3885
3971
5806
7622
7951
937
382
6166
3193
9493
9780
2036
5177
2679
4219
4131
892
1604
299
6117
3200
6380
4712
5218
8276
5592
4789
9923
8860
3042
2854
8920
513
4672
2659
9708
8533
2286
1000
7411
5828
2631
409
476
390
7568
6339
3833
7473
9009
14
5944
9563
2416
9054
5470
892
748
4601
7615
2562
4532
8499
428
5551
2706
149
1337
7741
5943
7884
3386
6866
6243
5677
2809
5518
4337
5206
8231
6353
3565
3632
6445
8138
291
4801
2029
6890
662
509
1642
230
8921
7229
4256
2203
3277
120
3810
3660
24
9469
8894
8568
638
2867
7967
2951
639
4791
5375
1186
8349
5269
9079
6386
9783
4482
1828
1408
4343
5782
4792
636
7125
1831
7274
4841
2118
4400
3418
3910
325
9856
3302
6088
7611
495
1986
466
5358
7388
6551
1319
6756
7649
1963
6854
194
1208
680
2419
3781
2039
3788
2471
3260
5574
4093
9582
720
9986
1878
2670
5537
6490
8179
7639
7167
9478
9413
9510
9282
5527
2562
2259
1318
889
1196
4651
5382
5317
476
2904
3011
6468
1115
7083
130
702
5389
9964
7904
7008
1114
6760
2914
4076
6186
2378
8797
9963
6349
9860
8094
8989
164
1900
8136
5232
8271
8532
168
9951
7844
6257
9014
4674
4793
413
8890
7651
9038
2952
1689
4273
9754
3545
6459
3485
2880
547
217
5650
2477
6867
3288
3441
1793
933
1453
5658
1048
3782
1932
5336
2052
8388
2737
4627
5353
289
6474
1273
7220
9095
3727
6758
8569
5189
5439
9711
5415
9463
7960
8239
9322
4261
5267
6057
9902
6322
1833
5036
7290
5060
9926
5636
3296
8579
2889
1661
8064
8202
965
8595
1876
299
6743
2453
9387
8255
7315
8471
3109
7291
9886
8551
5608
478
2610
1815
4461
6135
4482
6441
8122
4691
5194
57
365
5155
7153
4692
6001
1165
4606
1830
2352
8121
9252
209
7542
8844
44
9977
8541
9825
3197
7773
1546
435
8123
3136
2628
1207
2233
7541
7564
3622
2796
7321
1389
2617
3469
7130
130
5213
1114
8326
6126
1430
331
2462
3196
2127
2444
5113
5235
6959
8971
4309
3062
9991
8208
1144
1318
6280
1268
6980
7524
4178
47
9001
2086
9112
1314
3365
6709
3583
750
9415
6993
6468
3679
2625
4450
4717
2184
5835
8332
8503
3948
1011
349
6815
1862
3907
2071
3373
6086
2827
1701
4667
3545
3517
5323
2547
7763
6536
5230
3830
3212
796
1869
5481
4308
3564
4731
489
7108
7282
1146
8751
4371
3292
4486
7455
7457
772
5179
170
1796
1133
1987
2004
4780
3449
5472
3520
8965
4456
2738
5847
7481
7226
7894
1127
1007
886
9260
2888
4436
5875
3779
3226
7908
6675
1203
2698
8325
5568
6918
6995
6481
8446
8500
9025
5486
1760
5849
8641
4507
2359
8933
1781
5705
6037
8833
7828
6835
944
2153
2573
1292
7234
3834
5803
4916
893
824
3732
8710
2251
4412
3260
9121
9843
2106
6167
5345
5928
5531
5148
9081
6507
8219
7541
1456
4017
1904
4306
4453
4480
5301
4125
400
82
3907
3688
614
4108
3611
2818
9592
3065
8882
2633
8537
7263
457
2298
7418
851
4664
3332
8804
5432
5495
1738
145
6770
5801
6711
1368
4985
7077
923
6291
3753
2946
5332
1886
3814
5726
2184
287
1853
3819
2142
5996
2550
6647
2749
8765
6150
102
2956
7663
400
5246
9993
6514
6971
8063
5637
832
111
2685
7324
1147
1545
5195
4450
5121
9614
6150
2841
3438
5292
8971
5408
6143
1612
5830
8261
3374
7652
8584
6426
9439
2457
3299
5477
3462
1329
3766
6434
3730
390
2576
5236
6682
6743
3138
4280
7731
9033
3270
1498
6859
3050
3590
9937
7941
6934
10
2069
6513
9618
6722
657
6103
7862
7548
4131
6880
1976
8034
2593
3154
3699
1699
3526
8246
5559
732
5097
7063
5338
5123
3054
9576
2091
1968
310
9474
7559
5257
6018
570
5749
6520
4757
6284
5516
4858
6119
6550
7508
4455
8645
9282
5401
4794
4534
8737
2604
8748
6697
5697
21
7553
8362
6619
851
2830
9891
2635
3907
3428
6703
557
1743
1470
874
7504
1837
9652
1828
1146
2920
7322
3572
6824
3165
6296
7065
2032
3292
1350
364
6965
6478
4131
2977
5174
6741
882
2204
9908
6287
7410
1585
3677
6772
9129
980
8490
5055
3260
5998
1073
2842
2477
881
9112
6513
882
6483
1511
649
9374
9446
3080
233
2238
360
4078
2454
3170
8006
9279
9181
8837
4059
448
7322
5899
3991
4171
2229
5895
7338
943
8252
2934
6496
5829
3067
6603
1287
2810
8120
2952
363
5374
6587
7254
3234
6567
9370
7713
259
5714
180
6626
9570
9064
883
1258
5174
3721
3924
2104
1676
8936
1091
7560
7908
8083
5743
7033
3145
2493
8540
2728
6815
5385
344
1966
6820
821
8821
9523
4808
1697
8325
6365
681
3899
7428
2169
6023
2104
7151
6004
9655
400
338
7367
4659
3591
2047
7757
6110
1892
2875
2179
8886
4288
9314
1387
98
1068
4923
5260
6122
2447
7926
8489
8469
2779
9921
7068
6285
9115
5834
7423
800
8203
1647
3927
4800
2852
4465
4590
5770
3218
1351
3931
4404
5988
8959
80
2591
2832
5391
7280
3451
7632
969
1915
7594
8397
7069
5447
4700
2070
8729
9581
234
8397
2908
797
5263
8142
1048
6126
6512
8141
8949
1910
9917
8571
7282
307
7423
6037
7446
2420
2881
5865
5941
8342
4043
261
8766
6063
4601
446
273
