3348
9586
8126
9119
1390
4977
4285
231
7519
8890
7386
301
4220
7393
3383
3284
2305
8872
7261
2636
5786
6589
7514
7340
1557
9185
4553
4939
5970
6979
2508
9311
2483
3930
3335
6397
3446
1201
2988
5294
8236
1469
3295
2898
9157
6923
6454
2174
9354
5204
2703
5137
7831
7874
5198
9621
8019
380
4609
1777
6909
8733
2289
3339
8405
6563
1335
1419
1732
8564
4713
5210
7545
2635
4784
5049
8272
9295
8071
8255
9825
7060
6914
5530
1027
8891
9257
3590
7131
356
7071
1387
5749
8149
8867
4000
6893
2962
354
5854
7963
3612
8215
6016
9529
7063
4993
2678
3442
2642
9359
4553
8280
8091
7066
6393
2194
9787
7919
8930
3344
605
4775
4636
4157
93
789
2465
1456
2091
4604
8218
8735
6958
8251
3331
4144
181
8374
3997
9197
4553
7761
4354
9252
6494
7083
5395
3016
6184
4325
925
375
3403
8830
9370
9129
1978
940
9315
6818
7329
6585
8435
2132
2990
5496
6071
948
5066
4226
6706
7302
9446
9361
9101
2856
5008
5657
7515
521
2229
4686
667
9412
5568
8262
3815
8253
8625
2907
6665
9478
185
8221
1420
6654
9969
9282
5776
4599
2170
7163
1304
7154
4623
4948
1966
1226
4614
5895
7079
3369
486
175
5312
827
4083
7636
7015
5229
3060
9431
5927
1
2950
5227
8427
8497
569
1326
8915
7358
4392
787
5044
8292
9382
9758
7146
283
1732
3579
3993
2941
4943
6123
3297
5807
8902
2315
5408
7598
7657
6259
7617
8727
2380
8424
5522
3730
3755
5919
1971
7004
392
5599
5642
7792
7409
1553
9284
4914
6412
5031
742
6584
7204
3190
417
2308
8445
8049
68
5538
386
5251
4092
6859
5969
2745
8070
3540
9804
1114
6932
3638
5952
1059
2926
9770
7634
6035
9440
1361
8629
5616
2642
8493
9448
7605
2629
3632
8765
7385
9976
9359
3173
9372
8794
2866
9110
3312
2347
6139
6654
7186
3211
3664
9921
8228
5652
8823
2015
3160
8611
6669
1777
6907
6144
2626
6929
8907
9968
6853
8089
5686
7840
4408
9828
1393
7618
1423
6881
5570
6804
6203
6711
4459
7947
2653
8354
3732
9903
169
5434
2803
496
6297
8052
4346
7702
7834
9938
9469
8694
6584
5862
8702
4768
5489
805
5431
4885
4024
9286
6003
4934
4744
4969
986
168
2690
1204
1736
9956
3734
8873
3096
1691
5946
5507
1954
2438
5978
6255
9630
9275
7644
9992
547
1835
1534
1051
1249
8745
2255
1113
9735
4261
7334
6650
3234
5222
3187
3694
6291
7079
7632
5646
7980
4904
7092
8866
103
4325
372
1308
3794
835
4006
9538
6890
631
7891
7385
5987
8481
4504
5388
4130
1397
9114
7100
2168
8346
8755
8482
7915
7147
5597
2671
2146
8652
6730
132
2220
5223
6398
4094
9310
2131
2058
889
3144
7990
6165
5461
1362
6641
6152
4022
1160
3226
3687
5669
447
391
7975
5076
5267
6198
161
8447
6015
8089
8001
5662
1863
4607
555
9175
85
1950
4731
3152
5023
7820
2615
2466
1937
1326
8723
7577
237
2391
560
6567
3259
1873
1923
5593
3758
9386
2606
658
8101
5158
7037
451
2235
2626
7087
7964
6508
2265
4542
4331
4244
8063
2221
2243
4277
5050
1709
6825
9812
4321
6475
6280
7441
813
7114
8692
9138
5996
3961
4139
2955
7972
2321
1464
8091
9252
478
673
1046
1750
3719
6592
7403
145
5899
9806
9057
7420
8633
6955
1331
3148
8924
667
4357
3614
9281
5274
833
8800
4647
1040
6355
4121
9458
5472
781
4185
6332
1194
8391
3003
8777
7840
8231
2760
4325
4486
6762
1669
380
7202
3708
9980
3557
9683
5529
552
8732
1407
4864
3113
6235
3364
4321
7672
212
1472
6739
6373
2589
4411
212
8236
7721
9698
4798
3541
8431
8959
8098
3259
1945
6915
3812
8308
7435
5318
2035
5247
7486
2198
1795
2909
664
8523
4921
8325
2490
4779
7234
6987
198
1977
6465
7851
6970
839
1027
9535
2989
8797
3536
1265
917
7858
2064
10
8867
6199
5831
7800
3404
7363
6271
6622
3588
9977
112
9813
3657
4886
7919
9440
2234
7686
3072
7374
3746
5782
7753
2041
8628
8580
3909
1003
3028
6466
1202
2944
3088
8250
3768
2854
7978
2331
8758
4609
7875
5474
5914
5723
9253
404
5164
5432
4236
1447
8743
7384
3715
7281
5270
2950
7879
552
1911
2285
378
1656
9359
2795
6422
1075
970
7677
1115
3746
636
761
2999
5786
9913
7403
1521
9530
2078
4391
4882
3665
170
4509
7489
6876
4588
4523
5066
1597
8298
4188
7546
9751
3595
6510
8857
1205
8658
8817
4052
6859
2567
4012
2838
2933
4276
233
9698
5963
489
961
2464
8214
5420
8946
6289
9052
1008
7004
1169
3575
9105
6395
6857
2132
314
8223
8877
2150
6739
7831
4792
5563
3370
3996
7458
7015
5260
9146
924
92
6256
217
3336
427
5585
3162
5383
3540
2886
7916
8880
3994
8272
7183
6938
5666
4511
3936
359
4825
33
9234
9789
9717
1241
9310
8849
772
1895
7105
4802
4001
2313
1876
1839
965
1102
777
343
4889
4467
1905
6284
8026
2348
6906
3138
5733
8480
1526
3353
2082
1025
9415
3684
526
7367
3574
9702
8160
8329
8370
9529
5389
8679
3302
3946
4566
9030
2852
1204
2879
2025
7661
7079
6395
7896
962
4885
4739
8528
1268
6249
7269
8951
3992
3412
9689
1881
4087
1541
7007
1812
7298
5188
6948
3853
8546
7660
4820
5006
829
7427
1145
6908
3637
2135
5553
8968
954
1254
2398
4802
5328
9930
4182
7301
3563
4943
8363
8564
999
5090
7573
2479
2052
8745
6667
481
6318
8345
161
6153
538
4535
1115
9186
7197
3119
2784
241
7095
3610
9626
2652
7772
5888
5513
370
5059
4394
4359
938
6360
1746
7894
2395
8316
7961
8054
5093
8572
9733
3059
4075
3663
7910
7931
3470
6200
8275
6300
87
5292
2549
1500
3568
6253
6591
5522
6319
2437
8952
2930
768
1935
9048
9495
62
5214
2427
344
7534
5201
4324
556
697
4862
961
5194
3715
4843
3927
7562
2012
5341
4874
167
3075
9751
8731
6614
2130
2980
527
4847
6186
415
4679
5418
4188
3119
1745
4166
7296
6641
4187
3410
6886
4605
5871
1710
1959
9355
2719
8588
8871
2990
8526
7776
1849
7854
1433
1895
6830
2932
1792
2531
332
6334
8933
3220
3848
9890
9072
6243
7647
3519
204
1048
9334
2111
6946
3531
6844
1465
5824
6087
7193
2164
7285
2059
7430
8933
7467
1770
6600
6041
5906
7122
570
4974
165
6505
7798
6427
1692
4020
5727
4225
653
6193
9406
7657
6543
6916
808
2684
9868
7743
7000
3762
3682
7339
9982
7154
6599
2739
5459
3192
6855
7375
920
8276
1548
7902
3946
3231
7880
9452
3268
8569
3889
7891
1058
5934
7257
6734
8685
7287
7961
9913
9031
156
4394
3732
3365
3655
6528
3062
4180
8595
1588
6670
9657
5908
1756
8693
4330
2753
9049
6368
7746
3020
4828
8785
1669
4178
1141
8476
2400
7869
1914
311
7451
6134
2769
4475
2831
4936
2314
3336
7486
9905
1020
9956
1891
7921
6826
836
1063
2757
1826
1331
1453
5677
7298
927
3835
4185
727
179
6133
563
8307
3743
8215
2021
6666
6852
2623
4475
9754
5691
421
8403
3636
5285
7305
3521
1483
6573
8743
2639
5288
1034
4648
3762
9368
5585
9000
8023
722
7143
7440
5516
3177
5651
2784
2300
8970
5842
4795
1410
4530
2500
3006
8527
800
1636
2062
7766
5282
4901
9709
3588
4607
1304
8393
1661
2656
9946
3121
4113
8684
9258
9925
7982
1486
9657
9385
4527
8693
1369
8741
9890
4376
8296
6764
5832
1011
5798
343
3445
9987
3873
8462
3463
6202
7106
1586
8787
5568
6064
5930
3354
6486
6547
8216
1019
9688
7379
8806
1171
1230
3679
7490
4543
5247
5657
3188
1458
6691
8366
5448
882
9058
1507
6109
6460
3774
3340
265
1768
1451
2790
342
8327
647
6484
7068
1512
6713
487
9372
667
6506
7845
1063
4717
5914
7964
6777
2210
5441
6913
7013
1152
6612
1729
5854
199
3263
5688
6640
8079
7845
7504
9241
1595
7217
3057
1143
505
4407
6791
5630
587
5197
7234
1990
6735
2927
4358
5551
1850
1140
8274
6851
6292
2955
670
4054
4893
7617
3213
4988
9550
6194
706
2279
6266
3640
9503
8779
6978
5573
3161
5409
2727
4858
679
8852
331
4930
3321
9659
4369
9374
2598
4419
9267
9597
7053
4073
1697
8727
5453
801
3655
886
5808
8293
7416
2354
3714
3742
8518
2280
6127
5864
3956
5894
507
8325
1331
997
5771
8401
88
3779
1920
6588
6334
6364
2132
5577
5976
1061
3165
7731
5631
9445
9214
1383
7529
7009
9085
7442
3675
8130
2015
4375
1685
7300
5903
6189
1227
94
9470
5475
5765
7545
1445
5953
6604
3406
8166
1357
3268
3281
9920
3334
1081
2308
4528
5312
6578
3961
9796
7116
8499
6328
7468
3843
9694
6025
9146
9552
3817
9135
4840
4279
9291
5810
760
7094
207
4359
102
5926
2059
9789
986
1661
4811
7270
9882
628
3286
8144
5309
8256
7475
7119
5850
9183
3044
3401
1646
8849
9791
9470
2908
9665
3790
9586
3294
7870
3661
1689
4042
586
192
9325
4832
1822
2039
8927
4800
2936
8330
4328
1993
2050
5934
74
524
2000
1578
4120
4607
5782
2867
1838
2893
1636
4562
2463
6523
4879
3976
7801
9717
5932
664
6199
2854
9868
7602
8323
4775
8351
5072
7237
5614
7078
1321
3997
1176
8905
7108
3353
5042
9137
9271
1763
1937
1860
3532
5179
1362
3131
3476
6428
3531
4337
9430
1389
9967
5706
368
6646
9841
5517
478
4349
7552
2368
6073
8972
9713
1919
5414
8177
43
1016
7007
6002
9867
8342
319
6506
551
8951
9719
8021
7247
2588
3406
7107
592
637
1861
77
6403
1287
1672
1186
6338
2004
7456
3195
1099
3332
2997
8899
4525
5533
5777
6717
4350
1277
6096
8481
3391
9799
5299
7191
4663
34
8596
3935
7388
6266
3748
9498
5761
5664
7264
4712
3753
149
786
2895
7418
767
4868
1172
4524
757
4783
8602
2848
4237
2305
7940
5006
8255
4525
6040
9334
8646
429
7891
5384
7555
1554
4195
4944
8525
6092
7460
8121
4921
2437
4459
4978
8577
8983
8824
4909
6645
9438
4540
484
187
5000
5111
8311
227
3625
7644
5696
5884
8556
7251
6968
6573
7923
6763
5186
1953
6255
9754
4052
3618
6219
9394
1943
400
9011
3827
4404
5263
5010
3399
2830
6474
4856
2973
8622
23
1467
2725
425
3129
6693
6597
5102
3900
5755
9174
5420
5425
621
7134
9265
7622
5785
3514
7245
3456
5498
7112
4212
3495
2815
831
7314
1007
918
1099
6504
463
982
2025
8005
5968
572
5195
1873
4244
5613
3832
8947
8240
747
4115
9730
7831
7827
3414
7192
8452
3618
2748
7474
4387
9704
3144
2372
9293
7445
133
553
7279
4064
9834
8424
7350
6342
1673
2547
2681
8287
6597
7689
3042
1036
5038
139
7882
3997
9883
9836
5968
2831
7554
4209
4486
4690
1478
6983
6185
9897
6286
8292
7610
1499
6190
3542
2590
8022
2084
8616
4030
7155
2098
8819
9420
4836
7475
7041
7091
4442
2379
4205
8313
4195
8671
7094
2660
1569
814
8769
3078
3894
5531
9838
6310
2731
104
5715
3596
7168
8848
6357
4745
5710
1953
7206
3873
5368
5557
7544
1046
6543
1132
5535
2450
7716
4679
9076
7616
9497
4819
837
4408
1681
3215
8730
6469
7270
4156
1315
5893
8073
385
8014
9692
6643
7048
3748
2693
4938
329
4211
7463
1488
5024
6310
7455
8150
8317
4528
6896
9693
3640
8007
5012
6029
4447
6477
3165
1070
8366
9339
6620
7748
9738
9318
6045
8920
7306
7779
8509
8992
5554
3638
634
4417
9805
9526
1285
5563
4646
6829
7270
7395
6595
5308
4077
702
3295
3323
2368
2936
5427
317
8982
1573
8480
7057
3006
2639
7275
758
557
9390
3253
4998
1010
8629
5606
8835
1128
585
5270
2192
7559
8861
2520
2454
1719
6600
2067
1782
1187
8600
2510
3022
9558
5488
9607
149
4868
2013
5695
512
4151
7926
6454
8487
8101
9714
2207
2674
8474
1699
5296
8028
1912
9168
3001
2234
1335
9872
222
2885
9626
5634
4306
2418
3824
3850
5714
1699
4628
4246
3451
295
9298
1790
7209
7516
133
1162
1725
3381
610
6413
953
8630
91
1535
8812
5820
9985
3001
7829
1402
8393
7113
6421
6350
889
182
630
3633
9040
173
1985
4733
3087
5737
9937
2570
9864
1538
8098
9489
4929
5292
7109
6210
6341
2720
6515
224
6311
5159
667
8377
9860
7747
9050
5236
6436
1832
102
3251
7757
6343
9159
728
2052
2428
1923
5972
9040
2317
2244
2058
6029
2563
8279
2771
3498
4533
4628
794
272
1887
8805
9127
1423
2530
70
9561
5830
6581
1351
6940
9566
5897
3680
5115
8437
5018
4546
9391
4290
1873
3062
533
217
2422
2244
6653
2973
6963
5362
4094
9325
8500
4119
1112
381
2331
5707
6850
3666
7615
2493
9345
2585
5732
1696
6458
4532
8855
8019
4014
850
7296
5996
6292
9146
4617
8912
6133
3508
5534
6865
4881
2916
2954
3173
927
3796
7537
9678
897
7821
1533
6364
5222
6961
7759
2651
4424
9048
711
4154
2518
9604
6959
7322
9373
6275
8305
974
2287
3218
2969
2933
7109
3417
7846
802
4000
9862
3097
9092
4139
2905
2816
8807
9453
9897
8189
4726
1531
8962
78
9930
1002
8188
2802
8820
2882
7993
3553
6979
7966
6634
3338
8499
8095
9822
6330
6354
7872
6153
2568
5984
5925
5389
1214
4882
7053
1175
2929
6835
9766
1528
4225
1800
6367
3646
5932
3582
2345
5679
8414
4435
9686
7874
499
13
5892
1562
7308
9691
8179
3023
3552
7510
273
6234
7610
8723
376
6525
896
1848
4045
7166
8963
6200
6361
5630
8434
3149
4628
2425
6090
3569
3869
7852
4441
1609
6982
1534
2640
1727
2812
109
1205
3530
8597
3574
7256
364
6322
7041
5182
4728
4324
2502
3177
2686
8715
4544
2137
2132
2745
6236
9819
994
452
5741
8271
6026
4491
6432
6328
2851
544
9063
3261
7441
5683
1829
556
7986
2640
4421
2270
4599
2527
4439
950
573
7545
4951
4402
9575
9162
8699
420
9562
8162
1898
3227
7796
8597
1700
4922
5882
3362
7489
1098
4397
5921
5450
9451
1848
1382
3326
9110
5257
1906
7874
8270
8073
2360
5817
1828
9690
6061
4731
9674
828
1736
2197
3263
4843
6522
1197
4345
9737
6791
1823
9761
8196
8322
5465
5816
675
6055
4160
808
6082
2161
813
8277
1416
812
5752
6498
7441
9508
4143
2031
4653
5277
1955
2256
4916
1884
2319
649
212
3106
6005
2134
7432
9081
2535
1943
8103
4167
6351
3609
455
9568
8668
2031
9164
9464
761
6367
1744
2341
6987
5545
464
3091
3272
7266
5153
4705
1230
9087
7950
2536
4503
6653
4783
1052
5511
7501
6039
6987
1375
7548
2682
5699
7698
9585
8281
4656
9696
1984
812
1091
9908
9500
2011
9358
8183
9688
9192
6187
9088
1694
1644
9117
3961
1881
8397
9934
2734
8573
8088
7527
2628
2503
9857
8446
4947
2110
8229
8681
6674
1801
8632
3250
9790
9370
3775
2467
6998
8952
9036
6720
9318
2122
9362
2771
7182
31
8980
899
7199
1419
830
7502
321
6748
5743
2453
3667
555
3970
5111
8497
1933
6423
9653
4763
1193
9123
3829
5400
6804
8369
2562
5766
5464
8755
9569
7756
9235
3721
5710
2574
9132
3276
3461
5244
4320
2296
92
1592
9130
5252
7677
8225
3826
7935
2610
4529
556
2809
297
3776
9553
5915
6439
7427
8971
804
3865
5125
4761
3073
6501
9440
5842
3367
3647
8359
9351
9696
5495
9283
4385
4801
3712
3624
3402
8772
908
8724
4647
3334
1059
7203
9139
238
6002
4050
8583
4329
1199
2062
741
6126
9227
5080
5587
1699
8625
1976
2981
4828
8187
6746
7220
4538
8435
9049
1898
7800
695
9191
3519
1549
7318
3190
8509
2015
9847
4678
6480
1205
4840
8123
5434
4518
9188
1738
1427
4051
7230
9585
2653
6510
7066
7408
3317
7206
5563
9640
6293
704
4871
4078
6983
9108
5510
891
4884
5729
8569
3411
7019
1533
5096
4560
7005
9260
7172
5723
164
3036
7099
6199
2100
6348
6697
6714
3690
5879
1595
9640
9665
1153
2128
7469
7203
2220
5064
8087
4620
5319
4446
1758
7467
8564
8498
1569
3650
4341
7663
2959
1916
4898
523
4782
5598
7401
1245
4443
9174
9826
4536
2207
6544
8574
9094
3674
1512
3500
1584
7870
6905
9255
617
5499
8884
8176
8811
4290
6252
5139
2137
3880
9742
1784
4067
5882
6559
8345
712
2584
1389
4747
6294
8879
7255
4491
3756
3398
793
9926
9985
6740
7167
4964
654
2604
858
5266
5334
8439
7025
1724
8198
877
479
1875
6214
9583
2154
6400
239
6931
5764
4629
6808
5005
8330
3708
5769
935
2682
7135
2240
9581
3905
9987
8577
2151
978
6593
199
2804
2563
7906
26
1551
2114
2279
5001
9969
3221
9394
887
3299
6558
7173
7266
2941
6237
3925
734
6880
9519
778
4000
637
1589
7078
8438
2400
4511
5119
9316
5020
6535
3291
7497
5476
5883
5319
5696
6243
6546
6596
7938
153
303
830
1529
8627
3667
9386
4080
7270
6397
5964
8662
4199
6972
2259
9761
2570
5174
673
9598
9749
5841
4858
2023
9344
3150
1928
9278
139
6085
2329
4342
5052
3004
4470
5568
403
6433
7552
6211
140
7735
1065
2197
1169
8781
7884
1478
8377
7993
8603
1740
5537
4644
7763
7416
4917
6063
4094
6375
2684
7508
9172
2613
1965
4935
4191
7949
3905
3739
5082
9947
1207
305
5012
4354
5325
8923
6775
1033
8562
9486
7440
9135
5846
9990
266
8416
9722
3939
9820
1184
4425
2482
8667
933
6994
9078
