5508
1395
6435
8324
5105
2250
9428
484
1228
7288
8857
5525
4645
5408
2543
2948
8613
3085
5246
7074
2887
8383
9738
7835
5811
739
4162
5780
2869
6893
4790
97
4780
7813
6886
912
9407
3915
1590
8421
762
8488
3389
3603
4278
4722
2029
100
374
8764
2685
5845
8253
3160
9921
8161
1934
3482
8171
7801
2459
3786
7883
7340
5935
1941
9266
1145
1351
6465
9556
7182
9002
3323
7420
4619
7418
8751
681
5096
9843
2371
6934
4288
1248
2241
9224
2505
2285
3199
1616
1377
8646
3900
4432
5959
6207
4953
7675
6290
2973
2465
8308
3074
6913
7622
2296
1633
869
6570
4152
3414
1359
6872
9967
6470
3042
3325
1570
9895
3652
1173
85
4578
4555
2198
8938
3412
6016
7971
7764
2290
2101
1678
938
6838
6594
8750
5142
4394
1243
808
8157
3632
1758
7005
5226
1499
7897
2720
8979
3998
1416
6402
9533
5727
3148
4924
3660
136
967
5640
4754
8634
2179
9597
9320
8269
4754
4965
9482
265
9840
5836
6957
2026
9621
5111
1484
1268
168
287
9616
2163
2525
3961
2110
492
5886
9203
4906
6310
2983
9596
4809
5311
8955
6081
5940
3436
773
9008
6440
977
6073
2411
2218
1753
9160
1034
3545
4819
1538
3517
6956
8905
8566
2845
890
9102
7317
9054
6968
5075
5925
4916
8892
1878
1137
4862
4913
4423
4702
5843
2932
5016
7736
2343
1002
5361
1258
9002
4708
9406
8797
7166
2715
5669
8744
3604
3462
8599
1893
7889
3387
7283
8453
5522
7281
1425
2505
5993
4163
6258
1617
34
4209
7713
4418
2455
1297
3654
2672
1419
8787
7351
5612
8375
7377
7611
6470
3680
6997
6173
5779
3777
7621
9737
6905
3642
9258
9382
7048
3749
3279
960
8611
8224
8804
5217
4924
4908
1393
2475
3453
5857
3880
420
3906
172
9891
3951
8693
2422
3117
1043
7233
4018
237
5226
8952
2562
764
5320
4608
5591
632
3238
7320
3011
2417
4282
7016
9404
3040
5845
9702
9904
5704
4584
7349
8576
6724
4532
9656
3930
9776
1197
9285
4119
4420
2266
3732
9901
4523
9723
8742
7522
1586
5191
4499
7454
9611
6881
3883
6475
3969
663
894
1100
3494
8647
9032
3495
6569
1710
9284
6736
8355
447
7329
6212
1792
7580
1826
1487
5290
4579
4142
5914
6913
1720
7192
2740
2568
8747
2922
2636
553
2230
9018
7432
4776
1510
2207
6053
1572
211
6940
2268
5882
7629
1722
4573
2900
4645
3477
3867
6767
5285
8029
4916
7834
3997
4188
9195
3306
9211
3943
8275
5242
4166
8510
7386
4336
6807
4269
527
8811
5141
2389
1090
1640
588
6245
2343
1524
7672
8529
2007
4572
1908
8405
195
1136
5529
6531
9621
6358
3093
7000
9413
4138
4554
7181
1492
5715
4432
1096
953
7345
6089
4963
4278
8915
1486
8852
2774
4741
3547
3676
4677
758
2579
9116
3804
6455
2641
800
7751
9631
9293
9631
7605
9468
5544
7003
9915
5141
1316
5443
1398
8347
6674
5464
5275
5581
6905
6413
2364
1258
5552
8711
5034
9920
9080
692
3618
6340
5657
2264
8085
4779
7912
82
7239
1125
1057
8589
5060
2569
2615
8530
9146
4331
3829
1563
9591
5371
7376
1731
6896
7271
9515
105
7130
7792
1718
8130
6473
7530
3684
9038
5427
1980
2184
6291
4752
4056
7020
1062
1969
1397
4045
2985
3305
6871
8886
5102
9564
6096
8999
1033
7459
2480
2689
1683
313
2248
7345
8923
2358
6909
1863
4231
9461
7191
5299
9096
1587
4841
9691
2795
4823
1755
7322
6140
1737
18
7448
3846
6976
5026
2738
7269
8443
1866
6934
9116
6731
8685
2206
2609
4060
1377
5862
38
1727
6384
2027
9316
6245
9404
9219
3072
5690
7888
4051
1983
7179
9249
2016
5014
4373
7443
6613
217
7404
4792
46
5973
7796
515
7791
3290
2464
7803
6133
9008
7637
2251
3478
6346
5609
9094
2247
24
1134
8167
4474
6294
6165
6119
8930
7970
8704
9656
4757
5243
5945
6222
444
3589
1864
9438
5178
7305
5
542
7527
8888
7242
9787
3016
5232
9012
7898
9740
6792
7558
5670
2917
5717
9834
456
2401
1279
8261
2613
8421
6974
1542
1745
3653
8030
5339
961
7090
4817
5183
5518
8800
2067
1988
8805
8819
6057
3337
7084
3862
307
1576
4911
5383
1089
3887
3544
2178
801
1112
4301
1016
1622
3207
1876
4028
3444
6064
6865
6427
88
5363
9856
3701
4005
2917
861
5036
3705
2748
1920
2776
8302
1942
87
4660
108
4215
7084
4521
9451
3069
182
772
1526
7969
8411
6391
892
2717
8322
2521
2129
5908
2790
7482
8961
1219
9463
8632
3588
6626
9467
7207
9884
7334
9474
9472
1435
598
8551
5049
8818
792
6866
3645
3748
3080
2762
9255
9770
2964
680
5872
1343
8679
2950
7699
1067
7520
2807
1994
5853
2254
9264
7751
8802
2042
9572
3840
8258
673
7869
8551
6217
8205
1126
2901
67
6335
1750
2563
2017
8443
4182
8597
5480
383
9620
7731
5528
9873
3440
7717
3802
3829
4275
7467
2163
1288
8928
7782
5989
3851
483
4183
5237
623
3094
1793
5495
6586
5506
5245
3509
3092
1890
1595
8991
2177
4146
9999
5980
1434
9639
9151
7134
1626
2025
9816
6436
4322
4539
7288
5785
2681
7020
3292
3737
3140
9253
5606
900
7902
6354
7978
8235
9252
830
8373
760
1824
6966
6491
3738
1295
2768
3932
5757
3969
5861
9170
536
3501
9689
5625
3008
3342
3260
1563
6154
8606
2456
8551
3326
6622
3450
8733
1415
7935
8462
5593
646
6160
8548
5338
4279
6900
3519
5166
5723
7471
2891
3020
8212
7629
1662
2157
9887
5343
1975
6487
428
5283
2547
4632
6777
1118
287
6219
6348
8745
6968
4730
6287
8950
5950
2817
2774
5965
3319
1963
3836
2775
4752
4875
9275
1142
8189
616
2043
351
1426
7526
2193
9493
8602
3357
4217
4451
2420
4104
3855
326
5550
3293
2230
7973
8586
8820
3211
3630
9213
1253
9924
2222
454
8978
946
3100
4588
6766
1094
7522
5856
5929
8880
5241
9073
9418
2866
2560
6302
8792
4499
4106
1510
5268
7695
8577
8907
7622
4812
9930
4725
1666
5079
9495
3955
6535
8173
2962
9757
2692
4790
5261
8869
3735
2011
5315
1659
8980
5304
4282
7391
2446
5293
3976
9330
8421
1950
7279
405
5772
4730
6279
547
4101
7433
9174
3675
3756
5823
8750
3685
8717
2269
7587
1637
6066
9414
8279
8381
6413
6447
7028
3965
6862
9056
214
5702
1762
6551
5474
6765
3513
7116
7671
395
5426
3086
2048
2400
2357
9852
4818
7463
8428
4145
1528
5749
3423
230
8841
2267
1163
1867
6995
8316
4350
5681
2982
6344
3393
3438
3199
7638
2386
339
6479
9392
6861
8218
6680
4424
5527
3049
6612
6697
2023
3124
6417
4536
114
9823
5053
3705
3297
224
5850
8238
7696
4163
9134
7802
3237
711
1241
9092
11
5046
468
4791
5611
8114
7555
6710
6342
1642
3142
8237
2881
8636
9618
2690
6190
68
2406
2059
131
7859
4781
2265
4441
8299
2240
1873
2370
6150
5061
2444
3752
2263
7544
2996
239
1960
2308
3775
7878
946
9149
4904
3407
3755
4157
712
248
2506
9482
1540
1413
4790
8673
2480
7404
8684
513
6081
4541
7471
8822
1536
1564
5034
7568
7035
1052
913
8239
117
9674
7414
5934
3534
7619
7895
6441
2237
67
3092
9420
4105
6651
1118
2105
6487
5998
4731
8773
1102
9816
6678
1360
9222
9964
2820
1024
3039
1656
3697
617
958
6583
7833
9163
8306
5843
979
3159
3365
1540
5223
2127
3902
874
4703
1833
4259
7315
6636
7488
3563
7593
5744
1320
2290
939
6712
8140
5
4438
1949
6613
525
7616
8576
5353
5514
4257
674
1933
6756
847
5430
2312
9686
4420
318
8518
5079
9070
4530
1270
5661
3619
9087
8689
182
8686
7419
4183
3841
2763
4855
4680
9591
8250
3886
3435
4552
2083
7338
1967
5023
7623
3574
1771
1495
7519
893
6564
4775
4900
1361
6203
5560
8138
3736
7392
8520
8121
7713
2375
9415
8857
708
501
4079
6249
5032
9591
1297
796
8494
1263
8889
3266
7594
3165
6099
4302
5650
6038
5751
1513
2014
1347
5680
9938
2639
1576
1819
6735
9405
2031
8651
2181
3417
7440
3049
9057
5793
8112
4056
4625
1026
5620
1815
2801
1815
9680
7791
789
9503
2704
9196
9264
3325
705
1641
4223
3897
1069
5604
6470
324
7154
4736
2420
2152
3566
3161
8485
9758
4585
3667
4148
1017
1471
8571
4859
2512
7129
3359
9481
5705
5542
89
8926
465
5851
38
1798
7608
7828
1365
6223
7577
8373
4267
7545
2311
467
5220
9674
3954
520
756
9163
8601
6870
8523
5890
9866
8411
4966
6156
8821
6973
4258
6599
574
9827
2284
6665
7825
2496
2676
9793
4464
8973
9152
9336
1496
7697
4493
4515
4290
5823
8096
2888
8693
6317
7194
5323
1640
284
6538
3284
9989
2329
7548
1982
8986
895
4703
350
6585
1958
2389
7150
1919
6972
5507
5605
9521
2670
9464
2181
850
2724
939
33
8497
1014
2797
9561
5951
6143
5213
5635
2655
4861
4074
4792
8358
257
6323
4760
6690
1465
2746
6682
7111
3191
8664
4597
9780
7118
6250
6820
3365
4713
1624
5257
7249
8392
9974
9489
3059
3943
7124
8863
6806
2573
368
72
2985
446
2107
3403
2114
9645
8473
9835
2126
7122
7058
6906
4647
8996
373
1411
7359
8819
6637
2788
4617
2580
1211
4247
1783
3658
7554
283
973
717
8610
9764
6004
6058
1181
3979
4315
2679
9125
5763
6152
2433
5750
5930
5885
7188
1632
3383
8581
2086
764
8198
9453
6736
2879
270
5759
7162
701
1676
3818
8818
213
6813
9214
3129
8603
4861
4419
3930
5235
9335
8681
280
8008
1367
1785
4611
9020
5444
6475
6662
874
6868
849
8336
2471
9307
7024
5900
167
6180
3215
4176
1324
8250
120
6399
377
9987
364
6523
9253
8202
691
8603
7467
5719
3921
9396
511
8173
276
8279
3146
6369
489
9831
7766
1698
8622
37
6485
856
6002
4618
4907
7277
6313
8048
7421
3315
7212
1373
1233
9697
493
7469
933
8430
9672
9067
187
6072
4276
9692
8290
8240
7305
6745
6240
518
9948
4439
9835
509
2518
5716
6759
3259
4243
5951
4649
4384
9717
8037
1067
2080
7673
4868
1880
9374
721
1037
7527
2534
9361
8459
9956
3815
5189
4091
2889
9100
7471
8039
3309
1766
5327
7378
5139
6264
5322
5298
8899
9662
765
6549
8165
7498
9691
3138
7305
1756
4626
2318
6740
3822
876
7783
5861
2009
3953
912
1814
3064
8186
4489
6094
311
7328
7610
2707
7735
9267
8908
6684
5137
4775
7620
2293
2132
4008
9501
5276
1773
5054
6624
9208
9250
1963
2643
8457
9403
7938
3276
3514
6669
338
8080
851
9188
2287
1997
3835
8301
1922
5376
667
4685
3318
2739
8190
625
8260
8983
292
6612
633
8810
4086
3894
5922
6292
3588
6879
2330
7156
4185
1792
394
4610
4400
2145
2863
7665
5984
9133
1274
4035
5955
7799
1248
1832
2292
9591
1378
629
5831
3812
5991
8445
6594
4000
9444
7439
3545
3019
1726
2459
5192
4052
9175
1026
7449
3459
1060
6473
5637
1260
7951
4217
647
7681
440
1767
7708
2696
8294
5979
7399
5443
2348
9919
2721
3010
1366
9686
4205
3233
2754
3430
9130
8735
4236
147
2913
8205
9010
5642
2766
318
2966
8631
4332
4113
6754
6867
2233
8344
8293
7309
9945
7973
1244
3444
5126
7600
1212
1534
2100
9175
9883
72
7011
4803
5054
5931
9629
82
6509
8311
9040
3718
1827
6319
5414
5866
8258
3936
159
956
8707
4495
496
1676
8762
3518
2757
8927
6088
8763
2050
9424
3403
1478
2855
596
2576
1100
4786
8616
5497
6116
7134
4202
5897
8102
8152
5056
6667
227
9699
7416
9555
6101
6786
4798
6412
4659
4498
1043
1969
7377
10
5040
599
8290
1291
4791
3463
7083
7969
3090
218
9126
2156
6747
7293
2415
424
5639
1939
6863
4327
2528
9066
7330
2177
765
741
7287
7346
7360
9545
8804
1074
8972
6516
5315
2562
6336
9639
5501
6769
325
7972
8481
7694
4576
2914
9984
6600
5732
6301
2377
5153
2599
4603
8556
98
4879
5146
877
7672
1449
948
2135
2812
9510
9540
555
2304
5187
7811
3716
5748
1075
5675
1111
7625
1211
6605
1724
4797
5705
5213
7235
3557
4130
827
4358
3017
7575
9341
9161
7144
6019
5511
8624
6349
9492
3885
7918
1561
9187
3615
7349
3328
1218
4995
1630
9840
2577
8561
758
5595
9420
2231
7540
1205
5349
5149
3139
4569
809
7507
1648
1607
7042
4630
3090
6424
5769
1601
9184
4146
6341
4656
4275
7574
7780
4368
4410
7495
565
6515
5092
6069
6512
3503
3358
1287
1907
4886
4552
3400
5609
1392
710
3800
2409
9316
3248
2963
9961
2182
6934
4366
4172
58
8164
7069
9887
1350
5790
9602
7580
1462
4392
4353
7001
9945
6229
1711
8945
3593
7370
4872
9100
1960
9709
4447
1277
8614
3935
5968
4888
8174
2964
9393
8942
7152
7147
6216
9958
906
9870
8070
7146
7871
6360
9505
603
3385
4957
8447
3922
1803
2587
8014
4452
5183
8459
9888
6993
703
5732
3940
7818
8383
492
7280
7484
6311
2155
7386
2525
3214
9967
1382
9954
2081
1926
6506
1883
6052
571
9213
8267
6943
6976
9389
4903
26
1476
2672
8827
4051
3889
2787
1155
8844
100
686
7021
4930
3914
2104
2489
4583
1892
262
8681
5185
5447
4671
7531
3900
4035
4460
1808
3066
4445
4091
8936
3275
8154
9634
9164
7479
8011
960
4408
4216
2032
8015
8531
6725
6890
5414
3564
5177
4658
9979
1075
7747
5487
3078
3953
2342
6903
5056
7780
5296
1622
1898
9403
8327
9396
2810
1403
4047
1222
4272
9260
9529
467
7560
9043
4774
9201
8344
2652
2681
6651
856
5459
8058
1538
3873
9680
4182
5550
2814
8733
9492
7598
6783
5700
3
2499
669
2234
4670
6310
456
3907
9762
6049
4459
2896
5270
1233
1793
4396
9001
2886
5553
8846
6826
3220
8133
9979
7936
8329
2169
6780
6634
8715
7118
4472
5073
5213
5822
3806
8265
7838
825
6033
598
5791
7966
975
5036
6703
6630
6128
7502
6773
9147
4072
808
2584
5958
5353
7545
8206
6597
4632
6071
336
9227
7833
3414
8998
225
282
6340
5700
1562
5994
667
2992
9765
804
8922
2303
747
8540
1517
268
3960
4004
6520
1604
7223
1275
5171
5488
7942
5555
6191
1776
3401
3773
2983
4145
6986
1571
7505
1931
8446
9458
9540
2777
2466
1907
8132
5317
9492
8500
7848
431
4622
5591
3837
8426
3870
2774
3635
8852
481
8706
9493
2816
9741
5015
6358
7762
4126
2269
4807
1798
7688
8494
1685
8589
5643
8255
5743
8885
485
9484
3445
3283
2465
4757
2380
4912
2973
2143
9102
4590
6137
5160
1310
9717
9979
1003
3945
6318
7648
604
136
2490
2925
6704
9954
9712
8387
3404
6782
5235
737
4969
7878
1500
5427
8305
4136
6712
6633
1353
694
7792
3490
5658
5757
8225
2775
8221
2130
9288
9396
707
7000
4444
881
9982
3007
1511
6575
5424
102
1154
7341
7678
8177
7517
3786
2208
2517
6520
7237
4904
1440
2704
6993
6348
8039
681
8772
2818
1063
5476
5038
8535
2140
8382
4263
9547
6992
3173
433
4381
1979
8600
461
9087
5816
4122
2329
8661
7657
7842
7783
3856
9537
418
1865
8129
1279
4705
6168
9804
1850
1383
7779
3003
904
9461
3332
7899
9273
3583
7631
2455
4336
1319
1653
2896
1473
7751
1877
5878
837
3019
3921
165
1067
3976
4606
3870
4170
9501
8053
3489
8785
2245
2198
7940
3487
6437
925
5171
1822
7400
3965
8500
2809
133
3672
6997
9231
7385
1840
5829
7056
7175
3768
6795
6692
8937
9188
1111
8683
1985
2031
963
5583
5120
2876
6550
8325
4978
3572
6629
6787
9269
3213
7798
4027
2468
9131
2114
3957
8036
4016
4598
236
6410
6608
8135
2494
4982
8864
2639
1303
2417
2428
472
3943
8302
5975
5876
9183
4240
6893
583
7004
9176
8245
866
8138
6905
9826
5292
8265
7131
2825
814
6701
3687
2316
7132
1151
2181
1893
6203
673
9728
5838
7299
5183
883
5485
947
4929
5011
8030
6492
701
2296
3992
7579
4201
7384
4913
4646
7102
9954
7597
6561
360
5444
5906
9901
3610
874
7351
4799
6062
4596
2795
5481
6890
7826
7009
2567
9230
5454
8697
7127
74
1734
7082
3734
2717
6197
3276
7075
9096
4334
5090
2851
2368
6708
4548
7184
5682
7272
8507
1502
4001
3151
69
2572
7244
7903
9864
3971
8475
8551
6227
4591
8647
3192
176
2246
5481
8276
3110
5481
3898
4514
3099
5687
8170
4234
8903
5033
557
5267
5459
7709
1279
4790
6384
2818
4360
6191
7669
3708
9611
9840
4288
6725
744
1458
2013
1249
8930
4393
4628
7996
5338
7794
2413
6690
9834
5452
575
4106
4462
3136
1573
4032
4220
8734
7826
5261
1412
5781
2652
7510
5267
8623
9699
1038
1506
8807
277
8585
9403
4712
4570
4014
9499
8595
1754
2551
7523
828
9279
4680
2712
6450
4709
5546
3499
5625
8541
5795
3251
6886
3857
1796
7846
2294
946
2671
6311
9963
8413
626
6489
3956
9372
5892
9681
9752
1064
7163
1801
1231
2492
2024
7153
6701
9541
4160
1472
3420
4662
4967
3273
4085
8249
3467
8329
1306
8063
1626
6156
5187
2552
5474
9103
1523
6365
9203
9936
5014
5882
9874
1425
4937
9402
2893
6684
854
6443
5462
4225
2779
1
2430
7194
8390
5718
2143
9327
2799
575
5941
7029
6274
1450
4250
3298
4967
3763
542
5356
2288
1957
7360
9263
2462
6397
635
3773
944
1451
7151
719
2154
6722
5386
8138
9214
511
5171
2029
6617
7878
6819
3479
5276
9239
433
101
1270
432
8361
2825
4442
8252
7976
9926
1042
505
8710
2168
2032
4679
8304
2896
6157
7788
3680
7565
2912
6677
5084
4694
8236
1191
1465
9700
726
5780
793
6973
3106
9864
7832
6763
5577
7347
542
6603
8697
8961
1874
4241
2905
7941
8460
9352
3495
1685
8885
6695
7713
8062
2398
7615
4892
7015
4361
7522
6452
2532
7207
2814
4912
3121
2255
8854
7297
6126
5736
5953
1591
6602
3891
1419
2304
7160
5656
8074
6430
671
5436
9180
5092
9613
9228
8940
4157
7691
7064
7571
4376
6971
5487
6587
4772
8669
3090
1006
4356
1154
4616
2077
9216
9512
6686
8716
2616
3172
7112
8299
9796
7790
6713
4272
4013
4166
9067
3184
3010
9812
1035
5324
6264
637
1428
3272
5154
2018
8422
4183
2888
6098
7875
1378
4631
2847
486
583
8965
4494
2384
9534
5199
4584
464
9479
673
4078
1022
3311
177
8809
741
338
9320
9375
9419
6954
2302
9666
8974
341
8001
1138
9516
2853
6178
1139
4463
1680
8476
361
6467
8760
6529
7551
7285
5477
9219
8456
9275
1982
7196
2316
746
1431
6395
8276
1783
293
5292
6369
9982
3884
434
8071
3144
5625
1539
5735
8493
44
5056
5737
1846
1276
7951
7208
3981
7807
9864
4296
5235
3537
1816
5123
9550
1281
5333
3968
6221
3964
3743
4021
2378
3649
4223
7395
795
4611
2335
2704
7044
4093
5174
1059
9420
7839
6046
4951
9034
7175
4323
8626
4925
8795
8362
1152
7157
3315
4811
1864
5745
5187
4381
8432
6182
630
2733
156
728
1670
4714
6114
6200
3928
3744
8537
7563
8149
9696
1568
2018
5602
5944
4555
1755
4369
3124
6071
5060
1792
2016
8863
2247
7984
712
439
4150
2592
975
2710
9652
9351
1417
6369
6334
4705
5477
9681
6404
6161
9674
5446
2408
1300
8924
8454
9938
1830
4843
9646
2653
9470
2361
1833
674
4404
7910
318
5743
9955
3594
6243
6611
8362
5246
2976
6968
6876
1863
7359
2958
5271
4207
1487
576
5618
9506
6327
8837
8815
3043
4247
5942
4928
4553
6267
4135
1957
6345
4761
1475
3972
5617
9225
2120
4930
7661
2372
3772
2285
3626
1909
6059
4508
6005
7821
6302
2366
863
9555
7946
3631
6864
7575
3746
4777
1348
5047
2313
6599
8438
9867
168
4421
8744
6363
5448
3
6076
8289
3149
9832
4226
9097
7552
