6645
682
2475
966
3933
6760
6550
7965
214
5621
9661
1929
2519
6096
8139
4947
5654
2249
8222
5234
9738
3177
6923
2796
9583
8623
7839
6397
8515
2183
1969
6221
9309
2905
5795
5761
3309
2380
5655
1280
9966
1925
4573
3088
4536
2672
1386
221
3331
8201
7205
2773
2293
9048
7116
9043
3308
8935
6579
6149
5896
2849
9084
7612
6351
2552
3938
1793
5716
467
1023
6239
3986
4002
1758
6848
6930
4560
9307
7607
1420
1476
2310
6567
3433
7028
2342
6670
8951
726
5050
6210
9847
3956
7051
1863
368
8876
8381
5929
8166
1585
2884
6444
5461
8465
7059
2142
6151
8324
5792
7814
2869
126
5764
6843
1418
7713
3038
9267
19
5106
8151
295
2003
7686
9136
4431
9139
2136
8951
9343
1991
5226
7433
2621
379
4790
5585
2622
9660
4672
6847
9917
3715
7578
5315
9079
6444
6579
3720
8598
4165
7261
1055
3223
8306
3817
7072
8618
1901
2738
7525
4326
7578
2450
370
2614
1433
7973
2732
1444
6357
4920
5034
3456
3545
1277
6073
2958
7522
1262
7993
89
9136
8140
7925
1080
1190
4947
9360
8955
7696
2059
2522
1729
4260
622
3555
7066
