4279
7911
2369
5970
2277
2792
5624
1488
3970
6213
2537
3097
4748
531
7858
269
5570
4766
3829
7104
5151
5638
3958
1882
9394
8544
2959
1470
9577
234
1075
7445
4364
9359
7166
2054
5750
9747
2203
8949
8797
4732
6656
4357
2835
2909
6132
5035
7077
6672
9249
4273
9840
526
4948
7779
3556
7182
3810
9385
849
7065
3604
5890
6974
8246
9490
3417
6984
5671
1822
951
5815
2814
8663
1396
2221
77
3519
7787
1623
6393
1878
2714
8582
6826
7333
6259
7127
994
7590
5538
1902
503
9952
538
6578
2159
385
1726
2913
1047
565
1129
2884
4048
1203
9835
5422
6950
9958
257
2334
4398
8840
9760
9123
7964
3178
9741
3983
3214
3537
7324
7572
4233
3739
3843
7436
3486
8080
8761
3573
7992
2291
3985
2536
4628
230
77
1050
9053
7805
5041
6604
3684
9771
438
6925
8121
5546
5719
9232
9080
7830
7979
8744
4002
2536
479
9519
6695
3441
5183
4518
6221
5276
2721
2871
1968
5158
991
9430
278
2185
8607
6374
350
8724
5856
9128
3172
2390
3843
6909
7251
7161
4868
4413
3528
6924
4851
5889
2318
4857
4051
2394
6252
3429
8399
5492
4455
6709
8324
3861
2197
2318
319
9952
5439
5717
9011
9622
8834
5013
1847
908
723
8222
8826
8551
8268
3067
8100
772
4744
844
1610
4964
3286
2834
4365
1364
5261
4313
8608
8539
9709
7279
3892
8157
7037
9507
6067
7997
8519
5577
4693
9327
2572
5626
8145
8059
2805
9943
212
173
1431
1262
1879
2537
9154
4758
7408
2763
4598
6613
2264
7405
8243
33
7444
9315
924
8114
2354
4992
7574
9990
8786
2315
7411
7759
9838
2683
8917
1863
1768
8463
1345
5315
5807
2091
3298
7638
2300
1389
2247
6924
5839
6126
7290
4007
4210
324
9726
3398
1142
4531
4532
6337
8594
6723
506
3778
8373
5213
6321
4685
8084
9392
2921
1808
2340
1728
4395
5397
6838
7982
8658
9236
7098
7714
4679
7941
9153
1988
5912
2452
9699
5099
5909
9485
7385
6141
7207
2055
7097
3637
8572
3805
4748
7666
435
8887
6893
8892
9136
3927
6496
3505
1741
9024
7484
6686
1518
9761
1654
4201
7999
2094
2844
1211
844
7599
5787
4219
8957
3538
3486
8981
9051
4780
8259
4826
1667
6045
779
4321
8247
9442
5118
1019
3163
8259
5545
6980
6243
2236
5029
9846
2358
3833
2853
8823
4702
8603
1884
5954
9743
1031
6264
3363
226
3134
7247
3116
2206
8439
6164
5189
8593
1208
7926
9120
8448
7123
6790
3706
5689
4973
1187
3022
2705
5578
371
5427
3455
8420
5360
3206
5492
9739
8924
882
165
8566
3251
811
1862
5095
6572
7611
6997
6157
6907
5940
7536
8019
38
7828
1492
5478
6706
710
6260
8403
2745
2196
7842
5519
5882
58
1997
9264
1598
5207
4343
3752
2082
2845
6913
9571
2086
7527
3093
4358
8528
8490
4672
7239
206
9268
7290
2907
2167
9569
163
1834
8652
7165
4796
5471
6608
5124
1343
2283
4736
2708
924
9434
289
180
9858
5437
2694
9886
9174
822
2075
8919
386
1635
5697
1072
3949
8193
5733
4293
6451
8641
8511
2355
401
6408
4500
854
2271
6433
2089
9455
5930
5853
3013
8133
1357
5851
913
6323
2731
1826
8414
8687
7532
1178
3171
1035
66
2251
802
8516
4582
3822
2006
9224
2820
1663
364
9925
6320
5700
4538
4828
7283
9671
5184
1556
7926
7263
1738
4794
1513
3917
5743
1670
1169
50
8809
3578
2380
6926
1553
3507
642
5667
4918
642
8650
600
3930
4980
3334
9498
2297
6157
1580
7100
3175
9908
9921
4383
805
3928
3044
9324
1296
3296
1557
7390
3174
9087
2400
494
4453
9542
5034
4662
6962
7668
4647
4870
8531
6265
981
9477
4442
9048
6904
8047
6142
2026
3523
1037
951
6752
7600
3923
9094
2128
5596
7394
8111
7024
114
3070
8484
8577
7794
1769
9631
147
5582
1918
7307
8150
3633
3082
320
6144
9308
1077
7001
8763
1118
5119
1443
9958
6464
4437
1765
9499
426
2722
1831
9329
3093
9282
9552
6904
7806
5490
6928
3873
2068
2963
5350
9904
3374
4846
6543
4154
5340
4657
7564
856
7576
5784
1022
782
1064
5494
7585
5109
68
5490
6850
2996
7150
7327
7278
6526
3283
6420
2457
7924
4508
3770
7848
8059
2257
8068
2203
264
2827
7592
5067
5752
4916
1899
2795
1181
8206
2140
654
8786
2332
8742
3413
1199
4273
7865
4083
2616
6147
8818
1295
5856
9723
7063
6053
6667
9389
4239
6970
6000
5822
7502
6633
9389
7334
174
8351
4214
4292
5032
9935
229
4312
4690
7651
8981
9409
371
4881
5354
4036
6034
5381
1655
6405
3261
9248
2803
9269
6501
4573
342
505
6598
6892
3421
4754
5348
8317
5021
7662
2048
490
4788
9899
3435
2401
5610
8051
146
9085
9607
4441
103
1936
383
1486
3808
895
2664
7663
9896
250
5820
2671
3748
2582
5642
2013
5472
9305
230
1554
3384
866
9921
2233
9267
8290
6227
907
4537
9563
4405
934
4517
5395
1803
8985
1749
8884
6558
6959
5662
1684
232
1461
1133
7613
2072
1289
3032
5544
3974
4354
7651
3626
8641
70
2991
2891
2723
8556
893
6606
5782
8831
96
1426
3295
2347
8671
3749
8137
8119
7850
128
9437
3855
7188
5107
621
5580
1967
3373
5856
9538
6886
6503
8231
4487
6419
7438
1214
2123
3601
9804
4831
8472
9435
6354
8336
4919
8899
5444
5228
7532
1152
2577
5903
5408
4958
3549
7083
1641
4185
1117
1880
6552
5380
8574
1353
2206
4515
1618
5225
9468
154
4920
4531
4166
5532
3127
1681
1090
5461
6198
5853
5987
8355
7515
9155
9869
8623
9919
7447
580
8330
9243
1923
9606
5538
7057
8777
1153
8084
8616
743
226
2651
9493
968
6283
3446
931
9174
976
6008
6656
1246
1599
8185
8195
8316
4217
26
573
1589
4961
5334
8603
164
6352
4723
7253
9100
7091
5864
9191
7116
6114
1161
5465
6032
909
1549
3116
6020
1301
1457
7012
7715
4868
8997
3133
4798
5290
1492
7227
6793
981
6225
8018
3823
9196
3036
4990
8197
728
3524
1408
8876
3039
2391
5798
8976
1567
7701
4294
4270
8884
5523
3335
3746
4038
8395
4011
7086
9938
8640
8925
1030
6210
1311
883
392
1884
9121
2208
250
9556
4765
7641
1516
2943
1162
8129
8636
6741
1362
3860
4184
2210
2387
9820
7693
8937
5055
1875
7423
5013
3139
6406
5938
6878
4196
2883
9524
6852
549
9519
3101
7323
2965
2645
6559
6500
4486
6190
4504
5955
632
5994
1286
882
1604
4345
6138
4305
3765
6137
8837
1832
48
7868
9551
7196
948
4261
582
8793
6956
2030
6003
5666
4130
9833
3977
3794
8446
9074
2935
2462
6043
7021
3517
1529
8442
3601
9307
7827
1729
6336
3124
1279
6859
3474
625
928
1395
5901
8626
863
3035
5667
6288
6892
6598
392
4974
1262
1334
3679
7742
8952
7647
3712
3264
6059
2411
2471
6212
482
7143
7660
8225
8926
3482
4091
4478
5822
7205
2672
6877
7930
2518
1345
1128
7164
9351
9783
8467
8492
403
537
7681
2711
1433
4487
7603
1771
2025
289
1323
658
923
8402
334
6200
3103
412
1352
9466
5054
8689
4906
6109
6608
587
2814
9896
7207
601
8747
8464
5001
118
9268
5678
2683
6967
5306
8542
4248
8497
6482
2343
705
9285
7986
5218
3870
1018
3604
8009
9154
4565
1549
5821
4221
7110
5479
483
8140
2946
1562
9533
8731
2377
4730
5585
5146
4772
4762
7608
989
7085
3422
1797
3405
2842
5454
7903
4284
8935
1638
8061
5222
95
1658
5470
2210
8087
3447
3954
184
4679
1125
3560
3405
6917
569
1188
6074
3504
9478
8492
3915
663
9763
2640
51
196
9080
1348
2108
3496
7026
2412
7580
7987
6630
3363
3747
6784
2914
6663
6001
1067
2143
4020
6613
4512
8675
4107
3551
8561
163
3071
1863
3188
2773
1309
119
9783
9267
8533
1459
7985
5195
8921
7577
3158
1604
6609
1155
3126
8908
2792
3386
1618
9948
2022
3780
172
4413
4635
3342
4011
8723
7525
6436
7864
9447
1054
9085
8760
4451
7046
3541
8934
1655
520
6082
6587
9144
4475
9735
93
4632
295
2486
8881
113
6770
2096
7583
9018
1447
4249
4241
8028
4385
7623
9335
8814
5241
5353
2826
7101
2218
6373
1210
5080
9213
937
4743
3111
2502
8738
7225
5147
1658
1675
7388
5472
3243
7037
3195
6256
7170
6773
9383
881
3288
2884
5525
5150
2833
5936
8738
8164
1910
9111
4755
7587
8605
4851
4637
7380
1078
8745
5373
6265
9508
2956
2550
9679
2311
3455
869
3393
9618
2983
5266
9223
878
3678
3653
715
6010
7044
4291
3420
3949
6304
4404
923
298
2837
1489
979
991
9839
3023
1302
4458
5901
5235
994
8999
5752
6177
7378
8874
1441
2677
5376
8598
3578
493
217
9033
8714
993
5577
9684
6612
3120
4438
2474
3601
9448
1720
4516
3481
5874
7637
6734
7601
887
7195
6034
7087
4771
3447
4639
4297
213
7042
3157
171
9375
1275
3696
5415
4209
160
5727
8886
1148
8022
4224
6973
1270
1784
5241
9771
3273
6667
981
8318
7847
7904
6346
7654
543
819
7539
369
6437
817
2303
6789
7921
3782
629
3261
582
1604
6273
5418
4797
3184
8416
8923
1869
9910
596
1928
8857
6140
1332
8679
8455
6260
852
2001
3257
2587
2588
8511
1977
6623
3143
2494
8869
9854
6362
3345
1045
7737
8207
8774
325
983
1134
5201
8259
2838
8775
1700
9927
5068
2222
7984
1242
2604
8851
9077
1380
3636
4717
1557
4582
9858
9426
7415
4336
919
5173
4376
5697
7172
429
3211
7465
7969
2478
3633
2284
9709
7
4692
2789
8319
1367
4061
5780
7386
1932
9541
3574
6400
8345
3257
8703
6205
2308
1766
3175
6212
3177
4948
4270
6024
5022
6048
8045
48
293
5857
6219
9357
5047
267
3192
8248
8483
2466
1450
2564
8611
5686
785
67
1735
6733
2505
3221
4672
3855
4460
8411
3547
7147
1169
249
2647
3478
8709
7881
2421
9603
6580
572
6124
5022
964
6956
3462
5347
623
7630
8827
7804
2411
8563
7128
4983
3047
4717
4347
4470
564
6206
7501
5055
6093
9067
4364
4708
7925
3856
6612
7581
8092
5246
3354
2593
1501
6527
4757
6948
2119
7770
4713
458
1302
1970
4865
2906
781
1785
8040
8509
7987
9425
9381
9190
5591
4131
4032
5820
3440
5177
4229
3394
4918
3541
7252
1623
5111
2597
2755
7833
8263
5726
5681
2373
135
6741
5047
5961
7632
4861
6189
1099
5196
7450
7237
1378
3026
596
664
7490
2140
3943
7148
9461
4758
7495
3887
1013
1446
1313
2419
9526
8434
365
4374
8112
3794
8400
6812
1178
9795
8781
8395
2834
9989
6523
4931
969
5698
290
3368
1627
3180
1583
3997
2796
3985
4743
2607
494
2605
1513
4571
9503
9997
2603
589
7023
6891
7622
8822
7616
603
6174
3433
3974
3857
9545
6098
1358
4028
8674
9763
8890
4339
2037
1213
2090
8219
9738
1815
1319
3218
3935
78
2136
9243
2509
9578
6680
4470
573
2760
4591
7979
1955
4425
9660
3171
3688
1382
7156
5315
3894
6046
804
9894
1997
4510
3347
8534
6163
28
4979
9191
1879
9857
1878
5248
9286
7632
6284
4199
9095
870
8411
4791
1697
4000
4072
9137
1564
3076
1553
1196
5861
6061
861
4410
6379
5990
5067
409
2118
3218
2855
610
9975
9798
2267
6449
4202
2740
2818
1874
5033
37
2407
5556
7450
9217
6429
93
1977
6542
7016
8858
5776
1075
5624
4401
5314
6248
2101
53
6503
9196
4022
4373
737
4082
9068
1890
8286
5354
8907
8282
8054
4487
9945
8742
6500
7282
3359
7996
1394
5530
1725
3250
3805
2213
361
9568
8135
8472
7991
7264
7483
1935
3045
5445
875
7066
6525
5317
4725
1525
734
3029
1380
5986
8020
959
3923
1156
5683
3602
3372
9674
1107
1159
719
7239
3733
2843
9006
6602
564
942
1893
8463
6743
2310
8343
1793
9507
176
9683
618
1309
8901
8997
760
5724
2165
8073
1374
8045
3123
9515
2244
640
877
634
1756
8768
9062
4954
8307
8848
9361
2265
975
2017
3052
7257
2491
6064
2983
4172
924
3788
7663
4558
3103
3173
9100
2716
4914
3776
7235
146
7372
9031
6441
2066
8409
5725
1509
3665
4597
1231
8655
3979
6244
5222
6331
9783
988
9529
7597
5285
4320
2864
6392
4467
5579
5427
9735
6543
7701
8145
614
8407
6580
4684
1102
2908
625
6657
2619
9205
3446
6005
4156
3552
2002
4491
6759
4243
4409
7379
3286
2129
8010
2540
9826
3464
5086
4042
554
150
9578
9539
7472
8652
5745
3363
6320
2779
9642
9967
9726
7515
3689
5862
6299
1643
9676
900
9764
4674
4900
6928
4631
1940
7070
7525
8674
9120
3773
2798
9306
1478
1014
9851
8564
1798
4056
9136
7156
243
662
444
8736
1591
9282
2886
8448
3552
7751
4340
7893
6600
1587
3206
8867
3730
431
8175
7580
4112
3789
5523
3418
7762
1469
7516
9608
505
4348
2871
3310
2809
2425
107
23
77
5605
8442
352
5380
7831
2831
3216
4249
9145
7303
7774
7520
7666
941
7284
6588
1600
8094
1998
9470
3954
5979
1167
360
5440
7660
1024
1792
7544
4529
4949
4736
7062
8148
2447
6730
5103
8298
6567
7640
9418
5145
9709
4753
8394
5075
4558
1016
2508
9953
5259
7231
7738
2107
892
1849
9370
979
7936
6444
9079
6321
7439
1205
4970
6217
3087
5430
4900
8617
1823
1114
9786
1198
4420
9705
9661
7543
2685
775
948
497
5893
1687
9817
5569
7236
1022
1694
9056
8786
7282
4234
576
1594
512
4851
9469
5814
2444
8377
9647
5389
787
797
8140
9766
1261
8636
2426
663
8527
5709
5106
9502
7980
3714
2624
4571
2716
8446
4455
6777
6100
4292
993
2456
6581
4023
8948
360
9745
7939
1777
5171
2631
5143
2278
3111
3792
718
1250
3886
8194
809
8744
2524
5170
7994
2637
3429
9894
7935
4924
1337
9784
8026
6073
9310
5447
3177
6499
39
2024
7062
2802
4774
5706
5085
6815
6379
1110
5525
9555
2616
3093
477
3800
5555
2043
5621
8316
9446
8114
1078
51
5047
5138
1343
9900
239
2219
13
3660
9370
1237
9174
6263
2714
6143
3794
877
4839
5060
9238
2624
983
139
4254
2660
7814
445
5862
2064
9186
706
2918
4593
5206
9524
9464
9085
2865
1637
5111
7284
2530
5117
806
1523
8483
5339
8922
4483
2383
9884
7668
8414
1072
1018
4431
2769
7017
9836
5154
6189
3853
971
8099
1368
5515
7940
1817
6192
2695
4489
3500
3824
165
4866
2859
9307
4708
2418
905
2116
3237
6644
8244
4096
5783
6852
2676
4660
9441
1818
8749
5576
5291
9553
2113
4605
4153
3061
277
9450
8596
4923
7390
338
1751
1291
9912
9922
9811
216
6195
9414
7344
6112
3674
7099
3936
7950
8993
5983
3633
5085
4026
6917
4336
7879
148
964
2916
9148
8241
4223
9534
2798
4867
6880
8875
3881
1170
9645
3923
816
9004
1276
4993
9138
8298
707
3343
9756
5402
4056
5134
6808
9998
1351
2527
563
769
2770
1809
9739
7761
898
8295
7623
1374
7484
5029
7266
3101
8847
8951
4607
7849
3914
1486
1728
8695
506
5176
4817
1828
6161
4971
5135
7661
4482
6046
1031
3546
4457
1987
9209
4681
1704
1205
7786
1747
7947
1850
2505
9244
8413
4741
9961
5196
5620
6459
7581
6037
1751
9007
4611
4945
8496
6332
151
7354
876
3007
6120
3413
1230
5103
6343
8188
3124
2938
7595
2342
5858
2685
7634
5237
4123
2895
1714
4619
2414
4170
878
4714
2972
6440
6436
9239
8151
2310
9458
5210
7558
3111
5785
2485
9046
6408
7194
9310
6299
9083
4077
9115
5524
2610
3873
3833
2028
1290
4862
1049
2412
5762
5589
4328
3341
1766
3817
6553
8332
1004
6823
9313
9431
4170
8944
5086
2339
6018
6311
1125
2080
9340
1846
2279
6228
4958
5675
6911
7460
842
8000
5018
4130
580
4088
7156
4399
5807
5621
9483
4033
9683
5431
5890
2736
44
9967
6596
4843
1362
5473
6019
8664
3873
4760
5836
7960
7813
1843
169
312
131
5629
7987
9860
4070
6875
4385
4582
4885
1390
4337
2588
4670
568
6978
6664
2881
4955
5372
5440
5899
8925
9260
3878
302
248
1936
7762
8905
5085
348
5708
5113
6553
3542
3926
2028
656
5108
1893
1229
9974
6992
2912
5697
3261
9060
2320
6637
424
3208
9816
5250
7997
6918
1807
5734
5961
2934
9096
4128
8990
4203
6611
1152
4664
761
6956
2233
2141
5985
4656
6619
8850
9130
560
6801
3338
6830
7007
5844
1769
5102
1734
7146
343
8195
3254
6607
8145
4498
6285
8910
3433
8107
1697
4732
4189
479
3146
9873
8293
7995
541
5700
3222
1157
4194
2753
5348
9681
3031
250
5092
3089
3757
9480
5855
359
1360
5452
4098
4664
3861
9686
7410
4944
571
7488
8141
6555
2596
9273
7836
471
8125
9834
2965
6308
4201
3670
4701
6164
1132
8226
6091
325
7475
3118
6375
7144
9297
4528
8241
1229
8163
9052
3006
6221
725
9922
6636
3700
1358
4948
983
9385
8630
9681
3013
8731
3673
8931
6684
4681
3731
9826
1379
8174
3290
2003
7381
7032
6764
3680
4978
9555
3021
4661
4079
6759
9954
9188
1246
9339
8188
7206
9465
7380
6540
2783
3464
6414
597
5629
2162
1333
7376
4012
7680
3664
3368
5176
9932
5963
2085
5057
4216
2496
4038
2740
6092
5666
1463
8460
4631
7589
3603
6948
2214
1837
258
9991
4899
7137
1459
790
9685
4827
3254
2710
9109
4544
1312
2579
1888
3447
6065
2053
9224
2359
9666
5358
7942
4353
9831
4012
1610
9847
5765
9601
275
6439
8269
6909
8010
4809
6182
6373
632
1361
6777
3746
8567
8224
3238
8056
2918
2270
7540
6881
7959
7004
3589
8662
354
2729
6967
8345
3756
3955
3015
3794
9251
3480
9665
4052
5600
5992
8002
4379
879
1976
9950
4133
2618
1974
9229
842
8897
9860
4465
1545
9558
6915
8483
6624
8981
4190
3515
2919
5425
6351
7949
3626
7338
4258
3824
8498
9034
7764
4683
8398
6334
8007
5385
8595
610
6181
5243
9677
3621
4878
7644
145
6892
8289
8384
5889
3234
3251
4709
5978
1421
1838
2604
1086
8188
4681
6481
6009
2460
7648
6549
1618
4042
6416
7693
4912
2691
3329
7283
1622
9095
5584
8106
2701
1692
2632
2304
9644
2542
1293
8988
9990
7172
4580
4246
5841
8414
1794
5622
9246
538
2992
2212
4906
5398
2152
8415
7088
1120
3695
4137
6456
426
8974
767
8544
4793
9422
231
9894
1852
3871
226
6063
7577
246
9697
5991
4515
8209
4723
9157
4888
1480
9228
7722
9527
9586
4546
6406
7774
7697
4145
8360
9986
8731
4446
4880
3432
2822
377
6994
1984
6143
5307
5145
9441
2198
8239
8901
6207
4634
6893
1506
6745
269
7041
855
5935
5555
8027
1944
8593
3085
8895
3176
4675
9612
1004
7615
1885
3092
1386
2996
8286
8095
860
6199
3520
6138
6837
1230
9174
1376
5272
8473
2930
8961
3095
9412
5572
5007
2349
41
9629
7957
7175
1199
434
8756
7052
3715
2811
6652
2270
5905
1307
3299
3561
2239
8138
8661
3000
2694
7053
6872
3399
2558
9783
5674
7458
7509
7513
9193
4717
8636
9222
7679
9501
5535
3505
4249
6675
4062
6535
5426
1897
444
5897
3008
4885
4963
8082
8043
1707
4434
9063
8965
1150
6629
1356
6123
8039
9567
7699
1062
7214
1383
9887
3038
3845
7756
8135
5324
7669
1365
9958
5659
671
7034
4095
938
5092
8201
4941
2464
9169
7462
6056
8621
8626
8850
2869
4856
5128
7078
9653
2250
5157
6748
1741
5942
3699
2778
7237
6996
548
1404
7178
8841
3525
3630
2782
8933
7884
6435
8255
5048
7008
6660
1269
6257
5607
1992
9237
453
5594
908
7251
8217
5525
2304
2116
956
1115
2910
6929
2675
4727
6616
9751
6578
8877
6716
3372
4132
1582
5654
2572
1880
6778
9458
5841
4424
6384
7629
8049
7334
4769
5560
2177
390
6227
359
2120
5314
7361
188
2142
2158
160
2890
6771
2153
7964
7865
8028
3500
1936
9286
9911
3058
1397
7220
9984
132
6386
7411
3965
8832
4082
6123
1668
5509
5315
1477
1148
4654
4090
9638
1504
3960
2643
4249
5520
2386
950
8504
1554
1616
4150
5639
9078
7676
564
9549
5271
8122
8768
8415
6620
6998
2991
7323
943
5756
9272
4878
2933
5459
3064
4483
5196
311
7157
8024
1011
2545
1648
3902
2530
7589
3827
7597
3899
4665
3898
4017
5272
6621
1039
8150
3604
8955
5597
6075
3094
2301
3142
6598
7783
7813
8160
9684
7477
5548
3098
619
9872
8843
8204
4542
241
2655
1612
3004
3035
2029
6317
693
3673
7554
7874
2810
5991
8229
3441
6128
9197
7884
6898
1953
7174
7576
3222
5423
7727
4478
8501
9189
6506
2098
1328
2940
2482
5826
7813
9063
3993
6412
1120
2908
9918
4781
3150
6144
1786
4503
269
4461
3177
7406
8240
6578
4534
1568
4895
3512
9678
7775
8858
7548
2919
2764
3070
3389
8346
4817
8704
1892
7899
9418
8967
3771
441
7601
54
8732
3681
9174
167
1527
9597
7415
8931
831
4858
1234
3197
3857
1047
4516
1278
8114
2569
3340
571
8085
3771
8801
244
341
2115
3196
6326
6213
5552
5124
6639
9762
1887
3924
1425
1489
5261
6443
272
186
9447
5792
7893
2801
1357
7424
2293
3373
469
3094
3756
2406
8299
773
5219
4720
9030
8309
752
1486
2022
4951
7693
165
9658
1447
3649
8063
3742
4237
7514
3337
9601
7392
6252
681
2868
9576
1138
7967
1215
3006
2707
4006
126
7282
6865
4375
9048
4520
235
1195
384
9905
1107
4475
1044
9185
729
1302
9251
3602
8949
1006
4492
7637
372
3983
4289
3008
2906
3133
3946
8296
8054
5513
5062
604
6051
4895
5276
8331
3834
4127
3344
7428
4341
1463
4050
8872
3279
1737
4256
5726
295
1518
9755
5171
3891
3063
7463
9723
4464
8939
4427
4953
2792
4690
7449
9910
2909
7564
3240
2610
7329
2159
2556
4196
7960
8908
4263
5439
6117
1949
1033
3524
913
6957
9443
7342
4731
803
2506
2718
9433
7917
7702
1955
1708
6453
9562
5013
5810
6802
526
2031
2052
7182
8392
2471
4672
1615
1177
5371
5217
901
611
361
6410
8095
6808
6698
7234
6042
7550
3053
3096
3927
9631
4796
3192
8567
2845
9101
6678
7029
5107
5079
4007
2641
5238
6239
5696
37
2154
3486
5110
9221
113
5840
9284
6136
5742
5900
202
1437
1528
7883
1906
8636
9946
8343
3103
267
471
2162
686
2105
1707
2927
7246
682
8044
48
6028
8496
7327
110
6695
3730
7623
8735
5139
524
4697
295
4585
6114
4395
893
4683
530
7834
3704
5620
1733
9019
695
7006
4194
7785
5690
7534
4736
5325
3040
7977
245
4972
317
7274
4799
6266
8872
2364
8158
3964
4447
465
6525
2971
9095
1109
1659
5397
7139
6157
7434
4061
9056
297
7908
8514
6380
2841
8644
7885
5665
3723
6840
1205
5329
7458
945
9453
751
3714
1380
6380
6200
5576
1009
3405
4860
7463
1261
3629
8509
1245
7614
6881
9795
1364
7522
1370
7897
7908
2172
5889
8903
613
6109
6765
5165
8419
3675
2644
2345
3258
6416
3149
8342
1361
1762
1955
7841
9635
7242
8982
9880
488
7172
4972
9266
1378
8530
5941
1237
3747
7532
2460
632
892
5256
697
3317
480
2274
2627
8458
2392
1544
1331
3341
3263
3205
8756
6714
4205
9128
6102
7322
897
4704
6369
4945
552
6038
9959
7556
394
2407
5762
6502
2403
6332
6653
2814
3119
3304
607
8326
9455
6654
2801
1090
7624
461
833
8106
4106
2393
