2999
8585
9070
5895
9437
6759
4658
2608
6386
2051
1210
8348
4161
9702
5801
2883
3613
9089
2285
115
5394
3881
2723
9407
5814
3583
4169
3274
7407
3067
2686
6524
4286
372
8710
8336
1017
6319
4586
5562
9478
6514
300
3255
6210
2068
6344
5314
3554
9843
6533
7184
3377
6705
3755
3050
2569
8715
7743
2389
1261
199
7866
8879
6178
1322
3960
2103
749
564
1723
6985
6135
9913
192
5526
9166
8588
2665
5500
2533
794
9722
2759
3980
96
4655
131
3082
5945
4570
6749
5686
1832
1115
8741
4661
2543
5095
9378
5678
554
2267
6034
6538
1979
6058
9052
5751
2451
5170
1189
9947
4553
3309
9386
8485
5162
9875
7984
8783
6477
5709
8486
5359
6625
3204
1300
2302
4406
6104
1939
7456
4741
8461
840
7953
685
5743
6430
193
4971
3094
6991
6
9205
9188
1535
3313
6723
8380
4741
9707
4426
6077
5078
9741
6742
7483
4016
7438
8004
4271
5664
6103
1929
6917
7808
1251
9507
5347
945
8994
5482
6873
6112
588
6546
291
328
9619
4543
1724
3157
7442
3093
1549
208
7410
7420
6147
8812
971
156
1727
8315
9014
5355
2038
3725
4785
1744
6825
6423
764
8803
5663
2988
3281
1011
2878
8843
7169
9427
9912
5588
4600
8258
8610
712
1202
6917
7984
1628
5944
2724
1356
2329
2450
6190
4230
6164
5857
3849
6213
309
8340
362
2396
4326
1735
5837
7991
3434
653
8706
7668
5207
7234
4228
5919
4001
1123
2199
6326
7509
2953
5469
1835
1838
2736
1941
9688
2104
9541
3106
9276
15
4430
4307
3044
3762
4868
6259
5541
5498
5820
7535
2005
257
8371
9616
313
625
8055
2165
7657
3994
2818
6062
1744
2110
9937
9686
384
4845
8740
4318
738
729
8718
9138
4363
4789
123
1707
5658
8447
9809
400
2093
8198
8144
2090
9187
8250
1603
387
5021
2751
2376
5385
6334
3917
9500
3252
9154
3736
4303
4498
6090
9207
9319
1996
4901
9314
5233
1511
922
3357
7650
4905
9489
6411
7611
7573
2850
1601
5083
3509
4662
2217
9422
8099
666
5855
1763
6180
6993
5836
2732
3729
5353
6316
4878
1284
1782
1662
8281
6779
8570
4168
2145
236
2550
4804
7546
2886
6778
6650
8419
911
2184
7531
649
7695
3639
8072
5788
4040
2627
3917
5838
2400
4002
7326
4535
6061
4402
6316
1671
6733
861
3571
9795
2510
4718
3907
2672
6480
318
8057
5230
3813
4519
7962
6155
1394
8266
6524
9305
8070
6987
176
9737
8131
186
2831
5014
3901
9309
8528
8047
7550
840
2916
6588
4788
1599
1230
4386
5320
8002
9794
5249
1868
1543
6089
6826
4816
6614
4990
2030
9920
9965
4393
4866
3534
7476
133
991
9031
6587
9487
9173
277
847
2797
7936
1137
1083
7817
8243
802
5419
9145
4576
4727
1612
829
9225
5676
48
8692
7809
6780
2205
506
4508
2980
9317
9714
5285
9072
128
700
5006
6644
1829
6852
4834
7385
8488
1991
4263
7170
6877
8482
2079
7449
9450
3161
4301
91
1307
9184
8356
4093
1743
4121
6107
5482
768
539
3277
1930
9408
9420
8429
3008
943
3275
2407
8496
280
3308
1186
5323
1147
5697
2817
888
9846
2049
3609
6833
8364
3559
6652
9463
5687
6410
7444
3875
6538
4788
2555
5883
6095
1266
6535
3277
3472
3447
1027
5338
1873
8413
5433
3714
6426
777
4780
8616
9106
4010
8401
8785
118
9518
1117
6863
7818
960
1129
8357
7254
5186
9619
8054
274
4962
7567
3342
4924
4509
2522
2796
7654
493
9294
5450
4189
7264
9122
587
5971
3687
5289
1536
4686
5687
379
7559
3802
1487
192
2673
7433
822
744
5950
683
625
1705
2872
6633
2687
720
8904
3322
1713
1256
4376
376
1736
9128
2663
285
3612
4902
1746
8712
9575
6809
4997
2332
604
2109
6430
3447
983
7328
9418
7151
4627
6569
1310
8568
4226
8152
7220
3987
9244
8
8304
3841
1830
8081
6254
7477
5918
635
8186
4679
6178
9020
2620
6708
3226
2978
3694
9667
296
4445
2683
2707
5306
7507
2053
3088
6121
2375
5747
9156
1442
2484
8390
1993
4047
6803
9366
5389
6753
396
8093
9247
6235
9480
3072
5862
9150
9205
7846
961
7165
115
598
7753
9852
8956
6369
7778
5530
4929
729
2672
6808
991
4845
71
8325
7392
9650
8683
9943
1277
4175
3237
8536
8257
2101
5959
1083
9321
4361
6886
9193
744
9568
2038
5677
9639
1846
1813
4136
6266
5370
5773
5793
8829
6905
2189
6877
3933
6966
8289
3495
8035
5299
6285
8348
123
2895
7657
213
5203
6316
8710
8114
6190
4299
9759
6480
4377
3287
9642
2390
5893
8827
3326
4450
675
80
9663
3563
1982
662
5860
8850
849
8654
442
1786
8729
7011
5841
1697
7893
6883
7188
2650
8315
7613
566
5641
7844
1785
1848
2234
8743
9998
4135
2814
3076
9540
6530
7395
678
8247
1257
9342
2427
8292
1025
6184
3200
1139
548
1202
1061
7249
2229
1831
7393
537
2769
7949
3998
3535
6977
502
9332
9017
7132
3241
4308
6074
6921
232
6218
7835
5154
5999
3446
7976
5717
3688
7204
4117
1044
6093
1767
715
8844
9755
3764
5459
9730
3119
4874
8590
9593
6480
3904
2591
3393
3480
2583
5605
5993
1440
9839
8344
1045
2535
5445
4879
794
6399
9625
5180
7718
3077
621
8437
8510
1883
1002
9568
5759
5891
3981
7594
9317
8122
6847
2452
5930
8878
9026
3978
4470
2958
9862
5345
4117
5005
8540
1229
8310
3794
9474
6236
6991
1310
9389
1474
6942
891
5253
1346
7898
6974
7306
4806
665
2553
7796
8604
5307
6496
8056
3421
8627
517
7318
7242
6821
4146
4703
5861
522
6147
6053
1609
385
8445
8794
2600
8097
9455
5162
1951
857
8803
805
8167
9288
6993
3012
5675
2088
9297
8077
8865
1188
2570
2098
4535
9563
7116
5859
204
6925
2135
3348
8152
1218
7541
8361
7112
8234
6251
7965
1402
543
3911
9026
2945
6310
3014
5555
7717
2405
5893
1334
6891
4830
1586
2557
8461
6185
1791
4843
7685
6881
4321
6035
6603
1796
8683
9980
2601
798
770
9810
3303
5327
813
8454
9719
5416
7708
4325
575
2118
4017
1365
9935
4837
9535
6604
7182
8229
3149
7531
2166
8378
5047
664
4136
1885
1586
1881
9469
7712
1354
5900
4378
1327
5338
9284
1358
8034
8998
7437
2828
7871
8600
2337
5824
8956
6694
819
1488
1282
605
4184
9792
6045
1148
7493
850
3088
1023
788
3112
6901
4613
3920
9831
9058
7585
4624
6218
1271
8810
7985
8768
9316
7231
555
7171
872
1803
117
5206
6452
7152
3845
9882
813
2852
7519
5693
2736
4053
703
511
9872
2793
1874
7170
6812
678
9886
1150
7596
8491
4131
9951
2825
7513
3273
9740
60
9186
8152
5124
3934
2428
7830
8278
6015
2194
1098
1741
6403
8440
1088
358
7414
4280
4614
320
5536
7854
6083
8031
4564
8572
4423
3373
4610
9915
6030
9726
7837
6415
3790
9406
1702
6517
9103
1625
9719
6683
8106
1846
8972
6396
7754
2065
7115
7464
4783
1380
8420
5116
4130
6577
756
8898
5555
6335
740
9000
9166
2718
9918
6101
5500
3496
9935
2254
9797
9526
3496
7892
1459
7293
8926
2215
2337
8307
8050
9627
5283
4434
8459
1157
4000
3255
6351
6738
7097
9815
5617
8260
1933
752
7060
3770
53
8295
8685
7467
971
323
4726
7055
7704
9524
4847
1706
7322
1985
1888
7302
7780
4302
8969
4731
4879
7430
1802
8910
8815
7595
5598
8740
4832
919
1954
673
9135
7581
5060
4641
6053
5697
4390
3025
30
2993
530
9051
4920
7535
5752
8141
3815
1932
66
2949
6533
1842
4664
11
359
1182
1071
3147
5898
1256
9869
9165
268
7712
4456
4291
1800
7143
7452
1566
1049
1207
2315
3693
7039
7600
3262
5876
3711
7312
3754
9717
6261
318
2766
4781
8005
4948
9081
4701
2640
2774
5544
1139
5649
5747
5773
2933
7654
7479
5211
1722
6236
2954
5982
53
3700
8649
9095
5166
7138
3743
5797
6047
6932
6991
8240
1032
9311
849
1710
7695
9556
407
3704
7128
706
7834
2695
3004
9797
9766
3768
2585
8909
6190
6799
6470
649
62
4551
353
2418
4091
5255
7687
2628
9225
6128
5776
8455
4169
5956
2916
2252
3868
1361
6830
8803
8041
2474
9259
6425
6807
2694
9711
3150
7640
5362
7781
9077
4866
289
6800
4788
2058
9044
2034
7003
3807
5621
8392
2210
4257
4765
2081
907
5676
4678
2890
8375
1909
8890
1463
7588
6031
6170
5839
9220
9114
4011
1717
1817
7722
2650
2622
9756
8127
5104
7780
2077
6854
2209
6870
2004
59
1326
7817
6566
1657
8443
3392
7155
2208
4731
9219
7212
9682
9735
5599
5027
7786
797
7994
7067
8073
1861
8289
3517
6878
9519
2768
3388
5218
7064
2973
8497
1469
188
1153
3136
3208
4693
2196
4235
3200
5489
8500
6149
1203
578
8161
3726
6699
2143
2169
1421
6900
8295
4027
4013
2764
4261
2138
8174
8774
3696
4128
1308
1818
5962
7948
5037
3933
8536
7049
8275
616
4592
9245
6337
8823
3182
7659
9275
9361
4114
8533
3942
527
6019
4161
2686
1579
3351
2662
6502
9751
1818
3300
7610
4422
6155
2014
9617
3435
1239
2837
6382
7436
4317
8562
1542
7090
1472
2367
812
9040
1323
5074
6839
734
8174
4663
7701
3233
4103
7370
3417
9288
3916
2878
4111
2037
1717
4476
9681
903
4166
4363
7250
6336
9050
2984
135
1960
8891
9762
5813
8493
9982
5589
9078
980
8572
337
9750
2097
570
7431
8633
8334
1850
1952
6015
4956
6170
7929
911
7732
6331
3454
5905
632
7196
7266
7976
5724
6868
472
8556
9930
2223
8450
2006
3526
4304
5347
260
2174
6532
2323
2780
1997
8727
9503
3966
5662
4224
6026
6578
9943
2919
1012
4480
5545
5175
7780
9822
7250
9455
4453
2756
4477
5394
763
6011
5367
9166
1489
8420
799
7978
7377
8358
249
4600
6383
9727
2942
8154
5026
779
7748
8129
8783
2834
3366
1136
9619
7180
9360
7983
2285
1280
9977
6395
2711
9338
8716
667
3327
8970
9845
7838
7718
4537
2901
128
3204
2679
2690
3659
6309
5456
6798
3690
4324
5197
834
7113
7475
8214
7864
2968
3412
1109
7474
9103
9159
630
3001
1627
385
7738
1957
7509
1477
4923
6342
7588
1617
9514
8029
8905
8968
8516
5643
4409
5687
1123
9475
775
7398
1520
8686
8735
318
647
2396
4944
1457
3507
1409
3473
8778
7128
4164
4276
5746
5503
6431
919
9612
6508
8963
4791
8894
7611
2156
1967
9292
6249
8141
335
2467
6415
4759
7992
6942
4169
8875
8451
2857
8645
4490
8721
6256
2999
3796
4573
8034
6377
2213
6638
1144
7008
6761
9481
652
7738
8888
2355
6583
4531
5810
6211
6491
2502
5591
8182
2090
9568
7955
5148
5873
4241
4517
3264
4101
428
2747
6806
6120
5566
4028
8380
4376
9483
7857
8627
309
20
1025
4135
7516
2980
3767
3161
5284
474
7554
7790
5316
4049
7993
9696
4352
7498
7049
3378
4078
2059
4028
7297
3289
8481
9608
5014
7777
9969
9793
9721
3885
4189
9628
2095
9183
7074
6401
5507
5154
3821
8603
4547
514
541
5296
4609
9095
980
408
650
7776
8728
5723
8500
2904
8406
108
4272
4952
1430
8428
6046
4873
4137
1132
9168
451
2303
1251
6487
1527
9077
6423
9818
7382
4651
4252
8421
3740
932
7894
6221
173
6326
8189
6689
8362
6418
7772
765
1791
222
9078
4504
1964
1757
3062
2781
8910
5328
385
4343
9530
8037
7482
2182
6133
5966
7697
7934
2435
9389
7929
6590
890
6955
1348
158
5090
5016
7998
5873
3307
412
1635
6810
3147
7372
6830
6651
2882
8696
6559
6185
7260
146
5735
8140
1843
7321
7587
866
7631
147
6787
8610
8843
4297
1590
1358
2516
8364
1268
3089
1840
7909
2311
8216
6233
346
5927
5246
469
8813
705
3056
8323
9694
4131
8367
6628
7361
7926
6227
6164
8650
4937
9004
9171
7877
646
4132
6197
9074
9491
6865
2242
7037
3015
6774
6826
7228
6614
6521
9881
3697
5019
8303
4483
3999
4945
5684
5932
1994
6927
3335
3558
1959
1246
7409
6152
3426
8536
5846
2744
2543
2206
8804
3029
440
4645
5656
8131
5476
351
9905
8563
1417
210
8108
5550
6521
2663
7502
4527
1975
7777
4784
6618
8045
9031
2180
397
6598
2144
5415
2081
7702
2602
5599
8973
4265
4375
2371
9959
2841
613
793
5623
8185
104
586
1291
1774
9591
6594
7569
1966
2415
3588
3428
9888
4568
2554
5557
83
6098
826
7093
9915
1643
1477
6957
7621
5904
7385
3227
684
5917
3942
3865
9956
3123
13
6091
6132
7541
7027
4885
7601
7439
6166
1511
2421
964
8855
3782
9614
8338
4453
3304
418
2004
6986
4219
9888
996
5999
6482
947
8171
6075
8653
3696
4886
1256
5524
9470
7654
8550
5857
2277
3957
2073
4343
6974
5568
5534
9042
9595
2453
5019
1484
1296
5530
6884
8905
8782
9527
569
1440
7185
3586
1980
151
1071
2021
1217
8506
3648
1822
2495
7527
5469
5923
9715
8857
1410
2607
9555
3678
4909
366
8304
7463
9960
497
6116
317
2627
6094
5035
4202
4650
6215
4287
3339
7478
885
2363
2160
2783
5905
9649
2364
6303
3374
6903
224
9506
5719
1483
4575
3433
5185
8152
4861
6334
636
8561
4169
9730
5259
746
4660
7154
1341
9557
332
665
3832
8554
7818
6574
1714
8960
6549
8653
3195
3752
464
4148
9482
1098
7143
4
4530
6215
2449
359
6672
204
1186
1024
660
9992
1456
2158
5018
5237
608
1979
6756
1330
6077
7441
9974
5249
7908
9612
8429
556
5278
6251
3420
3955
827
8383
9557
2000
8775
2454
5025
2380
5308
753
3564
8138
4324
1569
9936
1153
8937
2625
9580
2007
3804
3293
2048
7880
7086
8672
7832
5974
7278
187
4194
1403
8639
225
5150
3417
1540
399
3618
387
7803
1369
2583
756
4676
9136
4739
1869
8525
783
8964
5181
3979
1397
3461
9384
247
4733
3152
3978
7570
6712
2016
725
7398
2845
4178
8693
1531
6598
8504
2981
6659
3644
2841
3003
6275
4365
4952
7246
8206
7385
4912
5336
8303
3421
2665
3974
8531
2070
5577
3820
6448
6039
9850
4277
5654
6822
8323
6776
4833
7168
294
1847
4456
7469
2774
3873
517
1150
3011
8311
3905
7219
8644
3916
9931
2393
7007
4373
3637
480
7336
1456
8780
7595
6835
385
418
5937
4743
3703
2425
8704
9522
2877
6110
3281
5667
7420
1919
6694
6136
6877
2394
4224
724
8557
2628
5422
9356
2058
6643
5199
4223
346
1209
3448
2608
650
7117
8818
7537
2164
6167
3226
174
3786
8744
8636
9763
6958
2548
3258
7898
2356
8365
1173
453
2911
1805
1039
3812
6760
9168
6663
2340
4654
8651
8419
1381
4439
1885
6572
8693
7732
6768
5267
142
8002
7788
2833
3241
7053
6793
9261
1278
2063
1102
9894
3754
2150
5755
6896
4778
324
479
8028
3994
2768
1655
4927
9621
2473
7188
3892
5608
171
8135
2798
1735
426
5196
8454
1291
3211
6961
6035
4471
2627
817
6823
9494
1766
4049
1141
4180
9697
7077
7121
517
5796
5760
1568
2549
7607
6151
735
1724
9645
65
7343
9229
7702
9309
1757
1692
9230
7200
3808
3723
9347
9994
4508
7135
3124
6259
2259
3923
5348
6327
8043
7897
3806
907
4795
2472
6595
9146
3822
231
718
9073
1706
6228
8345
4260
2827
9793
3192
5675
6169
1483
3827
9932
328
5513
7586
3254
7309
8270
7872
6215
5310
7434
7042
7307
5138
4995
801
1089
8728
2508
9363
3100
2292
5727
5751
2643
4580
4700
3823
7765
1872
9022
6984
1357
9280
7414
6581
7869
3912
1447
3546
4570
9534
9341
4756
1364
187
8826
9670
6416
8128
4222
3294
5300
5392
1747
118
3279
571
6755
8326
6578
6076
2470
198
6575
328
7179
2945
44
7110
9762
3606
2644
1870
5828
9144
6299
6698
4528
3253
987
4281
8196
4372
4288
7250
5427
6759
9532
4374
3384
448
4487
9854
3320
8320
2999
6947
5037
3611
392
4445
8021
4359
6393
8371
6197
1362
931
273
2155
1971
7334
7688
7359
7977
3585
3375
9173
769
2718
8695
8129
6387
3864
2668
9655
8939
9978
167
3519
3701
1877
496
6786
897
3757
2977
9651
7239
4112
7014
652
2724
357
3617
1908
4450
2941
9050
1482
6181
4184
7011
8049
5634
8712
6889
4536
3498
8874
1334
1429
5492
8038
6932
2189
3529
9763
412
8354
6009
1911
8140
8858
3179
4475
6567
3848
2913
6152
5447
2665
538
8016
5757
6061
5889
8331
2441
8767
4674
2812
8325
3667
8781
3103
6491
3756
515
2225
7848
3495
4029
7612
1992
3671
4989
9598
5440
8301
9996
6149
4106
3940
9490
521
1867
3543
1027
9173
1745
7168
9255
3316
9592
7661
8002
5812
1659
8545
4466
9722
808
6308
8120
2
8188
8056
7197
8416
3806
1529
805
8488
5256
128
8561
2230
1679
6933
8798
4955
1124
174
5515
7429
1650
7416
3465
4186
8088
480
4107
9233
7153
6575
2812
3533
8222
6224
3983
1574
9126
47
1282
214
3684
5728
4956
5741
2494
1881
7797
2385
5222
7053
3269
9973
9945
1462
1092
5077
5540
8702
3345
8891
583
2426
1822
1362
5378
7700
1529
7941
7068
2931
917
1714
4674
8233
7462
8768
5628
3161
9580
2314
8827
7283
2999
9111
319
3965
9113
2647
757
2175
4761
5789
1406
2219
9779
4724
9450
5864
8524
7215
179
5226
3204
3952
1143
9423
9108
3988
1852
6728
4775
7450
9816
8002
7669
5982
9401
9600
426
9063
6078
7655
5942
9721
4121
6773
8173
3431
7964
4431
2974
2105
9904
9942
4689
9509
7317
4709
8858
3149
1300
2122
3258
7381
5984
8686
916
5888
1002
3475
3805
3158
932
1337
8349
4004
4845
3677
6162
9056
1243
3006
8051
3911
8359
4813
8114
3716
4434
8705
3227
7151
214
6899
217
2737
4759
9325
6968
1775
8728
2122
9829
3898
9898
5626
6321
2098
4862
9253
52
178
5868
4217
6127
5788
8988
338
2266
9474
274
5188
7067
2974
3927
8824
9928
4079
1266
7441
7892
2801
4597
3994
5653
311
4579
8638
5911
9415
8352
9891
3177
1138
1985
4387
6452
1182
9555
2713
5100
8514
2471
597
6031
3054
9515
6316
4475
3461
5747
6047
4333
5320
9286
213
6403
5008
7590
2600
7378
5655
3671
1849
9859
1091
768
4033
4537
8176
7791
9686
2638
2825
2151
7318
1851
1507
9141
8546
2886
6246
9345
9498
4518
3417
1215
9297
5266
2425
3860
6621
6823
5845
566
8669
8824
8457
3021
9191
2464
9013
2086
1421
2883
1450
3093
7803
8354
9968
4026
5680
5341
9239
2749
6503
4051
9160
7124
7665
3046
1718
5011
240
9465
151
3650
5298
3531
5545
2522
4328
6445
6483
5641
9698
5647
8521
5686
8490
7593
411
9102
6745
373
1659
3341
6697
7626
1449
3384
2233
4530
6956
9286
7830
3005
6847
1807
3340
6415
9510
6877
3385
4373
8988
9455
2122
3621
4779
1133
9125
4947
4742
4645
610
784
4438
2372
8838
2332
128
6096
2445
796
8319
2658
3
9111
2307
9393
8560
9114
9029
265
4286
8716
5317
2283
5608
4891
7491
318
2720
7861
6919
5891
6221
931
5885
758
672
1136
4096
976
1681
3607
9778
2793
8571
1210
8741
8779
9504
1311
8121
178
3210
1301
803
3072
288
6692
9526
5629
8209
6386
1840
8683
2432
6114
6611
8439
5019
2535
1855
8380
1754
5879
5897
4193
5937
5002
9770
915
9202
9906
2983
6061
8002
3444
3176
4163
3638
9668
343
7567
9258
5471
9334
3106
8845
8866
829
1404
9421
4856
6303
4471
5834
7888
7001
7134
1562
9869
5638
8427
1753
1398
4210
45
5802
670
8873
2232
9486
671
4250
1479
7551
3647
7885
8684
9898
2069
2318
5240
9159
9556
1718
9414
8119
5766
629
5890
153
2052
4365
7432
2808
9313
2846
534
4277
71
6330
3
8316
6057
708
2729
1286
6167
6025
7437
8202
4128
8651
8800
5744
7154
7814
765
1924
6813
545
5363
579
1445
787
4589
8598
2822
64
7885
856
4018
670
7719
9621
9878
4600
233
9072
4539
9822
1337
3697
280
87
8166
7818
1476
7876
2944
869
5209
4738
9684
2860
1092
1532
4880
8836
1353
9723
6581
6374
2052
7147
7017
2715
8922
3019
2892
4
510
864
5731
3140
1359
1190
8032
3882
4638
2901
8259
4030
9950
6379
7465
5879
2052
6940
851
71
2286
3747
2210
7668
3584
564
5501
6212
889
7552
869
4532
6452
4803
8112
805
5882
1709
7841
2980
4821
3579
489
6756
2368
2961
3495
7769
7466
2567
7995
2788
3689
2957
8584
4582
7963
8860
4663
7587
7527
8491
8696
4213
8434
8634
3796
1290
5246
8415
3582
6123
301
3707
839
8281
339
8263
8017
2422
2793
5872
5371
8126
2846
7196
6012
4976
7112
7273
1211
2348
904
2785
3354
5099
8268
5707
7762
8118
2925
7024
698
4996
8041
4136
5505
2307
315
2626
9755
3138
1606
2365
473
2008
769
9973
4304
5093
8236
3005
9980
5188
7472
2021
526
3513
2965
2296
8944
1741
9629
2373
5353
3026
2317
9096
1147
5189
1452
517
5578
8064
5796
9760
4743
9704
2502
2395
1403
1578
6394
3181
1071
7901
5140
1452
6648
2772
7633
1911
9728
4163
9744
7858
4111
8330
2238
9406
8329
6275
5802
3700
7552
8052
4040
1598
8874
6978
1521
7971
5918
8850
8087
9661
9512
8477
6374
9993
3852
8767
7541
9274
7911
3084
6444
9353
8321
5504
5776
4414
974
6673
2362
6292
3939
7252
1030
6988
4166
7080
6406
6704
3407
8947
8358
9025
6443
6007
4315
6672
4095
832
7397
2982
1161
7132
9844
2049
4209
9976
4582
7179
2975
2051
4478
5288
2983
7058
2256
8988
4607
5280
2425
4646
5617
6846
5132
8477
6475
9470
1271
5350
5492
776
3316
7839
6633
4264
5707
123
9446
517
7893
266
3520
3870
1115
404
4286
2802
9565
8995
4072
988
6334
4506
4536
3674
8141
2325
8334
8697
7519
3182
3247
2494
2951
9513
9453
7603
4503
6381
8241
1484
9104
5600
389
6405
1478
205
2174
6506
6719
9893
6951
2018
3386
9007
1993
793
4140
1677
2614
5673
4245
4525
4421
8916
1953
7928
7287
1745
8171
1211
2792
4976
9676
463
4801
4091
7137
1191
8266
5068
5866
4261
9422
2789
8367
8010
7703
960
7533
6601
3767
7907
5982
3302
8488
479
2247
4864
140
1094
2779
1495
8798
7446
9228
5676
4233
3718
225
5061
759
60
371
3113
5921
8313
9922
6622
4758
6594
2821
6908
23
4844
1647
9741
671
2578
2044
8404
2591
1238
5242
4264
4615
6914
1205
859
9489
9642
2779
5163
1032
6480
174
6980
9910
1186
536
2479
6266
2532
9752
8924
6712
4694
9658
1111
5515
1139
4965
7946
1254
4373
2286
8527
8008
9351
3914
2816
6909
1145
8497
8541
8721
6874
126
6713
3471
5301
3571
1314
4840
8602
5705
6539
9296
9607
3429
4119
5266
6099
1846
7940
4675
6696
7114
3618
3956
2026
1472
8175
6849
1064
7545
7984
5190
654
1672
2862
9329
6212
8680
7098
531
1959
2541
6366
8032
1250
2818
1186
5655
4905
705
8552
5755
5377
7378
7605
2639
4943
1195
9276
4464
3724
9989
9672
7100
1618
3727
3941
5472
9989
492
4124
4447
5856
807
2457
6815
2155
8663
3099
9182
9319
2109
9512
3906
3862
5450
3018
2253
8554
3598
2426
3935
5080
5115
2711
1205
9703
808
5987
5712
6011
8625
3787
1505
8041
172
1729
8240
55
6918
2711
6763
5890
7276
3721
2299
3098
5398
904
6467
7550
1549
5759
1602
4063
317
6036
1960
2724
5638
9116
3796
6490
860
4939
7228
54
8975
7064
7430
6216
341
5017
6867
5277
642
9455
6876
1089
7802
6768
5764
1999
1085
9453
6877
3304
5745
3536
1286
1515
8062
6437
9810
4406
2098
7185
36
9114
6485
995
2918
420
2614
1925
3017
4157
3412
1374
8551
5680
2090
8376
3556
2675
5970
1098
1251
9284
7706
4801
2917
1409
4915
8896
3772
2756
7542
3280
7453
6185
5089
837
4516
8990
6367
7056
2433
710
6022
4730
4353
1065
6714
4628
7000
8188
8511
4232
4137
6472
4171
9499
5256
5242
8906
8017
7062
8566
2491
8941
4284
2041
5192
7108
3652
7706
4451
2525
9392
9851
5243
2023
9181
2130
6974
5335
4338
3742
3048
5676
451
9817
1754
3713
1635
6329
2918
7278
8086
8226
7303
5403
6468
572
9229
2451
3529
4940
5237
2112
4185
7457
328
5561
8257
9806
5962
5733
8025
6159
7714
7930
9621
6873
8426
8167
6267
6755
6156
8666
6958
3931
5308
335
2441
9158
2853
7493
1624
9800
1051
7230
7872
9996
8128
7876
9247
3184
578
947
1534
3217
6033
3878
7155
878
414
4753
8530
2667
7471
584
2420
8741
4016
6907
992
1565
6995
7216
245
2258
9800
3051
746
2895
4680
4523
6028
2911
538
7076
8311
4808
2200
340
9520
4395
7676
9412
3903
5958
3236
6350
5066
1812
3990
1222
2971
8147
2764
598
6724
2751
7040
8249
3753
1743
9411
8260
9420
2956
1638
7644
1703
6522
6332
7448
7937
5796
5175
5204
7683
1192
639
5102
2932
4124
5345
4369
8689
3868
1556
9020
3432
4834
7463
3151
115
9520
2038
6545
7667
972
2011
1136
1618
4089
6912
7814
5482
6190
7459
9972
3604
5013
9171
3998
8680
8850
2999
3538
8211
3629
8942
2406
