3048
4100
9022
1344
8486
7076
3997
8996
850
6962
4083
277
7040
6686
6853
4170
396
2237
2097
2461
6962
582
7876
771
1769
8886
6409
9930
6973
803
5550
3569
6503
2030
5380
400
7931
7745
9507
3401
3919
584
9799
9078
3555
861
4364
1778
7905
9323
7601
1364
6915
6564
220
3269
7131
7598
5130
2819
9986
1800
9409
6734
673
2058
7284
2511
6725
6954
2978
2265
2755
8187
4299
6199
5672
8736
6544
4469
9499
8895
3302
7803
6226
1296
4423
9620
430
7876
9829
6461
7396
2755
203
9480
1240
1950
386
1328
5304
5027
1341
55
4754
574
2
7324
5507
4652
934
5832
2445
891
6627
7863
2996
9742
9512
1108
9254
2061
3182
3612
4501
1464
9202
2997
8018
7196
4851
9000
6487
4638
3178
297
5008
8645
9953
1511
3351
8644
2882
9583
1164
6437
9325
1003
5245
4609
1029
9672
4904
1307
8695
5509
4090
5484
5368
3607
194
6521
539
8201
5399
8994
5243
5489
4594
8196
3403
8078
4746
109
3544
6989
9450
3599
535
1659
7473
2638
1424
2645
8246
2899
1751
5227
4390
5475
467
8275
1868
5114
4172
3353
1019
5457
2134
4948
5739
8846
7012
8244
5517
2507
9499
6856
4845
5439
7093
3772
1779
5496
7343
3743
9462
4362
8111
370
1310
2944
7509
8989
1588
6465
2892
1212
8616
4575
2925
6038
8958
6089
4177
2430
7687
1489
3665
9762
5079
3799
8556
6417
5112
2387
8308
2698
9979
9842
1477
7727
6918
7992
8835
2312
4878
996
8847
6996
978
1729
8373
618
4241
2872
7269
9614
2394
3123
7693
7440
8558
9981
1343
1550
2836
5381
7828
3033
1945
1409
2157
3605
1521
8878
3761
5929
3471
582
1112
6375
4172
6187
4962
9350
7032
1599
8133
3162
2746
7558
9570
7477
9621
5875
5715
1783
1130
3871
2259
3889
1652
7209
6665
728
2676
6055
5043
484
8473
7978
5003
1912
3995
7248
4104
4044
2725
1074
6772
7894
2877
2526
6101
3975
5009
6319
3755
4865
4767
8936
9381
4582
8736
8192
1024
9868
4275
726
317
5581
2946
8630
8717
907
5059
9556
7243
2337
5149
9397
2071
1732
2325
6062
2475
824
4420
4740
5595
3727
8438
7634
6494
3212
2978
6152
2403
8038
801
4352
6002
8376
2061
8189
3713
9589
5160
4684
3407
1353
4373
7212
9760
5898
9334
6362
9542
6477
3908
9077
3944
4997
7797
9217
8226
8823
3229
9527
824
2361
3299
3497
4424
9976
9022
2418
1483
7625
397
2700
6312
3687
3088
3260
5942
619
3126
8023
763
2026
4307
3704
3205
5784
9582
4810
9396
4090
2053
9567
4483
9561
7933
4675
5969
1731
5865
5643
4192
6411
8406
6487
7562
5088
3266
279
7162
4795
6023
4601
6046
1027
1687
5392
2311
2571
6053
6288
2058
618
8974
3318
7143
4779
2610
7381
8243
8379
6371
4155
7924
4847
9513
3218
4808
6344
4911
4162
7682
1183
7261
7555
4307
8859
3
9617
2273
3922
7567
8632
2182
4763
6604
5215
5512
2353
663
5217
3904
6500
6558
4646
4394
7130
1528
3168
9656
9443
1563
3457
6946
6474
9358
8682
222
183
5771
8334
968
1521
4864
3238
3230
9585
915
1837
6667
6882
1776
6155
9022
3604
4592
2063
6214
5327
7879
4742
7820
3605
1546
3880
5309
4192
3452
8113
8754
5115
4132
7149
2638
557
1388
2125
5716
7583
3448
7046
3011
4351
5376
9960
1055
9677
8268
1676
9676
1139
5740
2375
5385
1809
4897
1420
1607
8710
859
9453
7525
7963
5984
2065
1114
9385
5318
2977
8253
6603
9421
8509
4324
2734
3036
5676
184
2084
9206
5968
4737
1624
6665
2408
8259
8956
755
8559
1813
3151
3600
2241
2490
1978
37
5758
3965
3001
5155
7783
9998
1111
1560
1910
6531
1714
3463
1690
3789
1165
6386
6559
4281
4116
3458
9948
1246
9834
5844
6518
1290
3823
2895
6146
388
317
7941
600
1325
4034
9734
2435
5513
424
3340
7365
3091
6335
8263
1399
4274
3772
6389
5677
8006
506
1436
7480
5038
3055
5176
5893
9082
6650
8524
9652
7336
9368
3270
2147
5774
2950
8964
744
9155
6641
1597
2701
8393
9913
5694
5910
170
7380
3105
9822
1823
719
1451
6223
1751
3039
8435
1553
6746
2021
6154
6138
9723
4639
4523
5731
1219
6732
5345
5771
1999
4248
2207
4356
1192
8037
6144
8699
5867
7674
9436
5686
8213
9205
2595
8294
1213
7149
2233
7820
30
8931
7294
2440
8287
4550
9401
4460
3920
4053
800
8399
5459
3887
7959
1485
3573
4662
2898
1084
7448
6706
345
3801
4942
9810
4087
1617
4852
9806
8047
8732
6984
1064
860
5747
169
5712
9202
3970
1562
6103
4294
5801
146
507
4775
2284
6435
3760
4616
8570
8100
7232
3436
3499
4734
8938
4956
8467
9391
2822
3191
3171
1631
5000
9255
9455
9549
9891
2860
4809
4340
7684
167
3628
8847
1215
2021
6229
1318
8472
4870
8972
5861
4920
761
4656
5863
2623
5606
6640
980
3528
5847
1431
4052
1304
8772
8175
719
6096
8393
9941
7058
5715
5494
8093
32
9265
5748
7580
3347
4177
7983
7876
8349
3085
9092
749
208
4743
3656
5197
5349
8186
9346
7594
4285
6667
726
3463
5282
3294
223
7995
8521
5173
6281
8943
8295
6803
5080
9397
509
7055
9224
9398
657
7060
3314
5172
1386
757
599
7422
1240
6014
1452
7810
5213
9061
2578
8828
3548
256
5793
2445
8285
816
9153
8807
7098
6586
8837
2468
8521
5751
5764
3351
3877
7569
3685
8746
7403
5422
6502
7414
1615
3913
2905
6273
3977
7595
604
8162
9232
5897
5348
7616
8128
9863
8117
1544
3979
7866
6111
6509
3098
5819
8472
5114
1373
2792
1635
483
7159
3332
2699
3898
31
8159
1902
6157
500
9840
4312
3324
2817
1358
4666
4136
8057
4094
1399
615
6175
9351
3563
7221
7684
8097
4344
8148
7453
9308
7663
5076
3345
1549
759
8605
5612
2195
9597
6489
1699
8456
1593
6223
7285
8915
1768
4858
2425
3866
3483
4696
7770
1876
8428
5614
7644
9981
5304
8393
8377
3747
4125
2703
8141
5997
7697
5396
8714
1531
8844
5736
4825
1640
4676
1806
2622
2636
9411
3064
9782
6942
631
4126
3728
8151
1893
4141
8277
6849
7643
3068
8469
9535
7425
8265
831
9942
6379
5026
9661
1897
5838
400
3658
7458
3164
3662
3521
3164
3310
2775
9187
190
4541
9197
7221
1266
5484
2262
931
1939
6886
7713
4917
5300
3200
2935
5517
2606
2298
2412
7353
866
279
9492
9243
2828
4230
3362
8562
6008
9805
5116
5653
3390
5729
6570
8300
3929
9573
4349
1179
4598
6940
461
1324
2968
5500
7019
3448
3496
1905
9413
6353
2857
4107
3080
8063
7322
8134
1471
5413
3140
1956
5017
9359
6723
2345
9289
6939
5522
5842
8919
3329
9567
1026
772
896
2909
7211
9610
8166
4168
6357
3074
5611
3828
8623
2127
6651
798
9951
6760
8334
1620
6967
7380
1286
3200
4231
4109
3636
5407
2824
8182
520
3825
6076
3641
131
5145
688
3193
1610
179
6826
7366
3082
2997
2885
4287
802
3038
5686
8162
6289
8364
4747
175
1677
7482
9599
8651
8989
6773
3500
6351
8580
1760
541
6512
3098
4894
2463
8682
5865
3292
1572
5926
3617
8033
627
3691
4872
9901
5535
3856
2418
4639
1314
7824
1272
5859
598
9638
6360
1192
3265
8263
1689
9664
394
7071
6218
7824
876
3667
3046
5639
7414
5590
6533
6204
5612
1159
7570
672
9774
3223
2356
7522
8066
9625
7260
6529
672
5426
8794
1948
9147
1216
7340
2197
295
8199
2677
2357
8715
9190
3525
9545
9189
2681
6442
7225
8212
3127
4179
8281
726
6747
8381
1209
6702
9536
1052
9015
5281
3269
2808
2676
7374
9024
8513
9124
1063
4895
8304
8959
5953
5145
6075
3077
8196
1043
9989
6670
7855
3567
8800
5182
9371
6079
3343
3400
3658
3575
7949
234
9820
5456
2772
6534
558
4681
9739
3072
2447
4568
4367
6499
6672
5279
6220
191
6872
2825
2328
5533
5617
8275
9500
339
7907
6647
9616
5186
6554
4116
6994
8892
5622
4666
291
9732
4991
6193
9438
3918
3011
1193
9941
6405
6094
6091
154
379
565
3711
4104
9547
3631
1335
7131
9162
9648
5833
402
604
147
7210
831
3827
2083
69
6057
2083
2022
74
2495
9728
2614
6484
9448
4953
6254
4531
9707
7374
9182
8200
744
8171
4763
9359
1522
2681
3254
4630
650
9562
6183
4092
8329
1491
518
5349
9401
2726
4261
8954
4641
7852
9309
2093
6107
7826
1908
522
35
59
536
280
2382
3459
7099
6015
6869
5187
395
9348
2220
1504
3580
3968
1107
6430
3332
1135
1145
2866
6562
4148
600
4454
4236
9913
5969
3621
4020
4515
7413
5270
5319
373
1501
5765
6114
7163
1670
2876
9745
3271
4060
5970
3445
9897
7170
9290
3968
150
9804
988
192
5851
5929
4192
5526
555
6112
7990
8195
7300
7189
6323
7422
2384
2968
278
6116
5336
9755
969
780
6466
5694
4835
8070
1627
3977
3082
287
8799
3669
2374
6243
2085
2615
4704
5616
5352
3402
3897
563
5648
2648
7207
482
8800
9221
8634
7621
6584
1384
6413
130
5562
9366
2392
7475
4105
2269
5218
4261
6750
5306
7460
8592
2421
1079
4873
9454
6660
6484
625
5914
1163
6737
485
8823
9398
6758
1221
3050
3152
3424
7180
7844
8962
8328
8869
8160
233
7440
8759
7798
246
1101
7196
5273
5998
3228
6015
7875
4386
5635
6324
2459
8617
5653
9233
32
2729
6976
5642
3765
8388
7031
2683
2585
4735
6359
2734
226
4830
1801
1180
1237
8955
531
7232
8340
7030
8267
9687
1876
3398
7593
4708
5066
6542
4343
7152
1122
2970
1016
2094
5564
6664
8050
2541
5779
4884
8025
2790
3995
5420
9657
3301
1623
8306
7648
5477
8612
5408
8614
7460
2997
8229
8395
7878
9723
958
347
1765
1729
368
8944
2197
6322
4593
1140
6470
7399
7702
3936
2707
2433
9895
4358
7495
2703
1711
3224
4015
2557
4928
468
26
2713
8659
1053
845
2947
8653
9430
9572
3600
6237
253
1219
1147
897
9457
7114
5305
4744
9202
8039
2807
9923
2628
9829
2946
3813
1951
2498
3123
9322
9878
3678
1717
3411
5826
1919
7700
2655
5899
4977
8068
6133
3155
2683
8875
2990
5358
5758
7148
7647
785
6630
5217
292
854
7715
8932
6201
5577
2257
9050
8609
9827
3539
781
7434
9936
4926
9796
4552
4847
9537
3457
7469
8021
2851
8774
6794
5710
9221
3013
5919
7922
4214
7667
9662
5968
8789
280
1566
3930
5537
9894
6779
8348
3101
3396
9307
7034
7295
9046
5356
9893
7687
8586
9880
1385
6637
3057
8810
5398
5043
5207
4699
7801
6089
4226
5237
3687
4480
9139
3033
5525
6390
4252
6395
1175
6048
6351
6571
2595
8086
3470
7807
2849
3607
4452
1931
7730
1518
9726
8467
1097
1500
7032
2423
9834
8597
4448
733
4174
3735
8505
7213
5120
7636
3567
7109
23
8977
9377
8477
7185
1062
5680
1685
6184
5510
3890
2330
2787
6649
5699
5671
2172
5909
458
3992
3305
3964
4819
5562
9529
9806
510
7279
3550
1118
8195
2861
929
1682
2735
2326
1990
8533
432
4210
8349
247
7402
9240
1794
788
259
5820
2786
1409
5489
7490
9962
4818
6990
17
6813
4361
6245
6802
6402
6986
8236
4055
1752
7658
4685
8729
9527
2117
8003
2634
5429
8862
5325
7882
2081
9073
6082
4
319
2981
322
1816
8225
5853
2629
724
7614
5469
9202
3611
3089
2490
2974
1000
3377
2026
7023
6123
2152
6987
1435
2737
3075
6111
4290
3395
3333
4965
597
6325
9336
5459
4945
2463
9633
559
1292
3992
318
461
9435
9133
9343
7107
6845
8802
9263
2392
5912
8799
4669
5738
5966
460
9227
3759
1771
1047
4882
1988
7614
3698
5760
913
5538
906
3136
9581
5975
1185
7988
1470
4850
333
5520
1768
2254
6234
454
9015
9837
7578
3930
6680
6095
9437
5234
7713
2349
76
5260
3329
3891
6766
4588
9778
5144
4846
8096
2507
1563
228
8113
2322
523
4431
216
2527
7971
5924
7051
7899
3793
6016
3475
8103
2818
3433
6123
3529
1003
5555
2311
4898
1366
479
2399
6763
423
9358
9734
2909
9194
7251
3387
3647
6092
5398
5099
3866
7090
9588
5265
8617
601
9252
6924
6972
4043
8453
4555
3996
7291
6739
2983
3529
7981
3192
5293
638
1157
7135
9511
5062
3530
1667
7061
8264
1159
8518
461
2670
7038
942
6349
2340
1161
1914
2761
3595
7055
2323
2165
6845
206
1661
8144
3115
7819
1197
5147
5969
2180
6804
5237
5803
5934
4217
6612
5858
544
1444
5762
1151
1723
3527
9218
4608
6420
5143
5165
2472
4976
2200
9182
6304
7451
8088
7078
1419
3476
7185
476
1432
1721
1282
7205
2528
3258
8183
6587
6863
4029
8724
2526
1120
7630
8097
4132
1953
48
7135
5422
2902
8932
8729
3192
8553
9156
2614
652
223
3165
8378
9269
197
279
8796
8379
3625
1603
8434
7871
5766
8512
2697
7892
3703
281
465
9128
2316
2814
101
62
6586
2446
6104
7130
8189
8718
3403
7816
745
3688
4939
3593
4078
3203
2999
7082
8698
3099
8911
8835
2664
3853
9880
4858
4038
1826
6076
6561
3908
6869
8046
7954
392
594
6219
8165
2239
1612
6492
3468
1454
3691
6168
764
3382
289
4806
3752
7574
3896
5232
9387
3306
8426
3588
3298
5890
9931
2324
5236
3277
2535
3661
1423
4356
5860
5060
5007
4371
8739
2076
6013
7506
6297
757
6419
1474
708
5214
1000
5458
4220
8459
5020
5633
5512
9346
2273
3134
2394
3967
8868
9116
8648
6983
6999
3089
7112
8601
572
9230
1271
2608
2768
9864
7558
9286
7537
452
5089
9843
1517
8754
7069
9507
5513
2896
6846
1125
1099
3856
8466
4511
5669
9860
9070
1279
6815
3237
563
940
351
6146
4620
7228
3031
6054
2406
8895
6683
7074
5628
680
109
6906
3438
3771
119
1532
5918
4834
68
1322
5896
9753
4268
6905
27
2586
9499
5282
5735
2883
8044
6629
9445
9763
9143
7886
1949
324
9716
608
5112
1569
9914
7741
8884
8169
5513
4664
4909
3580
2640
3921
8334
2706
748
5391
3636
1883
5358
4109
4362
8177
5816
283
3414
7657
9796
7989
3680
5241
1072
1872
9514
5363
7354
8832
273
271
2931
7656
3151
9368
7155
2921
2105
6205
4730
8715
7660
8215
2014
4857
1455
2073
6534
4502
1077
4467
2962
4382
5729
3234
2644
8808
4902
8338
8559
6823
8459
2563
7258
2944
2855
9145
3793
1893
6046
8669
9273
7904
7800
5393
3374
1180
3082
3905
2395
8956
2596
9637
4036
6431
9574
2739
6451
395
5215
1937
8990
8310
3844
6088
3409
7732
970
5524
6462
3019
5296
5784
9005
2834
5403
3166
1
552
7135
4556
2698
8433
4247
2786
8880
8026
9362
2448
4562
7230
7066
1653
2779
449
2338
34
77
5689
6411
3740
1693
3293
5331
2496
2891
4790
4059
5746
4589
226
3507
7262
9079
471
5076
3391
3016
2148
9001
6781
8340
7619
811
6881
8906
8651
1624
8132
8193
434
719
9510
2596
4912
6427
7419
8871
8974
4186
2912
8004
8350
5496
7771
8007
5828
3421
2271
1266
3473
7503
894
2238
4928
7013
7914
4271
7529
5930
868
2978
324
4090
7846
6981
8136
7421
6604
5027
7425
284
7532
315
1263
5220
1350
8845
8315
5142
359
8000
5189
3033
7864
4898
4088
8925
4851
8317
815
8285
5445
1650
5153
6720
1695
550
344
8955
4183
741
9296
4423
8491
9815
5962
122
1173
2957
9360
4421
3738
7832
5619
745
3645
6823
4768
1431
2705
4426
1825
5987
7099
2024
6735
9044
3429
1545
1093
9675
8863
1665
8593
7661
7201
538
4963
9022
6123
1900
6408
1660
6909
5164
944
1093
1506
8046
4651
6950
9367
5560
1954
8034
7098
405
6930
939
3453
8707
7011
2847
6346
4682
1287
2306
3169
5081
7406
5620
4572
3950
2390
5855
2323
2289
7600
1920
9643
3197
317
5791
2474
461
9720
1164
9510
6736
7660
3592
8011
9752
6342
1341
3003
5748
1638
5883
3279
4151
2559
5185
2172
6197
6334
5828
2609
8235
3607
9134
4621
1160
5402
2774
893
3963
3237
7047
6419
794
2163
6560
9522
6668
3330
7624
9126
548
6018
9452
5408
1290
1193
1399
3727
2024
3284
9565
7435
8862
3224
483
5290
9410
1895
9118
8885
8807
9726
3494
965
3881
794
7495
9767
8963
9546
2117
8975
1549
2416
6697
7640
9989
5026
1804
25
7096
4413
1614
5636
4877
5001
1300
4424
2015
9655
5068
8406
2518
6566
6814
720
8864
2661
6240
5725
3728
3172
6438
7562
5171
4611
4661
58
3964
7548
8115
1454
4267
9964
220
1984
7710
444
5235
697
548
8942
7907
5027
7530
1139
6305
4296
1108
57
9713
8953
7177
1698
4321
5179
891
7567
9029
251
3474
4811
9472
7522
9701
7109
9931
1108
2100
7974
742
3923
6772
7648
713
8352
5576
2343
5557
1937
4120
3177
8443
7742
1233
6104
6344
550
1273
2905
2685
1390
6813
5717
8807
457
4376
6045
303
1460
1266
5610
527
3336
4596
6946
6367
642
8835
9015
220
8399
7969
6825
7557
1057
2539
5756
9633
1599
7583
8292
7056
7672
8527
2252
5916
4583
5755
871
891
8323
4334
5294
2292
1838
279
7991
1500
8989
9937
4486
8940
2646
3233
7278
1169
2421
6525
1248
6911
6730
4580
6100
8627
7868
1997
9366
2579
7201
9535
4375
1524
389
5130
4180
1625
5175
4481
7988
3922
1108
6965
6410
7368
3355
6911
6666
3107
5583
8345
2313
6743
1963
9929
9502
5401
1519
2395
68
8033
6057
7802
3825
7918
3615
7147
273
1456
2489
2695
3659
1622
7516
1779
9893
8724
5824
1965
2116
6465
4722
9828
2043
555
8454
9156
4308
7719
661
2109
3005
2969
2916
5504
2426
8924
3237
693
4089
2862
7206
2924
3138
923
840
7934
6716
5685
1994
5183
509
4061
1027
8834
1578
1664
2351
4280
1772
3489
6897
6679
660
3759
3718
4260
4741
2771
5770
6205
191
7016
2132
3508
9852
9719
5292
4619
6227
7053
3629
8809
3418
444
38
6375
1929
1083
9498
1754
6314
9658
1175
9421
1916
8039
2004
8970
8470
5878
3635
2452
1928
5649
2998
3732
4830
8923
9502
3839
3134
9410
494
6704
496
6561
894
4263
6397
863
9771
6669
6912
7160
2684
2099
9722
8629
8240
9991
4786
5130
4355
913
633
1852
5263
6336
9114
6430
4095
9964
8736
3415
7103
6984
9379
5153
5535
8758
3642
448
4503
3558
4244
1148
8564
7933
3106
7869
5807
7166
4203
4611
2511
8807
3555
1152
6805
5643
7430
7266
1830
9831
1887
7920
822
4851
1221
5167
7790
7576
5124
4338
704
6296
9849
3901
2738
7822
7127
420
3014
1315
2776
2149
602
8042
8845
2910
8187
2873
2774
972
452
1556
2445
4273
4069
6247
5580
4065
6191
8176
9423
873
1211
1767
9972
4765
8266
5388
4351
941
3655
2043
1930
9379
1849
1197
5738
5659
3541
8142
492
3295
7424
247
7166
878
4097
8984
923
9273
3029
4004
2814
5978
2445
3576
6968
7233
7057
7929
4252
6588
7944
9353
5111
8913
4735
7062
9901
1004
9847
4111
590
4160
7244
2436
5384
9148
655
8473
5302
6587
8901
5782
374
4375
6328
5870
9849
8732
3099
1610
6035
7093
3995
8066
7122
3269
3825
6727
5883
9555
4117
2672
5743
7251
3340
1055
3469
7821
273
7166
9138
5837
8082
1452
7803
2118
6177
8158
2523
9171
1163
6211
8439
7084
502
3209
1087
4417
2451
7478
9176
7206
7218
8820
2260
6811
9045
75
8146
3959
4669
9532
8978
2673
8449
4936
3905
9418
397
2939
2930
9498
3622
5993
5662
3973
6315
1859
130
2394
2616
4533
7271
4504
4532
4735
1215
2413
3003
510
5067
4317
6022
2630
4314
9387
4117
8143
4603
71
9198
6089
9747
5492
6383
3646
4858
917
7696
6898
3712
5603
1236
9641
9389
829
5262
229
5238
6349
9201
1610
6108
8803
7055
5745
2670
6448
7091
7077
7614
4961
6426
6541
9297
8742
1995
2246
1520
2638
4104
877
6108
7217
7244
4822
7903
2490
2100
7868
2765
3582
5083
3429
9224
3373
830
1152
451
4820
5278
4958
6894
4861
8051
4123
3553
2852
2813
4887
1028
790
4486
3541
5899
9752
2324
2016
1263
6689
6842
6341
2534
7973
1454
9041
3509
1359
1685
3943
2060
2651
5051
4862
3151
829
7535
8453
4693
7777
4986
9476
1722
4064
7648
9473
3007
6683
2511
8827
1201
6584
5
278
967
5526
590
7315
2085
8830
4010
4747
1133
4632
3693
3017
6837
2279
4336
6945
4403
3042
9670
5809
5909
9600
5689
8578
398
9407
9778
1114
6971
5857
8151
6546
1539
3092
5198
7103
6684
7437
8640
3392
7339
7488
9225
2562
35
7102
9164
5747
7023
5435
5187
5105
6986
8330
2468
1150
9675
8664
8128
7907
8447
3570
1701
9694
9871
452
6403
3865
9120
2240
2491
9928
1640
7190
4578
4191
4350
9334
614
606
3787
1935
9128
8170
9901
5139
1623
2136
523
2937
8733
4233
4386
3806
8563
9293
4461
8666
8112
1237
8083
9723
1230
6729
4427
6896
9149
5618
2282
899
2193
7030
1869
2531
8551
8718
6914
7549
8533
9157
272
503
5119
7087
5896
9370
7301
3715
6659
1929
5002
567
6490
786
5183
4167
3861
8495
8478
5105
5547
9945
3443
7792
4376
3803
3908
5330
1165
7470
7378
5960
9201
1286
8199
266
6004
6632
3423
8645
7220
166
4052
7283
1321
2985
8401
4661
1692
3818
2936
2862
1349
5837
9679
5007
3520
3338
9188
5866
4593
9577
386
6102
3247
345
5020
2335
1740
2542
3446
8246
1285
5125
8883
2268
2372
6932
9896
7735
6579
2275
2783
6638
1131
8161
8408
503
1914
3845
4827
5099
1091
2754
5689
2066
7871
357
6528
1568
1362
7374
7484
1067
4409
9097
1162
328
3375
56
9928
1425
6638
2751
1417
2358
9042
7803
9092
3597
1497
8224
9676
7383
2935
5469
8315
8128
3926
3966
6215
514
459
9646
9622
8727
4308
7959
1294
8121
4733
3576
6693
6585
9505
865
8503
8936
4766
2030
1334
5268
6257
4334
5612
3618
689
1503
4379
5141
2776
3239
6038
5641
7787
417
9513
3807
5418
8723
2530
1765
1459
6968
7939
6720
3505
6142
3199
41
3234
6238
882
561
4215
5188
1326
1362
1924
5018
4767
1764
8967
4405
4960
249
4437
5163
5399
5926
2000
6816
4235
9566
837
9164
2166
9660
8097
6186
9013
1788
4244
8639
4188
5751
8734
5317
2278
986
5989
6932
7419
322
265
6172
314
8822
8286
5985
1205
8912
3113
6115
3292
6185
1638
7240
4754
4880
9078
9001
6988
4679
6246
3622
4296
907
2746
8790
5370
6062
7720
6032
49
8162
3473
8735
840
8291
2715
5029
6680
3458
3305
3167
6426
2746
4956
1025
6379
8065
2114
5150
6889
4173
2621
6165
9066
2624
7711
9883
2475
8721
8961
5986
1478
2824
323
835
4301
742
3181
3661
9026
1679
6244
8761
6889
8501
4697
6953
5413
4034
7515
4285
8463
6449
4141
338
6006
8634
6434
8104
1408
184
1732
8046
6094
4473
916
1276
8669
3970
3611
1084
2057
2699
4879
9221
7724
8318
4290
9606
9908
5144
6852
6108
9891
2809
4729
3440
2272
9758
6022
6688
330
4504
2036
9512
7869
8488
7350
253
5181
4298
9815
4118
6831
1899
4541
3031
7512
905
4811
2619
2748
6165
6226
2989
776
1015
8822
5987
5868
9263
2943
6520
4064
1123
7894
724
1159
6266
8432
5963
9425
3731
5303
7375
9946
2131
3523
4610
6208
3801
4855
1740
5314
3824
4344
7029
3267
7169
9321
4767
2830
4977
1873
2451
7620
7822
8142
4167
8224
1586
9155
7497
1596
3826
2365
2699
7644
3189
2003
715
4536
5332
3595
3613
7144
6331
7930
535
5016
3577
7267
9721
5610
8809
1105
1527
6906
4365
3568
8452
3661
7076
1269
7612
6675
2953
3789
8190
4059
6776
3987
3861
5237
9804
5580
1298
1411
9466
9244
5528
6617
7156
3755
6723
8388
2667
6338
2661
6791
6532
2463
7119
7312
8949
8617
9768
937
8653
4317
3789
810
4301
4758
261
9627
4135
6955
4576
2615
9953
7411
4908
1709
3830
5444
5139
1824
5434
4680
6340
2686
855
4048
9612
1390
2648
3555
3409
274
6770
2719
7131
9660
9370
5937
3023
605
7847
3311
633
4809
789
9970
2518
2614
4403
5137
5740
1907
5402
7032
3190
3956
9738
7944
719
4188
546
4503
4330
1204
6748
5512
7164
7479
6627
7942
6087
9216
3425
7306
1427
5563
6570
7293
6763
8520
1839
3959
4338
2831
5647
6085
5152
6381
9984
6232
1244
9884
2310
8218
4232
6384
6414
6700
9668
8030
1626
2635
9904
2119
2873
6850
3057
5058
3602
1816
6767
7448
13
3306
8489
3033
2030
4595
7413
2796
1711
7927
1736
9539
2729
2255
1710
7421
7390
2799
8775
8645
4502
8084
1502
8967
8275
8601
183
7267
7187
1080
5733
8042
2115
1917
2741
8085
2379
4678
5642
8198
4313
5895
9206
4406
7741
4987
8785
285
6463
244
6745
3728
872
3379
9815
5284
2083
4723
1514
1664
33
9104
1314
8673
7683
5557
5882
6616
3832
3731
9523
318
1060
8077
1498
5959
6041
2032
3461
6260
8404
3489
3391
562
1958
4638
9981
7137
2477
1318
1148
3519
1615
1700
1417
3794
3075
5335
5917
1332
9356
9613
8755
2904
7906
6701
4648
1900
7118
2132
8637
8215
5698
9256
3756
9937
7604
360
5749
2946
7381
4692
6531
2818
7601
8233
5264
1120
1381
4164
689
4014
7128
6920
9007
1642
2824
9899
9652
9815
6643
7675
7183
6041
4302
2301
851
6496
4724
5014
8018
7212
3679
1074
4961
9887
348
18
9753
7952
7534
1875
8938
75
5458
5353
1275
1957
4762
4843
1410
9390
3817
4535
9580
7423
9834
9094
6778
2963
429
218
6889
5970
1438
8756
1308
2472
6627
4355
9320
1029
1235
215
652
8973
3150
3635
2139
7584
1356
6240
5191
6051
3238
4814
7867
6829
8987
4885
4180
3966
9744
6986
9982
393
9560
2734
503
5875
1963
3312
9346
5524
6694
4739
5019
9610
6463
4586
9186
5596
5330
6223
8917
9516
6973
4419
7550
4422
9605
6943
6214
6693
2611
5434
6964
4949
1151
1779
5959
3603
3959
8142
8459
2976
3036
5660
635
6164
3289
5874
36
8560
2352
6764
6626
2828
9379
3418
6634
9550
3020
9288
1314
76
2650
1084
6576
5465
8440
9897
3582
7419
9532
1152
8855
7550
4217
6518
353
7969
3921
7328
2071
2205
2170
3738
1393
5350
8363
9480
6402
3211
5316
1700
9310
3511
8840
6758
7286
6346
1880
1026
5361
8865
5724
2394
9289
3937
2304
6276
7568
5236
1738
151
7517
2106
3908
5151
4838
7200
5866
7728
5659
9678
5313
6711
6797
586
865
6587
4089
395
7153
1778
1253
1112
1598
6513
1494
7102
1223
9372
5387
3536
7784
2011
9242
4937
5585
61
7989
3165
3843
9094
2953
7117
4998
8164
5619
5049
9130
1024
1518
7792
6248
255
1581
4868
179
632
6433
8392
5617
3648
4408
4827
2560
257
148
6846
4967
41
3187
1585
2170
622
8735
9116
457
336
5332
1657
8438
3031
9273
6735
897
8171
8685
280
8657
771
2352
7012
6657
8949
