5236
6798
463
9263
5119
9378
4504
9797
7204
1305
5980
8473
304
2888
6982
7712
6006
9215
4642
3798
9037
8178
8004
4746
8372
4056
4408
1285
675
13
8935
6043
4576
5778
1698
8906
7466
9364
5487
7920
6485
3194
8653
2249
4498
9384
8949
4309
4666
8992
9951
3016
536
1160
6046
8395
4432
2758
4905
6017
8864
4936
8311
644
6993
2817
5590
9789
8537
1646
680
6658
9953
2774
6315
7289
1598
3535
2340
5419
3215
6318
5239
1380
7505
7558
1877
1815
3074
9474
8978
1518
6896
2765
1777
3791
6381
1390
9407
8731
3810
338
5833
9808
6893
2306
1035
5038
8232
7987
951
6070
3927
9915
5341
3293
3006
7345
7613
5633
7053
5262
3638
707
2665
9760
4346
2242
2183
8478
9184
9736
8360
4805
853
2318
1564
8704
705
3387
5636
2278
9138
1945
2296
4302
7767
2344
3425
5869
5098
8108
7077
2544
8858
5042
5165
4917
8212
2752
7412
8723
702
4586
8366
2187
7969
5216
754
9046
3600
5477
9062
1949
1977
1514
3654
4488
5062
7337
1184
1358
8704
9902
4719
6987
3986
9391
7393
7184
853
9005
3047
8788
5933
6114
6761
2503
8463
6490
3924
2535
9213
5007
9682
7564
1280
636
9924
2735
2497
8275
5197
1192
3156
6522
5438
1491
5681
4879
1577
8916
704
6397
4421
8306
2880
6007
3086
5199
4149
1505
4501
5480
9756
3150
5963
7927
7275
5555
1030
6342
2874
8714
6461
1470
648
9331
9894
6669
1212
5446
1402
5254
4953
5300
3041
1858
6300
2571
7487
965
9301
1943
2138
972
5232
1029
3895
8498
735
1075
6304
6673
7606
3476
8693
9253
162
719
3484
5180
8935
6167
9270
4330
1268
6646
4047
2137
4517
6674
9873
3246
7333
9825
454
6983
2014
5689
9512
1424
2527
1712
7032
2740
5736
1906
3143
5265
4309
9585
7811
4452
357
5159
433
4340
8118
1526
3700
6011
6174
9425
4024
2318
5096
1812
1278
1869
266
1629
148
9830
7263
2494
7103
7908
165
26
360
9141
4725
3693
4032
2314
331
2777
5937
503
7953
8522
4259
2602
6860
7195
9688
3512
5698
466
5317
9235
8647
2182
2573
4536
8963
7329
3867
3044
1953
112
1531
4455
1350
5175
838
1953
5180
3457
537
3480
8171
3286
1601
620
947
5557
1397
8961
9768
9456
2975
204
9626
7271
8104
8809
6223
7965
2623
4425
8864
6455
5830
9801
1197
1827
7146
1549
7197
4853
6733
3899
2231
3964
6705
4180
6134
2451
7970
1726
2524
4643
529
8700
2070
5733
6361
6367
344
9574
7664
1861
3061
9380
3820
8720
2764
1685
4703
7826
8834
6902
6480
7652
6665
6177
9751
1398
4154
264
7925
3312
6596
2061
9406
9543
5392
7540
7748
4700
3776
2336
3313
5230
3988
1914
9440
4864
1833
3393
1881
1573
2319
4555
2663
8935
9189
3833
6328
6071
6755
8904
2737
7358
3347
8020
7050
4146
28
6935
8365
8949
8957
2479
8679
8391
8387
942
888
1404
1959
4315
4685
1545
9095
5829
5543
5943
5407
440
4487
9417
5268
9672
5193
4810
3597
5146
9946
1728
2174
4659
5400
6510
1922
2839
7124
4341
7508
2083
3718
153
1754
9031
2462
7634
8207
9067
8018
8905
8507
1666
2841
2083
7218
9180
66
7978
2262
677
6594
4486
3097
4603
2120
6778
5363
2061
8511
3163
3228
6222
6368
588
2406
5577
7312
1604
2746
4575
6813
7937
2014
5691
4225
918
9216
4071
3521
7024
5218
8807
6036
2870
2
2387
8067
7038
3764
3315
5082
2973
8526
2467
8024
214
4688
5717
6312
1556
9710
869
588
7827
2827
4808
7571
9544
5139
8494
6728
5328
901
4342
1063
6582
7692
128
2363
6319
8921
1534
8489
7439
5231
8292
3379
4846
8906
2015
2026
5717
1692
4498
4099
8178
8262
6571
3588
5452
2351
5204
7276
1888
484
4997
2364
265
9212
5830
2230
670
2135
7586
8576
3462
9651
2472
5269
1287
3402
3531
297
7387
6459
8921
1862
7651
5139
2681
6759
5606
6856
8349
193
5154
5618
8647
73
7620
8102
9096
8390
9250
5712
7316
9652
8133
9933
3297
1362
8852
9763
78
6457
5435
2813
4271
7049
6267
1110
2823
6689
1162
1089
6367
411
4987
5571
8290
3554
7513
1518
3099
9072
7357
330
102
9465
2336
7922
531
6974
7898
1865
3338
5982
7832
5415
760
7183
1931
3443
3399
1173
5277
8751
203
381
1455
2875
2889
8569
270
375
2994
6568
9205
7240
3357
1073
8091
7078
899
1932
9069
7168
5604
861
8038
7660
135
2238
2202
8287
8654
7672
5570
1461
7880
7245
2562
7422
7696
1765
4199
3061
3298
1442
3180
9854
8302
8370
7947
4892
9061
3570
3072
1020
4432
1354
2537
4321
8209
8712
8506
8205
7505
2988
8606
2328
3688
4206
9895
3664
2347
7111
8646
4414
8063
9170
9542
177
5323
3552
5539
6089
8476
8354
360
7553
2339
5223
4870
1434
8009
1523
7360
2081
7346
1224
1859
4172
4415
4291
6724
3558
1133
9669
3649
964
2716
4556
6153
147
6026
3774
775
6544
1405
8578
6746
1012
6751
7899
0
4186
5891
113
4992
7887
7223
8173
5943
1012
6690
2785
6715
3427
1868
6723
3403
5100
589
8580
2855
538
9453
4224
8076
4343
7035
2404
8919
8264
5129
4567
2347
6390
5573
3191
3550
6747
5138
7650
6894
8678
5940
2045
5232
1162
6235
819
5385
7257
1927
7486
6725
5576
5002
9435
9237
9792
9563
4381
4150
3377
3990
497
9564
914
4176
8633
590
4585
1209
4248
7898
6099
5402
6873
8425
9233
5774
5596
3293
2560
9469
6189
2327
1603
5859
5730
5702
2575
9936
4722
3402
6211
3912
7885
2934
2514
6203
7547
275
5886
1310
9797
2033
3714
4168
6746
8536
603
4889
1743
2941
4549
6516
9335
945
6862
5486
9898
5459
4217
5663
6341
8758
2258
7637
2686
3261
1497
5863
673
562
2332
1975
4492
7014
6325
4337
3188
5250
4237
5968
1170
9261
6059
6032
318
1302
2622
8270
7238
9345
386
1579
1611
6031
1778
9551
8920
6213
43
9227
9887
2911
2617
3895
9010
2973
1313
1673
347
4075
2569
2215
4953
1663
4487
2356
2551
8188
9893
6870
6907
9267
5806
569
2280
3433
5720
8268
8368
1395
4638
1896
2041
8109
2664
9633
8474
9419
8345
5494
723
887
6677
1906
7719
521
1501
7477
6807
4581
7608
92
8139
301
5360
2412
9103
9207
6471
7887
3273
8042
7508
8389
1555
5442
5133
7931
233
6979
98
9225
1392
2442
2596
5637
4752
2942
8896
5446
2688
1557
860
6499
4973
8484
1453
7177
6534
5199
674
7755
8903
2686
9713
4340
2640
5264
5692
7624
6194
7513
3536
7496
6197
3175
6154
6884
4841
2371
7141
2171
6999
4402
8708
7743
9010
2347
4856
6739
4288
3027
6063
6454
63
6148
3243
1225
1094
9516
7754
1116
729
6305
9366
3079
5864
7971
5435
8388
8421
7482
9120
778
5424
5678
1364
4803
560
2038
3575
8143
2208
6328
5890
2386
2052
9791
163
2153
1255
7402
4793
6394
1379
6144
8537
9289
4891
2034
9867
2535
4168
2201
212
4916
158
9919
3984
2181
8075
3945
2491
497
252
8177
7245
1301
5451
1107
6192
2056
6184
9005
3839
4008
5123
2665
1373
8723
8132
2263
5054
1346
5607
4067
9926
8592
3559
5271
2668
2296
294
8441
1035
7356
4342
5524
629
3250
2775
3972
8740
3289
8413
5963
319
9
6509
8881
9285
152
7925
6552
1657
8697
7797
3725
9866
6767
5038
3114
5309
5008
8581
8537
9865
9940
179
4339
8943
941
8828
119
9252
9536
3914
4534
8541
4673
5942
2602
886
5405
5379
5655
831
8369
9575
7354
8787
5064
4918
2878
3574
7473
9261
3421
6394
2191
7511
3539
3134
4825
2111
3391
7316
3106
291
3027
7997
7188
5234
602
3380
2517
4914
9209
3715
5276
5872
6574
2918
5773
6005
5637
3514
3583
1553
330
3921
3950
3174
7736
6326
4988
6276
3456
7303
8771
1836
6213
5428
710
9668
3652
3890
4405
2134
7970
4779
8063
181
9405
3494
1202
3053
4804
7311
8334
1045
226
6899
6807
3652
2534
9195
6249
7101
5006
7602
5590
8809
4914
4468
7851
2864
1949
533
3809
2131
2085
5563
2991
9672
6940
8617
2268
8195
1951
7160
6242
2286
8300
628
4542
6533
3120
1121
3588
7760
9118
4265
9744
7230
5404
4707
3015
6266
1543
8016
924
3005
3703
6869
9182
4240
8366
2320
894
8731
2425
3130
7519
1503
2729
3560
2582
541
8107
7053
5377
4193
8339
7247
4532
1006
6696
8324
5982
5079
3736
6633
3786
1576
3852
2174
8817
1839
759
7970
9549
5465
7048
4919
8297
1277
6511
9442
5588
4335
2203
8385
580
4179
2049
7417
4903
9167
4810
2491
2340
9771
1012
8482
7696
3495
2712
1371
3277
3977
875
5217
1629
5169
2654
6773
7540
619
256
2071
6875
9553
4948
3203
9169
4634
141
618
5628
4611
453
3004
7997
2137
8637
6143
8210
6368
3215
4783
7748
4930
3471
8578
5585
3719
6016
3462
2724
2542
1699
1642
3264
4246
1114
8646
8396
2731
9674
9927
2120
5952
6527
27
5821
5173
1049
5877
9651
917
868
5758
1916
4623
806
4985
2477
5935
2962
4832
5853
2569
8873
9248
5286
8801
7984
9118
4041
9705
8092
3076
5838
4648
3370
2364
1081
4803
4715
6104
8007
4347
1373
8940
4520
4420
5029
8489
5511
7981
3575
4374
6228
3664
8
2973
2946
6039
4299
6495
2108
3081
2936
5237
4099
9824
6667
6548
3475
6232
9432
2044
3939
7975
9868
8877
4811
8339
6206
4759
3936
7412
4485
7052
1915
8584
1683
7540
7656
828
9855
765
9961
3342
944
5341
3658
2716
5925
806
3376
7688
5282
5764
1115
3531
2693
1734
9899
7186
4183
8262
7870
3898
9934
8455
4327
7700
9102
1914
9723
3060
7455
909
7092
9964
6362
8577
6808
8112
1710
9382
3844
550
6143
2389
8178
4556
8766
9913
4266
6341
5267
1003
4085
9473
3463
6969
8668
600
8286
2339
5791
2979
3889
4321
8034
136
1338
1476
1249
6240
4648
5256
2260
2406
4259
8882
6173
9294
9945
5324
9774
7279
2615
1242
1640
9343
387
9864
5727
1401
6726
2386
6169
7037
1367
7423
3957
9413
1874
7771
3416
3408
4824
4160
5026
8253
1488
1824
1359
3141
1019
9202
8778
1940
6037
3766
4844
1526
9816
1575
6834
8651
6906
6556
8588
8806
3398
7514
6418
6136
472
6842
1937
3219
3890
6178
947
3678
5148
1411
3485
5300
440
1391
1378
6233
2803
3797
7940
7739
9352
1306
5578
3536
991
5605
94
1362
3954
5814
4381
4948
3375
228
4545
1007
4042
4867
380
781
4170
7967
5802
8769
676
6311
249
8145
565
7848
4421
2306
7576
2837
924
927
4727
6112
7936
2965
5534
2696
3387
1373
1804
8847
524
5190
4051
4086
2239
7023
6334
3863
4187
9807
4850
2847
549
6065
4925
9174
2530
543
8140
8236
8842
8585
9816
2850
5080
5970
6880
3154
8814
1032
1442
4620
6741
5502
5938
2223
3138
9511
4749
1600
8948
9921
2056
7273
3881
4284
5489
9345
9040
1398
5415
1892
9002
2052
9142
8095
7418
7151
8762
4474
7771
2488
5781
4834
7201
969
6939
3314
9655
3034
1882
1757
1144
5581
6120
4699
8025
6006
6548
1454
4755
634
7166
3983
4558
4051
8579
4554
3705
5966
1185
8723
9543
7570
7033
3347
1843
6396
7394
6499
9348
11
5545
5347
8891
6661
4118
6248
5449
5428
6251
7824
5454
3553
6070
8739
5116
7675
7205
1720
4634
6820
6777
8256
196
4377
3474
1955
5088
2379
6762
358
8411
6895
4191
6982
7234
4510
9160
5700
2989
2729
4056
2988
2805
2030
4608
371
7382
575
5839
3948
2608
3861
9365
6184
6568
6001
8005
4152
3627
9226
2857
3136
3490
6136
5103
9609
6240
9692
208
3635
9369
8138
321
7398
4365
1092
9635
2851
1698
5508
5878
2908
4432
8005
5914
9708
5349
6399
437
2420
5033
765
4609
4883
5675
4477
141
8305
9018
1107
8883
8329
8481
8906
6874
2881
3546
2392
5026
4663
8147
5661
1868
9865
5645
24
9180
3969
9793
1974
999
7244
5357
296
758
4677
7708
5168
7085
1170
5124
3031
3301
1450
9561
1710
1477
1538
8543
7343
8464
3747
8412
4447
6135
8826
6700
7746
4543
1468
5982
3147
5805
1411
3212
2655
3022
8937
4312
3685
7460
8208
4961
7996
4426
9563
421
2552
4360
8141
3248
9035
9842
3772
9107
3724
9035
321
3616
7559
4855
8335
370
5153
2477
494
953
1382
3420
1859
6547
1024
213
6494
1334
2182
6629
8671
3929
4799
1206
1509
5235
1809
6748
5189
9083
6491
3146
643
478
843
2295
784
5119
9772
6091
1457
457
9040
9603
8967
9424
7782
9044
6976
5510
2184
1708
1738
7545
6468
9156
2095
9241
8789
9553
3025
5384
4349
2970
788
7354
113
1764
9218
123
7233
6089
6495
720
8179
2584
5482
8005
3930
4517
3916
8806
5928
753
4784
6105
4845
3860
6655
8808
6251
2775
9462
8717
4984
2206
839
3575
4815
1282
5353
9177
9043
8941
4061
8032
4625
6110
8622
5813
3153
8317
5012
2201
5080
425
4197
8605
9406
8604
8312
1524
8535
6032
440
2032
9696
8426
3249
1977
7639
2165
5114
3772
9111
8234
6062
6224
4943
8443
265
5508
5454
9327
5116
7828
3502
4247
7902
9050
1114
7183
2767
7824
2620
9393
9753
6852
2008
1683
4133
2149
7663
3504
1831
4698
6736
2276
1304
4194
7169
1185
5294
8102
9862
9151
6042
8618
1532
3841
573
7778
7333
4386
2599
6241
5008
7501
5422
3661
5396
5916
9000
3695
5081
9945
2518
9366
3427
4544
4285
5963
2059
5109
8545
5374
9052
9586
2784
8752
87
3417
4600
1322
4052
8344
3254
315
5558
7146
8012
863
7497
1593
4734
4858
1818
2946
9850
7892
4163
7169
1057
2734
4913
3035
4742
2722
5828
4811
6658
505
8835
5844
4962
39
2778
5893
9694
3712
6337
5370
4870
6030
7082
2095
3178
3050
8198
2639
4519
440
2612
9979
3145
7471
8855
2407
5954
3317
5171
6606
3909
7434
9460
3045
4447
1563
1099
3581
2163
5383
9318
210
2800
8430
4811
4849
978
5204
7377
6694
3297
8597
6203
7043
5001
2307
5857
4924
3111
5403
7324
7807
5005
2070
3134
7026
83
1099
4268
6149
4378
1842
4490
7382
8286
8435
401
8227
1143
6380
2191
2602
7468
3681
555
6188
7637
3998
2051
3168
2347
88
9028
7027
9278
9010
5781
637
2610
4828
577
2416
8935
5845
3983
2298
9924
9969
2623
8473
752
1973
6115
3326
1564
703
3896
6842
256
7619
8896
6981
673
3088
8622
5261
5787
6162
3901
7211
3521
9200
2092
8770
3518
2325
5930
2625
3815
9836
8426
9688
367
4404
6643
7191
5046
8451
2471
5313
6431
6551
5934
6847
2957
8856
2942
4577
345
4217
3593
8048
3378
7949
9315
8175
2306
6118
559
8880
4809
1976
421
3027
6073
4348
7362
2200
2653
2529
7004
4054
9094
5165
3983
4324
6483
8658
8905
7876
6188
5099
9327
7008
2171
1333
3082
5836
9128
7771
482
6507
6128
9417
6197
8014
6753
3746
9619
823
9460
8973
6505
940
9944
6042
3449
6758
9383
915
5122
1673
2439
1341
2257
1198
2831
5806
2020
8620
3235
6680
9830
3158
6719
3987
461
237
8572
8761
8428
9206
7186
5419
9364
1591
6986
6241
6846
2586
9485
3855
5502
2532
9999
5379
8165
9455
4898
506
7381
3844
6697
4194
1921
7588
3338
890
897
8581
4702
7350
2543
634
2744
3791
961
9131
7295
7159
4547
7396
6090
3946
1936
6649
5223
1664
8717
7175
6888
4991
6130
54
2523
9325
9414
9163
1189
8339
7798
6953
2250
6653
2305
9639
5099
8653
7747
7805
2380
6272
6508
6920
6753
7592
5324
5789
2661
8569
2350
8810
1510
9327
1406
3400
2784
4556
7720
4381
6708
1232
8223
14
3493
9585
1654
4001
8960
730
3134
6736
2549
5039
7341
6201
1462
4958
7575
5427
4074
8641
8348
9420
3103
2720
3950
9773
970
3316
8893
2255
2428
4358
5824
6358
2547
6790
5330
3883
4185
8920
6327
2136
1037
4232
8186
9341
2765
3406
8164
2895
5325
5005
667
6720
3590
2613
901
7946
7054
8488
647
3060
7631
7754
5198
1799
9991
4017
121
8731
2732
9116
1073
9658
1738
960
8279
1766
2474
4957
6392
5030
3312
2464
367
4763
9585
2322
4743
3889
6927
7053
7755
2290
2979
6302
13
6580
2806
3094
3999
4947
7788
8938
5601
7897
7629
1099
9799
5913
8657
528
5366
5819
1720
2047
6844
129
2595
3738
4905
7976
3458
4006
5741
7035
6331
1367
1199
4578
2388
3864
3080
1463
5037
8326
8826
5689
2685
844
5936
4713
7575
6425
739
8018
3048
7421
4149
1382
7680
4915
9630
8771
1115
3352
7889
404
5243
314
4331
900
6932
6891
1751
1373
9635
4165
5856
4206
5548
967
5876
8620
2255
2222
7650
5839
2277
7711
1392
2925
7917
2720
1451
4292
6798
4598
5499
5537
1608
7241
8002
4174
2843
7124
754
4279
4499
889
7192
5549
3855
65
1257
6788
9533
7105
6887
535
7763
8280
4703
4011
956
9429
1859
7985
4110
8341
7807
4949
9316
6890
9514
1828
381
215
4779
2010
9711
8647
6149
2489
3977
7806
8593
2614
1973
8680
6551
5293
4582
5341
584
8372
451
4390
650
397
3023
6281
3265
1366
1365
8127
8039
3706
9405
1559
9784
8570
5949
8388
924
6598
2351
4593
9521
7205
2843
1061
5637
4917
1457
8530
5277
6428
1461
8807
8933
9213
2983
2213
613
3750
2685
5070
4955
7733
176
6233
9819
8987
1856
5442
5008
1993
8581
3807
1613
8023
5027
830
4069
8340
9321
5417
3763
1639
2486
6412
6807
9459
8568
7453
3886
4954
1474
3193
861
7560
9657
3408
9113
6992
1660
5447
5765
8405
9182
6811
8761
862
2050
645
3708
508
6161
5881
9246
3080
1482
4552
9301
6661
3319
9942
7346
9973
839
4966
5150
9560
1246
8017
1782
2415
3221
6053
5824
814
4047
7018
2137
5375
7626
7760
4045
5347
2558
3812
5090
4996
9445
7521
1442
5703
9639
5076
691
3933
9889
5880
5924
856
4337
6079
9494
8346
1728
1922
5588
2872
3548
7535
3553
1918
3681
7618
4285
9853
2564
2335
9955
8799
4332
299
1714
8859
5917
6570
3126
804
3250
9186
3411
5756
150
4447
3245
3429
5583
6320
4790
5128
5656
2463
8325
3823
538
8702
1871
4668
7158
6365
7141
4877
5249
72
874
4135
8909
5404
7967
9023
3679
7258
877
3352
7394
8804
2959
7702
4424
4245
8681
7041
4520
1773
4312
181
985
3290
4824
1334
345
6914
4428
4961
4282
5341
1037
1950
2394
6095
1378
8786
397
3539
6489
688
6889
7971
383
9775
4734
4036
7170
3799
944
4302
8576
8389
162
2281
4043
607
2289
8963
2716
5249
4938
6446
7424
8357
2041
4695
8003
7184
511
9360
8872
7097
8735
5392
3331
1222
8405
9440
3875
8687
6211
806
3855
163
5802
2286
5772
2729
6033
8500
3272
4671
5525
4623
5782
1198
61
5879
854
6783
5225
4871
2816
8694
3975
6110
6989
2428
9969
303
9891
5788
6742
1480
2667
835
8627
7615
7808
7962
7614
3944
9318
7439
1855
3428
6116
1983
2556
6356
9855
273
1023
4011
5029
396
566
2817
1987
3640
7590
2756
419
946
4925
3416
4870
6585
1475
47
202
8245
7052
388
7032
1687
7581
449
4797
4219
6648
7361
8162
3035
101
5360
7194
3501
2895
8206
3991
2189
841
1682
3162
7525
779
2651
5557
3320
6685
802
4430
3582
3678
3755
9139
9801
5745
6795
9461
1111
1125
6179
1859
7312
6720
7978
6515
9039
7495
9097
2894
3022
4253
8095
2409
1498
9797
8853
3708
661
9381
1116
9761
3082
5865
354
8859
2843
6081
6996
7569
7958
6057
4045
6485
6998
1043
5821
8965
326
1362
5109
2589
3536
5637
3374
8534
3908
2431
9
8463
2980
1983
545
7015
2732
1569
125
6308
7599
4464
1153
580
6620
1318
3076
461
6735
5121
1741
3539
2100
6468
3702
9382
6423
3015
7475
8596
903
3532
1644
626
7433
6240
3877
6131
5944
4089
7038
9042
7849
1762
7495
5442
1037
3152
4988
4528
8928
144
8174
1233
8063
5120
3281
5598
2102
9958
9538
584
8439
1553
4145
25
9991
1082
5644
3705
8002
5126
3196
3161
4495
7547
8120
9808
7518
9772
727
5376
4125
3939
4708
3956
1338
5034
3610
1816
7411
6711
2334
8645
6313
3105
1916
5400
227
4355
5258
685
8943
220
2777
9501
1779
8607
569
97
7970
8510
956
7058
7546
7039
579
6399
5097
3496
9828
2410
6704
2556
1005
1264
8752
6466
1587
8258
9505
5902
3267
1924
1026
7838
7929
1202
5082
2451
9871
7754
2365
8362
141
3882
8986
1702
8511
6087
7057
412
5540
6199
7202
315
1170
4764
9744
3141
7447
1149
7109
8047
9995
5890
4767
1921
865
6491
8456
2778
4652
6590
3331
6915
6094
7436
6034
6798
8076
8959
4133
5739
3965
4866
6877
7494
9313
1645
8574
6497
6895
5307
2483
9322
7318
7050
6859
8760
6005
4606
3729
9943
902
8322
7145
9838
5828
8748
2550
8345
6750
1500
2857
8632
9236
1905
4820
2275
7262
8840
9149
3976
5804
6370
7166
6531
3512
2192
3817
7465
6568
3277
9352
5280
735
3657
5090
6638
5907
1870
5994
3213
6841
8273
3474
9208
6572
6742
9437
9925
7053
9856
5073
1791
6613
3108
2027
8990
7717
6584
5757
2053
5806
6654
2578
5816
7053
8999
2163
5336
5598
4358
834
5773
7409
6946
8850
3663
714
6567
1946
3920
3538
6841
6623
3209
8220
6934
9598
416
2066
423
3195
1603
9853
5603
4211
8260
4963
1281
6958
8816
7098
2823
6209
4877
2059
5076
32
6720
1602
6038
5952
2905
7378
8296
8057
4844
7653
5372
3467
9212
6001
1601
2088
5669
3446
1409
9391
3510
9092
3946
4441
1034
442
919
1564
7570
7129
1674
4589
9200
7239
2936
4898
8018
8479
481
8597
57
2613
9002
8309
6406
8391
2281
4727
592
927
7948
8122
3956
1318
119
8951
9497
7379
504
8423
3934
4000
5128
7022
1971
5693
5345
5718
401
7118
4342
1031
7671
367
8724
6977
226
1833
6387
6044
3656
1868
1032
1959
4944
8972
1515
93
1122
2504
655
6357
8679
1797
1187
4920
6908
633
6533
2126
8249
6451
7086
9521
6968
6584
6493
7283
1028
969
7252
3068
6368
8448
3529
4907
9168
1577
9946
8861
3544
3486
9041
3340
9392
8666
6607
7855
5056
5055
5016
5055
7694
818
202
7625
5169
2404
5563
2191
2864
1372
7119
8970
1132
9104
1171
8714
2263
7123
8217
7597
3456
7608
3840
3934
8701
2644
9086
4869
979
7730
5149
845
8644
9088
8496
1986
8501
2262
5825
7001
4459
9607
2216
2842
562
9584
7913
5080
4282
4285
907
1937
4862
2811
3441
2816
1346
7448
6519
7408
9720
5014
7242
8459
1743
8383
7332
2593
1273
9955
674
3588
1416
9260
3332
6896
2068
2850
8209
376
8603
5003
6309
6587
2597
3290
4920
6950
6099
2312
5355
4483
9956
7264
209
4463
292
2852
6408
473
4769
6526
1556
8933
8778
9233
2902
5745
4151
3693
5310
7407
1312
4768
3786
2289
2123
5946
5705
6739
3412
3242
9920
9634
7051
9668
1864
8779
4229
7284
819
2894
624
7083
6857
6928
4696
568
3011
3104
1614
2307
5539
1441
5307
5154
1342
1062
4577
446
8615
6909
2506
5472
8266
2834
4064
389
801
3748
3544
4945
7686
6004
2139
5920
2950
2841
3619
2839
6254
2337
5182
4216
1301
8690
2050
4996
374
5343
4462
1083
5496
694
1480
9232
6267
9718
8200
5960
6865
1133
5632
9328
1975
5919
8310
558
7823
1876
5200
1904
348
1720
5579
7409
5464
950
5464
9226
8869
942
6228
8597
4222
8355
3218
3068
3546
1986
7911
7504
9565
7964
3841
5526
5994
1716
7557
6812
504
6740
9891
6153
9120
2730
6473
9586
961
8096
641
8120
3680
8361
791
3791
6191
6423
7020
2234
5048
6202
9904
8802
6007
3971
9151
1045
3601
7814
8763
4651
245
254
3889
5188
7246
3866
5531
606
4466
389
2001
674
170
7108
2717
2061
8941
5608
6026
1117
811
7283
9640
1537
8548
5975
3855
5315
2579
1098
4716
3074
1626
6022
6317
4167
7851
6557
7989
585
2464
6873
6253
3804
7415
9185
8264
3236
8318
9560
4960
600
4903
4976
4434
3330
2904
1164
5667
8627
5345
5410
5566
5090
1179
5087
7515
6933
8314
9429
4685
2376
574
3456
5752
1082
3484
182
5052
696
1300
5948
9075
7713
7262
5029
2755
5656
3270
5557
8433
7880
7025
7268
3859
770
6283
4303
8623
4929
7999
6424
1781
1327
1618
4509
2069
8240
2620
9526
7055
1084
3780
8264
2470
4795
4599
1463
7887
904
6020
5832
7724
2840
4439
3540
8527
9332
1936
8792
2397
3841
2431
9625
6593
2257
2351
7670
6314
9155
2508
8342
6739
5189
2658
1007
5036
9065
4179
3656
5210
5670
7701
4567
8568
1765
2566
8452
5176
4012
5324
4367
7898
5192
8446
525
2535
5603
1768
5805
1546
4005
3439
2824
3356
4950
178
1831
4059
1713
5864
9951
4663
7781
8092
6967
777
9445
994
7978
3424
447
37
1336
7352
9322
7678
8711
2857
3352
1603
1366
7354
5211
1209
4274
8512
5972
6104
9890
2679
1974
1498
3229
4939
9561
9199
188
4515
7307
2304
5433
5019
8769
3485
1782
669
8731
2789
7099
1627
6981
8386
2375
6524
953
9215
7479
5041
9122
4151
213
2194
3436
6188
9496
6633
1991
8480
489
9947
9578
7859
6342
9134
9221
2201
6607
108
9150
1079
9309
9987
7885
5130
786
6582
5651
5093
3868
3171
8453
2485
9684
6513
5335
7890
8435
2534
9827
8964
9219
1587
8824
1759
9795
189
5951
4941
6725
2729
2873
2727
1569
8563
5221
3504
6141
1658
6142
5741
4772
2827
1728
7524
9986
7865
5131
1585
5074
4982
192
4415
4990
385
4696
7737
5558
9212
4452
829
6045
2056
8863
8185
5948
6239
5424
3862
8889
9230
220
6893
8643
6733
1992
2890
6756
1005
8908
5404
1673
2253
6722
4213
9150
7800
6782
4213
1314
8670
1640
7197
5770
5629
3236
9378
7298
3197
2659
8481
9005
4357
8306
9177
5677
6957
800
1529
7454
3969
6574
407
9773
5662
9071
8698
2855
7612
4190
5813
6476
2600
9582
5169
3186
6493
6652
3573
8565
9359
4721
8181
6972
2563
53
6964
9911
494
3309
2982
1796
281
5829
8663
9761
158
5128
8690
2972
8785
8284
5071
2615
5742
107
7645
8247
5851
7483
247
2779
2649
9743
6613
8169
7389
3255
5474
7908
7349
4211
8422
5498
8521
1877
8751
6954
2112
5907
9249
1346
9708
4044
3159
7623
675
7522
3268
8174
5195
1765
5083
6919
6176
5649
1591
1657
8469
9470
3496
9384
6710
9989
8123
6579
4165
8610
8500
7898
5065
5028
9370
4781
9023
9170
8096
4736
1132
456
2796
795
8656
4590
7909
1517
2648
9594
7726
7632
3345
172
8825
4551
4804
8503
1178
388
9858
9184
9737
5079
1725
9918
7683
6497
4064
8978
7534
5287
7084
1808
1319
4129
5777
2747
7898
5922
7589
974
6109
9282
5204
7735
4730
566
7076
5710
2231
833
5123
2531
7571
7252
399
4790
3263
4658
466
9040
2534
2671
8712
527
3962
5542
8143
2318
1501
5512
730
1714
6250
7090
9074
1537
9262
8344
2169
6062
5045
8574
4508
3983
1685
3590
5796
3696
8801
611
5865
96
1451
2748
2964
7848
138
8076
8207
2252
7907
9174
5388
122
9511
3765
47
3488
3705
5778
9288
1930
266
3535
3409
4408
9459
1696
3312
8878
6062
1497
7353
2470
3874
6402
8180
9008
3849
4600
9270
57
5343
605
4943
9321
6697
7151
2911
8550
224
4022
9125
5767
4601
8967
7734
3459
4626
1318
3222
8263
2874
6088
1255
9926
1966
2182
4011
1306
9980
7245
8583
8057
7605
6115
5542
4660
2548
9172
982
3865
5942
2074
3700
1288
9733
1595
8543
514
1525
3564
123
9309
649
7828
3013
9508
1859
5563
8462
1163
279
1953
678
833
490
6379
3334
6638
3564
9111
6345
9228
1631
1585
1528
1041
2531
1551
529
8794
7600
535
9571
2692
9663
4752
3993
1764
4214
4773
4816
4823
2494
6422
167
515
3042
6441
1314
3756
5317
5758
1179
2514
9664
5504
5350
2056
5928
9335
7230
9872
7720
1274
3617
7073
5808
1889
7445
4122
362
409
5686
4529
6500
1537
9358
3268
