9598
4659
3490
2768
8395
2742
2346
2344
7673
7599
8952
4622
9451
414
9136
4678
6439
748
2738
113
6297
7041
2831
952
8762
9461
3529
7874
1496
9875
6231
116
9731
4810
7586
808
7556
9789
4174
5974
9609
138
2872
6446
2289
9544
6297
3000
1537
3897
244
3299
7041
815
7186
8938
7494
6635
3975
5925
3452
3408
5600
2763
4991
7238
2044
4228
9078
4667
6164
9037
1261
5236
4104
997
638
4209
7816
7124
859
5438
9500
6796
6491
5685
992
5895
7503
5681
3071
3680
6447
7038
2826
5405
3269
3164
4949
4970
8518
4563
5103
5585
6376
2128
8621
165
5157
8509
3569
127
7851
5998
1212
5695
2140
3912
3069
6004
6793
8652
5444
9190
5558
6913
5096
2368
3754
1008
4130
7708
4966
9384
5588
9015
3087
9298
2345
8947
4042
224
7769
1739
963
2862
745
6609
9097
4618
9214
4595
4025
8479
6364
4685
5094
7293
8015
7304
9826
9573
8677
959
1244
512
2326
3634
5270
9087
2129
7347
3873
3629
5412
2270
5127
6785
9911
54
3989
9504
4598
6186
1619
7711
4201
8423
7394
4470
2674
1303
3553
2192
5587
1735
6219
3646
6137
7446
8320
6955
4409
2105
5278
7274
6181
9675
5741
3388
2090
6354
9332
5455
5241
3693
9595
9984
5393
809
9118
7504
5430
8723
1034
9876
6992
5320
8375
150
3714
7720
4690
9673
2676
9000
5366
426
9264
7575
2519
3523
6022
9336
6282
1145
4156
6878
3860
517
3462
2935
6030
1247
3278
271
9346
8949
5087
4821
564
2620
8244
5066
7616
878
1816
2278
3084
2593
2921
6292
8697
1865
2927
9902
5964
8659
4803
7395
4291
2994
1357
2213
9046
6999
7470
1919
9740
521
6838
435
6951
708
5811
2194
3661
3789
4776
6405
8643
6308
9429
1320
5512
9074
5944
86
6476
994
7456
7648
8204
9116
4330
3142
1482
2748
4491
2024
685
6321
2728
8486
8306
7522
1588
7396
6974
3051
4343
2249
5873
1093
2072
8327
3784
4883
71
5237
2128
5384
57
8951
9970
9942
2481
7871
2975
98
6216
1565
4457
8964
7048
178
571
8170
6395
6482
4374
1979
91
184
7690
2585
6693
9363
4557
3808
5487
3038
1995
9819
210
814
6026
3557
4662
2836
8248
2669
4729
5298
5331
4099
4124
7418
6229
8752
8586
274
8378
8802
1110
2068
2736
5540
4224
82
7658
2732
9491
5111
3408
5501
6254
1272
8727
8173
9341
6953
7145
7537
4435
1436
4032
3349
1478
3764
9764
8568
5239
8775
8350
9379
1341
6642
5144
3754
8845
9911
1076
3819
5352
6530
7478
7780
9361
2937
6542
2497
6953
5073
2214
6259
9769
9661
2964
5484
9884
6082
5244
8998
9734
7254
534
9731
5284
2726
7223
351
4289
3367
8383
3890
8131
9556
4126
7618
1184
1046
6739
598
8144
7458
2963
7173
3856
5659
2162
9324
3056
3225
5969
3838
8506
3474
2565
1398
4287
3252
5264
8504
9424
2436
6030
9125
9174
1761
2813
8013
638
5330
8874
383
5381
7214
4964
940
2763
4106
623
298
4231
8940
7192
900
679
607
5920
3086
5234
5215
4759
8999
3869
2804
3158
2455
8406
8364
7240
9880
1776
1185
902
9281
5051
1178
3870
5468
3407
7228
7407
9657
6037
7329
3732
8588
1330
5761
1082
3138
4273
6813
7664
1761
6412
6683
6810
1949
1767
7083
1266
8422
1609
4663
2315
5423
2807
4041
6979
6906
4351
5479
6357
6414
3598
1594
1480
2923
6686
4189
2408
9348
8352
1440
4607
5162
7234
3003
3311
1754
4557
1776
7871
2621
9021
7705
9087
9678
9517
1457
4185
840
2959
7423
8710
6525
4582
6284
154
5891
3088
8165
6654
5960
4627
5229
4680
4823
5506
7050
3161
4035
7227
9551
6627
1552
7409
2602
5636
3057
466
3684
8355
6859
9092
2550
2022
4793
9776
8235
9118
601
3291
8032
8495
8836
8493
8743
1808
3722
928
1099
3035
8059
4375
1134
3266
2883
40
3054
6719
1453
7736
6327
2389
1560
6097
9794
1704
7543
4130
9242
1622
465
3699
9663
4177
6025
4084
3028
2474
3689
3345
722
7659
279
8884
9280
6816
1850
9271
6346
9171
5749
9620
798
7475
8433
2811
5318
513
6378
3039
5551
6711
5184
829
7624
4037
173
4330
6294
6377
8198
9816
4932
666
619
4677
1400
2610
1592
241
7521
3445
7374
9561
1740
2610
9980
2037
470
7941
8934
3562
12
7782
2648
8828
3118
3170
9972
660
370
3859
9255
3546
9284
6159
9753
7456
7403
7322
5603
8426
1031
4185
2875
1181
7015
4372
7515
8147
903
391
1664
8056
8358
5030
9406
3269
9381
3658
6961
7798
491
2604
990
6618
1878
6540
7192
2151
7277
7054
6254
855
5328
594
5825
6483
1937
7967
6852
4810
1259
2076
1500
2046
4496
1035
9751
7067
5394
353
9753
4549
9447
2998
177
8109
1375
4694
8458
3775
8481
8513
7197
2811
3041
1253
452
5550
8655
3110
4377
6429
9273
4936
2125
8846
1680
6585
4309
9026
4455
4717
9823
9683
3176
5478
9810
6134
8850
9744
2259
2412
6605
7703
9956
6571
4221
8726
7063
8612
4500
6589
9136
1473
8130
7390
7496
7613
8232
5044
8206
3439
6491
6656
2024
9220
3555
993
8535
4329
1667
3503
280
4178
5827
9957
4519
6442
8696
4153
3790
4999
8998
3320
588
7753
2716
1299
8896
7327
8205
608
484
3509
4271
783
1255
4350
6156
3578
2451
9435
4838
5911
3437
7269
1016
1933
1290
8540
2439
2449
9310
3532
7143
428
2496
4057
7898
4922
4778
1240
2947
2402
3101
1929
3369
7965
6561
9796
727
7813
3577
1679
9808
9403
5221
3161
3023
2261
5281
9702
6685
6546
5403
744
524
7115
6962
5622
6096
5976
5082
5627
4893
8812
5771
8110
4268
9535
441
3642
6647
6502
4223
6137
2612
1328
5157
3714
5742
6031
7072
8299
3774
610
488
1469
3641
2155
5525
3251
7715
7985
1859
2654
1329
1316
9444
7161
7260
7609
7476
5971
8273
3361
4616
4190
1222
2586
8528
9779
8247
1457
6955
8784
1278
7570
8538
1744
3601
6095
5949
2501
6389
3897
7209
6468
5905
7597
9275
3628
4909
5358
6278
1541
9977
7691
4424
2306
8618
4316
7850
7602
5743
511
9495
840
2722
233
7076
2309
4202
2155
6765
7583
8045
3123
2929
832
6354
5099
2579
4286
7428
1635
4402
2210
7299
5814
5778
1863
7877
6219
1689
2129
5850
9835
6678
504
4829
3993
1499
4415
5958
1843
4107
7093
172
6660
4766
5400
7384
227
9938
4736
8196
11
9420
5295
8739
3688
7484
3603
9210
7515
7918
8118
4508
106
2429
355
8659
9479
8482
2596
7818
5483
2522
6220
7624
5631
4741
8926
582
4327
4923
4249
6786
412
4585
5200
3660
1684
9785
3930
1853
4127
2448
2739
3448
4033
6656
2621
4569
3159
8414
2439
2249
3000
6318
6311
4980
6153
3482
311
5857
9917
2386
1578
8608
1512
8077
3802
1779
5134
4909
1375
2371
8380
9681
7741
6595
6322
6884
9595
4577
5164
3266
5323
9049
7852
299
6331
1908
8566
7104
1047
2717
856
3610
4553
4644
8435
8603
9519
2412
4218
6284
3974
3343
454
6677
6760
2497
7699
6843
7776
2337
7787
1731
54
7244
285
7381
5323
8620
8266
1276
9138
3902
188
25
8761
5090
1218
1879
6899
5179
8796
9066
9508
4821
6000
4465
3128
2854
1015
2650
6624
7677
7544
3444
3210
2071
9950
8432
4060
5265
4680
2529
6316
4264
8157
4594
8239
3212
6809
1575
5964
7891
2585
1099
5836
6041
8223
8456
1889
8149
5874
4870
1984
6039
7094
9402
2748
6270
7155
3456
5809
1414
3733
531
3897
6718
3423
953
7022
8408
3596
7612
989
7657
6740
8835
8563
1920
6119
8847
9607
2900
6297
2881
7763
1685
6954
6185
7616
7525
4304
409
2766
9488
5492
5720
1117
9670
806
226
4587
8649
5822
3404
9994
929
5616
7334
5148
3325
9883
1882
4734
6245
1358
9600
6750
2011
5303
7316
4267
1983
9482
4543
8776
5569
970
5057
220
4209
6695
7345
1209
3075
8772
6795
6502
7839
7347
5224
939
8484
4368
7452
1177
8509
5351
2152
5220
3867
5827
8175
8239
9329
3187
6326
7714
9567
2219
6933
4969
6566
9349
586
9916
7499
9250
1820
4582
2519
5649
2797
709
5466
6873
3913
2558
9455
3623
187
5738
1947
2703
1951
880
8527
5201
4226
4640
3709
3338
3237
9562
1144
7556
481
9305
6532
4123
5940
6287
9724
92
3305
1293
1330
8524
8422
9535
2513
7810
4623
99
8222
8098
6312
1956
5117
6487
5383
1543
4032
7612
3288
6369
4218
1608
8426
8355
1330
516
1735
9539
9203
9497
7393
5960
8576
4571
1655
1474
693
8764
4151
8707
7096
5982
2877
222
5534
9465
202
3274
8315
7317
4928
3267
4705
1685
1961
1294
4777
7712
7719
3959
8128
2845
1543
825
9208
3562
1695
7657
9424
5097
278
4559
670
5752
1187
1649
3928
3195
3757
8894
6194
2360
1121
8724
6401
6671
8674
5279
4174
3412
8219
7135
9511
4123
5200
3124
815
2862
1491
6361
2838
5774
1906
954
4307
9347
8045
4675
4109
3410
6789
6854
7481
9834
4672
1193
6478
507
553
5418
6900
8996
4933
5055
1387
1175
8256
462
1768
2091
8998
3478
8858
3037
8557
5705
5019
6405
543
5926
4002
6512
7030
183
2661
5103
2896
724
5323
9787
9667
7201
3455
9139
8633
2299
3873
8485
8156
6507
8695
2917
6429
3588
8561
76
6669
3535
3802
3855
1759
3792
5354
7483
2821
9028
6185
5562
7718
6649
4525
5253
7938
4395
7124
439
5260
2615
5917
8425
8182
6845
8481
8527
3947
2471
3519
1854
6421
5920
789
5320
7294
7059
6763
9046
9892
8865
6409
6064
4902
8558
9032
9116
9067
7977
2902
9793
4722
4662
8291
1031
9955
4810
8761
7694
3413
3699
1880
7975
2569
1825
703
4946
2739
452
9127
8389
8552
403
1161
533
3171
5910
1792
7220
3730
673
5753
6392
3406
9214
7095
5892
1704
1110
1315
405
3870
443
1616
7771
7452
6821
7484
6578
208
6183
83
1500
4038
685
3470
9836
578
4597
5401
1506
572
9575
9890
5342
4676
8689
5260
5267
2503
8964
6531
2425
8843
1365
4266
8366
4612
2161
9217
891
6617
8752
4387
9647
4560
484
9403
5850
8182
2270
822
952
7643
2717
2915
6536
2266
9909
1991
9319
5942
1160
894
7086
1727
2531
1260
8485
804
9528
5057
6098
8339
4819
2330
6994
636
3707
6884
8131
2739
3191
9468
4716
9764
2810
994
2585
8001
3900
76
9878
3399
9911
3655
4119
3119
6251
6264
9955
1328
6686
448
7563
8529
2804
590
9546
3180
2278
4862
6778
1167
1026
2223
4560
7148
5727
1459
5638
9599
1499
5727
9012
6752
1332
1938
1130
6110
4991
7411
4827
3884
1384
9058
5449
9896
9190
4625
1578
8166
3850
9804
5204
4139
6580
9251
8666
7237
9938
5752
5843
8456
6006
9939
6131
2451
963
4212
3048
9873
6676
5424
4787
1964
5465
2060
4113
1084
1983
5400
694
4636
7818
7010
9093
9581
4417
1211
5549
9701
567
6983
6115
2783
9057
8734
4504
6102
8377
7599
4232
7692
7902
4452
2527
5956
7110
6705
6695
256
7217
7654
8482
9412
4987
324
7024
7993
7117
9500
4894
7214
865
1331
7611
8041
6128
3970
7112
2747
1065
857
3132
4098
9473
8804
5409
2840
1394
5205
8750
7832
8850
4257
7090
5841
2832
183
9178
2259
4780
9658
3903
2230
1844
4320
6911
4601
8903
4932
4742
488
4712
7542
424
1047
8785
9554
5694
5356
3697
2781
6267
889
68
3051
5994
310
2653
6414
5814
6589
4050
3801
3269
2367
7556
2579
3906
5412
106
5895
7894
5344
6265
248
658
5905
3714
1778
7515
7188
8600
2364
8946
7655
8796
1673
95
1865
3143
7613
3962
8062
2259
5405
8789
4239
4070
3167
5993
5358
6013
817
924
7430
9873
581
9244
3873
5240
7882
5003
2084
7978
5766
9750
8261
8270
1087
5299
9581
1377
8921
2807
8232
1219
2041
578
2504
2078
5816
1208
9802
5075
2244
3772
9456
9267
9248
7435
8717
8742
7900
3522
5216
5532
8799
8908
9112
6270
9920
8140
8453
9280
837
2836
7343
1541
8834
1712
5472
4271
3555
5650
9420
1522
1813
6619
9233
9235
3646
8994
9689
7682
6029
5700
5084
1457
2860
8520
7283
7792
226
3821
6695
3863
4677
4611
4968
9311
2444
819
3098
7293
5299
7276
9497
8716
4152
3195
2621
22
2050
390
3912
1486
4945
4213
1180
717
2224
1741
9355
2600
3095
6410
4374
234
13
3065
5126
5987
7659
6800
841
5501
6012
8570
8340
6550
3184
9730
7784
5407
7056
4443
639
2048
5403
5721
7605
645
6047
8112
6627
8922
3940
7592
6982
4734
2274
5081
6766
7143
8163
2905
5667
8610
3298
4511
5698
1300
6434
3363
4470
8995
7388
1140
3537
8202
7409
9669
4329
8493
6078
1445
304
8505
5741
3785
3051
9894
2455
8937
7092
5245
5319
8484
3563
1152
7098
2256
2871
5994
3619
5378
8250
661
4491
8262
1203
7873
6533
1068
4413
71
831
1279
5765
5931
3845
67
6825
2359
8752
6218
4715
6682
4780
6435
2725
3804
2983
3409
1062
3116
2164
7555
3306
9449
192
2821
9480
5369
1804
1794
4278
3881
7368
8659
3975
5634
5089
697
9444
3444
2066
883
6472
6610
5702
5500
1908
8538
445
5173
2372
8766
9852
7802
5705
2852
9151
6900
933
7414
1578
8443
3574
7143
2237
5477
5753
4131
6581
9967
7888
9010
7199
8214
9726
8857
4136
2978
6334
7404
5729
5985
8084
7396
5326
796
3467
777
2380
7832
6254
556
1794
8827
6354
148
1777
1784
2240
9955
3397
5193
1617
7508
5102
7272
6322
3651
2552
4858
3222
5960
469
5560
3243
3410
3837
3308
7940
7788
8252
9252
3638
6495
9513
6918
9951
4276
1719
7617
5392
6900
7829
27
4139
8158
9856
3116
1207
4052
952
8262
2176
2338
6767
7408
1228
5099
4510
7245
4664
3554
8226
9198
1041
7843
7076
6177
9743
2796
9670
7251
9388
1467
1064
8969
9570
7429
4139
6295
7297
7503
477
4956
6144
5293
8883
5882
9212
5573
9189
2101
8380
6159
4658
3544
4644
7211
1412
7934
7048
7343
6879
2563
1944
1724
3715
4904
6954
8220
9297
1165
1238
6090
8475
7982
8986
8029
9731
301
2670
482
1045
8504
3874
1862
5089
5670
7363
3213
3168
6275
6540
7058
5736
9765
6537
9419
1610
4315
5799
9239
3897
9585
8232
23
2533
7730
5506
6407
2933
6171
6183
2744
7476
4008
7199
5835
2258
9581
9105
6955
2858
8787
2337
1512
8308
9709
3715
6348
305
1750
7613
1675
9716
7224
7771
6316
2336
1819
7148
2926
5068
4553
714
5001
3572
9178
6503
5699
4249
5729
1538
2747
1176
7586
9833
7365
5063
7102
7785
7490
9452
2909
5952
5115
9736
9574
6548
7851
2241
894
4620
6983
2797
8410
6108
7194
954
2131
9582
625
4010
6518
7436
239
1052
7972
9034
3278
7478
5053
2591
3939
6830
756
7877
8876
8168
9886
8742
8585
2617
6477
902
3477
2763
8036
4656
4703
7993
5254
6456
6889
8058
8159
6288
6188
3866
9118
7286
1254
5412
2173
4555
2593
6700
943
2158
817
7064
341
3366
90
2863
4605
3759
8764
826
6296
6363
652
3511
9447
5962
4400
1852
6929
852
5894
3640
626
2435
833
3653
3251
206
3762
3354
3091
3360
7103
5789
1487
9928
3282
8582
6115
7817
8481
7038
941
5969
9605
6582
1482
2774
6969
708
2463
9964
6017
5496
2070
4692
8772
9709
9651
6399
120
2636
7858
4560
5673
8954
3151
3983
7845
3137
946
617
1895
5228
1445
7333
7310
6043
1587
337
8969
8327
4638
523
721
8463
157
7037
2515
8065
5169
3247
4520
2181
3266
5936
2547
7219
5386
9935
4135
5269
9918
6467
6242
1030
3733
9451
4666
4346
8742
4224
8563
3559
5730
6566
138
657
2523
9617
9153
7444
8912
1637
918
8810
1526
117
8194
1964
6420
205
2780
3781
3355
1563
3943
2899
4032
1720
3023
166
664
3157
5435
2907
6031
9392
1215
9746
1860
5638
5346
7242
8101
5090
6854
991
6066
8932
3081
9178
5104
4349
4055
999
7053
4086
5338
6836
603
3536
1935
9013
8796
470
4150
8676
2168
9374
8182
6741
5853
3951
1098
6152
6131
3629
2828
5752
3402
2319
1533
48
371
9954
5774
5997
7929
9334
6062
5055
8122
4902
9200
8121
7173
5109
247
9096
5106
7748
8097
7776
968
3824
718
1713
4207
4696
4860
5128
9923
8652
2881
5235
9777
4432
6483
2141
7009
6064
2647
2951
1952
559
3348
8279
9817
9432
9267
5978
9088
6565
6966
1909
3947
6669
4930
3817
6349
4183
7722
1653
8111
4509
921
5845
6941
3181
2716
2504
8331
3401
1002
2704
9538
1470
4768
1011
9292
65
6621
686
4855
5925
9047
6920
9849
762
4761
6564
9856
7359
6762
2561
2020
2216
5258
8092
5116
9450
1291
4197
8138
835
4058
6143
4260
1591
3752
2560
8384
5686
6746
4008
971
4777
8617
9375
1446
3738
8343
7591
2797
9763
5807
3729
5957
7775
3655
4651
6258
1534
2277
9623
7026
3140
7579
7750
6666
4704
944
2419
5658
5161
3229
5277
9551
8052
2224
1724
5174
9155
4080
4805
3176
8136
5551
5288
4310
88
3573
5239
3394
2602
8766
6641
3463
9438
3506
3420
3447
7594
2828
416
4127
1536
1738
9856
9976
5612
6913
8148
1133
1640
9433
722
7140
6722
8012
3196
2571
4342
7415
1058
3905
1509
8122
2968
5662
8135
5922
6642
4735
8588
2320
9291
2850
2862
2982
1414
8890
7522
8125
4859
6944
6110
2422
3267
9686
5364
539
2479
9625
4796
5073
9410
8930
9760
1933
8528
5641
4929
4560
6670
4680
3368
1696
2184
9895
758
2244
3505
1832
6556
3579
7253
5649
5575
6986
4043
5218
7571
7648
3862
2178
5392
3960
3931
5451
5938
8379
4876
2718
6818
1871
9651
2916
9922
8864
4666
930
3806
8008
1223
216
7966
5870
3286
182
3960
5529
7790
8971
4962
6176
6405
1276
7045
5391
3359
4494
2637
8711
4210
2704
5532
9395
917
3095
7823
2195
4519
1879
6089
2439
523
4523
3771
7402
1937
2818
7509
6264
3776
8166
3446
3677
5408
8250
9934
4683
276
8367
2613
5207
6516
1123
4133
9585
4584
4071
4994
6127
1329
4507
7866
7557
2082
6376
1496
8642
2491
4841
9314
5978
3782
375
2130
11
6458
992
849
5967
7549
1315
5695
5118
1719
1195
4112
5036
5377
1782
7872
9782
5852
3360
3031
3140
5534
593
4840
1404
7016
4719
4323
1123
4851
1745
1258
6896
968
3186
8097
5183
1102
142
3007
2447
8078
4076
5521
473
7763
8264
2573
9069
8126
7404
4355
9387
134
5178
9616
5450
2715
7561
4764
3512
6747
2313
7476
5103
1502
7636
1474
6848
7692
6372
2088
1135
9359
1979
8555
7675
7187
2434
7820
8280
1817
7602
2690
1419
7547
5769
4323
2833
314
3897
3218
7036
531
8467
2577
9628
5888
7019
3576
3590
5354
8376
4606
9715
3532
8138
52
3031
2387
8808
4161
443
1794
5542
7608
3018
8370
4479
7878
1093
7719
6101
4343
1700
1021
7090
536
6154
5713
8729
5095
3107
3324
7870
5094
2909
2266
3311
4015
2624
3337
9758
1425
8250
2525
716
1993
315
3488
387
1036
7707
8775
6016
6144
2323
256
6859
1659
8191
1718
4452
6995
6957
5703
5308
5924
1874
7229
7229
4480
890
393
4887
8816
1849
9694
9784
8073
8483
1033
2647
8618
7989
8238
1982
3410
1854
4013
9329
7726
4685
868
9231
7616
6760
814
708
5883
8678
1769
5768
4171
3162
2581
3944
417
9916
760
847
1996
7445
5359
2544
4483
3431
9135
9779
7983
2056
8394
5418
8854
9945
1260
1742
6530
3175
2549
7851
656
4012
9537
7540
7251
4483
4403
7669
7113
8535
5216
3348
7014
7750
7160
6290
9196
2423
4463
3091
396
2453
9465
8024
3094
6055
9541
6645
7101
5006
6464
4724
2182
1850
6474
4438
4350
7721
1894
8657
4731
3357
9194
1098
5339
9241
4647
4992
4905
8824
9506
467
2798
5706
257
7343
5059
8411
8977
969
4853
3778
9748
7588
5458
35
6216
9712
6143
6321
594
8273
9548
2276
586
119
5775
706
5872
7135
1149
9150
5788
2741
4999
2186
2579
4084
9985
105
6390
1628
4414
6678
4996
7391
8807
8762
8863
136
2858
2446
8444
9928
959
8670
4996
5950
966
6918
4008
6467
4236
444
2817
7087
9245
8281
1733
9019
6003
373
4213
9684
5228
382
8676
9928
9578
405
2227
1921
5987
9077
9639
299
5033
2465
2203
3892
5012
2056
9041
3343
2955
5816
3348
3156
2562
5660
1450
9624
5374
3
8709
8564
179
3247
7176
2949
4510
1814
2791
1663
2270
8313
6935
5022
2653
6223
7924
9659
5165
9709
4450
4056
7038
7956
4683
5976
3244
8855
774
222
1221
1879
2489
7008
4871
9325
3893
9575
2568
675
1040
230
3535
2687
5040
6917
2064
3645
1619
1209
2134
2776
4748
97
3720
8437
7000
9056
446
9212
4014
5570
2412
3764
1300
7996
9005
6154
7422
8805
4331
8926
4610
1547
3403
9162
5159
4099
598
7695
6764
1793
8113
894
2485
5407
8814
6879
5967
8830
619
5410
6149
7127
1112
7168
539
509
4631
2620
6328
8673
2092
7404
5808
7152
9716
6014
5087
7917
4449
9241
4594
2423
4243
4241
832
854
8707
2246
6038
6616
6121
9386
2255
8178
8477
4925
5202
5381
1098
8695
2309
8255
975
6737
8848
6475
3967
640
8700
5366
344
6271
6539
5567
7680
2856
7249
9274
9580
3070
7071
8128
5243
4250
8864
7991
5854
3792
1325
4122
4171
782
5355
5989
5351
3105
2260
1119
4560
8483
9235
387
5245
7269
8361
13
925
6100
7468
2462
6604
8043
2591
1580
9828
5030
29
1177
4944
9534
3567
1695
2780
3413
9997
5061
5336
6480
3857
4864
4363
60
6423
6808
7956
3278
1232
6149
508
347
6774
4135
360
2705
6778
6047
9850
9376
7337
686
6166
7833
765
5095
7122
3841
32
531
471
5745
1691
7682
9397
2750
124
2185
3362
8720
742
524
7251
8577
2546
4712
531
7572
8628
8285
9088
4895
1800
8695
2469
4998
1147
361
9922
1221
566
6229
4296
6170
7557
1817
9920
3517
6999
3161
3019
6429
2013
7172
6692
7369
6933
5030
4114
4935
9312
6299
6010
2772
639
3851
9457
9081
9165
7254
4446
6806
6774
7964
7054
7406
2981
6345
4545
9918
9082
8076
2978
1323
3707
1059
2037
279
6065
3509
5368
5344
3059
7707
4939
8853
5937
988
5420
8902
1175
8739
3932
3319
7265
2879
7533
192
6669
5815
2157
276
4459
280
1612
9228
9890
4508
6328
5904
5884
9545
2170
7345
7714
3923
409
3846
898
8959
8765
8080
5308
8949
4110
3452
6876
2400
1147
6421
5522
2646
8742
2148
4430
6799
4668
7989
8902
1284
7139
6919
5450
9541
7756
431
2334
7366
9223
6377
5270
6487
9798
2381
6673
6063
7018
6730
1372
2148
4441
8722
3335
4554
9201
2657
3717
4070
5735
1978
8461
3661
9672
8272
5789
925
6977
4079
9070
8008
8409
5189
2018
6937
8027
4896
4986
4501
6274
7252
6020
8287
8558
8809
4946
8567
9603
6175
694
9968
3936
9695
6681
9852
365
944
3659
4215
2541
3635
9364
3085
6291
3227
8569
9353
4897
4412
8219
3915
9052
7103
5273
3524
3707
1839
1717
8049
9822
4003
9828
194
9868
4776
287
1718
8212
9450
3543
9541
6709
5824
1605
1545
3097
3713
255
4762
8252
6214
3399
7493
5739
9694
3614
7672
5303
2232
6933
1980
1224
8560
4148
16
9582
6569
7923
8238
115
2083
9029
3804
2845
2986
3237
7073
2927
3515
9273
2401
3183
3363
3427
6935
4658
6069
87
1631
7459
6312
7254
765
7427
4987
8040
5773
5867
7638
6873
7512
6653
5838
1610
2415
3496
8820
1608
1383
7017
8364
5706
258
5551
4053
5507
4166
4359
5737
472
268
8150
1954
7468
647
9173
1031
9254
7278
4054
1778
420
9928
7413
6912
617
8019
2794
6388
6321
6913
4715
6456
5142
128
4591
2161
6539
8772
2845
8573
1381
8036
9026
8700
9674
3837
3217
2456
6641
7271
9588
8019
2265
802
2161
8460
1526
4620
7145
1261
582
6258
3050
7540
2817
5104
8195
1979
3775
295
8023
7606
931
650
539
3929
4821
773
6266
2147
8862
7995
9177
8907
636
4187
4260
5814
4453
573
3062
9762
1209
1822
2248
259
9760
7110
929
6263
9730
9074
1323
2055
4165
2211
6198
2204
4081
9971
8358
6620
8016
7663
7480
6416
9457
1557
8178
6259
8315
4283
9655
3177
1295
2217
666
2281
4646
3221
3770
6585
3177
5465
1836
9364
4112
2035
1303
7979
6226
4601
6680
6229
587
1334
4549
1316
2859
8966
1951
1670
2475
522
2720
7044
587
4408
2964
1515
9415
1906
3893
9700
872
449
5262
6546
2182
8814
9873
3352
4843
6540
1667
7252
7779
2502
565
4764
5808
3665
5486
9364
9466
9453
8068
1016
8515
6125
2282
9164
1544
4657
7107
9054
3475
6364
5269
6997
557
8951
6056
8
7090
9025
6253
6845
3293
1921
6044
9580
8194
4602
3957
6752
5194
1817
2008
9210
2361
7806
129
3745
2779
4581
2107
8522
7613
5392
7893
7439
4729
9523
2785
5263
4857
1371
8201
9875
7660
7963
9213
4808
326
2389
6903
5966
8465
7634
2688
3004
7826
4670
395
717
3591
8627
5614
2235
508
4640
8226
6694
860
6357
6800
9713
4900
414
1131
2154
2724
4218
5212
9844
6479
9494
4312
6883
8802
5659
6959
8803
6753
2913
957
6725
6909
542
2851
4070
5074
6016
272
3758
2364
2146
9976
2514
8553
4958
3223
2023
3754
6031
4351
7380
3619
850
1116
3762
3714
8121
5273
1891
6300
635
6700
2027
1107
6396
9980
7552
9475
2964
2611
5818
5884
6974
2430
8262
6746
5055
4481
8333
624
8641
5831
7676
3460
8332
5015
7456
1427
9984
3043
4431
2437
7344
2010
2262
7803
1774
9981
1899
5397
8208
2767
990
6368
7932
4757
689
5693
8070
7213
7600
3932
722
8650
6239
7943
1063
1901
2304
2123
6067
32
5789
1377
3733
3757
6503
1612
6139
4027
1196
9818
1064
8328
2063
8973
3985
6514
7831
2212
3093
8719
6741
3954
3175
7020
1891
6288
2297
8946
8470
3006
7287
5269
3472
5332
7197
9143
1829
2823
8853
9242
8759
4568
9537
5698
240
4518
2497
2888
9547
2547
5794
1659
384
5220
1444
7680
1882
6274
2245
9195
9911
2558
2991
4582
4507
7010
4107
8638
9841
9458
3185
9949
160
3025
3614
3969
4485
831
192
8684
6515
1776
2560
4053
3763
5016
5900
7963
8346
1699
7360
9098
2374
9713
3232
6358
8388
5742
6885
3780
8625
8480
2114
7192
9562
2841
3474
9945
995
1421
6721
2129
1569
4813
2371
4945
7493
1137
4692
1153
3557
4997
8268
9316
4200
6666
6318
7226
3149
5181
5935
63
3960
7317
222
2688
2011
3926
6196
1934
3550
5314
9832
5180
6986
8015
9727
6179
1559
5204
2079
7316
3824
509
3471
2365
928
2958
4413
5013
3963
3443
971
7393
5147
86
3734
6457
1734
3386
885
1173
1288
3413
7739
7296
4242
9674
8008
2671
5663
8196
1938
4955
5839
2094
6844
2329
9874
8735
5360
1627
274
8468
5454
6576
4557
3990
7601
2534
7342
5738
554
0
2087
4247
1324
1122
526
2994
371
7593
7025
8709
3921
3528
1654
8558
6567
5197
4867
7395
668
4161
2742
7588
8525
5135
851
3257
9777
3772
345
5482
6072
4148
4047
9773
4367
6230
1376
7834
8243
9957
3711
6955
2208
6927
1529
2607
6916
9499
1078
1054
4436
4971
6027
7030
2747
3745
1456
7715
4427
8494
7721
6830
7793
7317
2707
572
8202
2879
1964
8583
5595
7927
719
8091
3138
9589
4588
6678
5943
9208
8944
5394
6430
8220
6789
4559
8539
6604
8712
8089
450
2465
6995
9449
3739
1496
5431
2152
1679
6673
5320
5517
2577
3588
6165
215
7323
5310
9106
1351
8852
5305
8308
8293
7979
9865
2120
2051
5235
4979
7040
3102
5275
8
1723
3936
1801
8751
576
8643
3682
6753
3783
2976
2216
8030
6708
1702
5233
1533
2369
2518
4432
6768
6118
6874
1218
1398
1304
9574
4359
6713
4715
1542
4922
5976
9477
8967
5919
4304
305
3139
137
3123
7405
6564
2021
6954
256
4137
7126
806
5691
2902
6365
8482
5291
8341
69
8917
8136
1851
3993
1492
8430
4374
7571
4036
9301
4402
5217
9997
767
11
7078
3050
5581
3644
2170
8476
4254
5542
239
5951
7254
9628
3009
3028
8071
5595
7401
3133
5502
9191
3615
8407
3532
4385
1513
6753
7071
9717
1700
5532
1453
8335
1053
5531
5629
3549
2253
5913
9489
8256
3839
5097
5380
6140
9343
4920
1372
8511
7585
7520
3340
5262
2715
7654
5033
8715
4720
1171
2343
6627
5498
1855
9215
9188
8291
3065
9999
8507
1073
6419
5838
2507
7067
1258
6106
170
6444
2388
1216
4469
4274
4578
6167
1092
3539
6165
2538
3512
5278
6061
7440
9745
1385
6908
522
9453
6604
680
9624
1578
4873
5552
5288
3836
55
7430
9436
8761
426
1467
8327
4546
5344
4840
4804
7805
4906
7368
7010
1341
1669
4675
3568
1427
8244
7173
7425
9502
4300
6734
364
2477
8636
1330
9732
4309
4182
1504
4222
8527
1614
2352
5396
1785
8591
2214
2245
2876
20
5955
262
5309
7322
5642
6457
9117
1695
7808
2713
1035
5350
12
9231
4058
5915
9631
3204
7597
5741
4013
4692
1886
1421
649
6459
5006
1890
6543
7391
3238
8326
3002
6537
8780
1616
3830
7153
658
1438
4239
3365
9737
879
4153
6549
9507
8923
6377
3487
3365
