2468
8976
5547
2508
2764
7495
8337
7448
9383
2979
3720
4847
9569
3189
5059
5421
2334
5131
1879
4913
6901
1799
1698
3106
2456
747
1033
652
2511
8528
4605
3032
6384
3590
553
7529
4302
6262
9323
5091
5275
1203
7932
1878
2730
6510
446
8968
6
729
7729
4096
7336
6915
9410
7758
4937
7362
9840
1049
1845
9935
2828
6081
3400
6395
764
2914
4920
1120
9308
4794
5134
4226
1203
7361
6850
8180
5005
8295
6274
8631
5178
4108
9950
7356
6274
3865
3315
9515
5571
4444
4195
604
1657
5120
829
5235
8296
3787
5471
4201
8713
2129
7700
4309
9407
85
5803
3833
8804
3552
6214
2313
9349
2842
8891
8230
6007
3525
907
9864
9797
3834
5276
4203
6263
379
8182
5040
768
1063
2902
3013
2516
6332
9362
8735
5908
9670
7626
1362
2920
5974
4615
4371
9688
8270
7763
1445
1446
3864
1940
8415
8459
1606
9766
7903
829
8741
1284
4168
6489
2955
8243
4599
5635
3087
2203
6532
2824
7335
579
2707
5100
4332
6920
1481
836
9131
4314
7516
3842
4085
5059
4772
5897
9861
4340
4958
3868
4017
7325
3567
4919
9354
1625
1396
9641
494
372
8072
5917
285
3274
4432
6628
2728
3886
6064
4432
8213
8355
9040
6863
8511
1594
537
3298
1611
9593
7914
4857
9477
6404
8023
6941
6889
9563
7648
2394
1805
2000
6672
231
4235
4595
2684
324
8717
9068
1627
2558
3953
2164
1045
1969
1772
7472
2868
5963
2795
1466
7943
1961
3508
6830
6726
6896
6859
9151
9279
6314
4048
2964
5903
7340
6854
3090
5996
816
8319
4614
1167
2803
6386
3039
6655
4028
8079
7990
9112
7000
8009
1420
9403
2815
1186
2206
1183
4420
3029
2871
8917
5918
6124
9026
7961
9806
5697
5211
6116
9596
3250
3409
2078
5922
5885
233
1521
2645
3723
7186
5305
8892
698
8129
2264
2078
5331
6041
8934
5212
7578
1144
5189
8456
5619
641
9506
8209
1521
2209
1144
1276
8553
8704
5758
3473
8262
5927
737
9391
2598
3720
3052
1372
9634
4158
2483
9212
9819
9906
4624
4445
2575
9959
948
5838
9562
6130
4095
7962
6217
9402
6827
165
3402
5512
9379
2385
640
6795
7345
6157
467
4859
1076
3643
7284
7799
3072
7485
621
8173
4976
8155
423
6358
9286
339
6597
1308
8435
5165
5182
8680
978
8170
3240
9484
3983
4105
9232
7050
2390
5637
2262
9007
5285
2911
3524
4480
4867
9683
3567
6431
7610
8217
9703
9018
2127
4427
4985
2752
4291
5902
2419
7984
2402
3711
6855
9441
4888
795
9769
5592
1971
1290
835
5257
7972
1722
296
3341
7055
1412
4420
1755
2690
9772
242
6551
9443
6266
3784
6708
7857
2688
4669
6727
9420
3032
7627
905
7457
4092
1472
1929
9486
2961
8734
3372
2820
3504
8897
2433
8345
146
3920
6790
8541
6824
7917
4672
8213
5556
8104
7995
4787
2600
2864
3583
1847
633
3224
5179
3294
4703
2984
4448
4057
5628
8730
796
2697
4214
4581
5442
597
7283
424
2035
2798
1232
6924
1915
8362
6942
9291
890
7276
1610
719
7533
917
1159
3122
9416
5588
905
8069
9219
2265
6641
3725
8206
5959
5696
7432
2562
5927
8778
5870
6406
2937
5289
1906
6091
3974
107
3782
3668
7617
9657
7006
1269
4300
5124
7406
5895
4742
8702
2333
1141
3234
5010
7162
6806
9187
5282
6893
6423
8851
5131
3815
8836
7875
7687
947
4707
4188
4734
9598
4174
8405
4762
4146
3387
7310
2198
558
1337
5048
8305
8066
217
9975
5669
245
7559
1136
1567
9881
8643
2844
9834
7143
8960
2463
6717
9492
7897
7490
5805
4197
7291
4748
9632
8591
2819
271
4928
7479
836
3407
4855
4456
2884
8429
1197
2243
6885
2306
7372
5248
5899
5719
9996
7842
9791
9537
4160
6073
4607
4858
8219
8225
2495
8410
6368
7528
2992
9125
5302
4493
9259
973
3700
3348
7515
9240
8510
8534
4292
8301
8876
8181
9332
7400
7316
8348
8660
6621
9107
9781
6458
1721
5405
2373
6959
1380
958
3730
6472
418
4588
2580
771
3209
4508
7529
8624
9932
1261
9987
3641
1638
996
5548
8176
9347
165
5770
5427
1944
5179
4957
7822
1475
5621
4724
7790
1373
3166
8608
4733
9675
3302
9249
8543
964
1698
5516
7144
7933
5308
8190
7288
992
8120
3882
1076
7323
1557
8622
8145
3477
1324
5044
5327
6987
4697
1220
7121
8393
3507
8823
9365
7668
6089
5334
5412
4563
8298
8048
8455
1422
8961
7547
6691
655
3660
7362
2563
6630
2807
1037
4225
2568
1546
2719
6161
7191
1180
3768
922
6188
7377
3802
6514
3713
6983
7736
1893
4459
586
6362
1
9957
6415
4046
8481
136
8739
3033
8291
1622
256
3947
2584
9654
8088
4465
7000
2601
4273
2547
3376
4635
8974
461
3705
6869
4870
9788
1622
3808
1684
5950
8682
7508
4074
5483
3459
446
7810
5075
4359
2287
9570
9277
6825
7521
8139
735
1480
5110
8654
4075
4837
7961
7900
7078
8142
8757
9321
3908
4028
3156
8652
3855
405
1759
5478
9303
1887
4997
7052
1843
9042
4167
6754
8277
1161
992
5878
5020
3829
6577
1255
5219
1021
3898
1920
6119
9141
3333
6756
3781
5370
8941
8535
1458
4008
5692
1943
9060
6296
2593
3350
8189
5098
3440
8501
9353
5611
2388
2510
6621
6578
9936
9390
7567
2956
435
4157
1636
4754
1929
1452
580
7141
7614
4249
4442
5574
8125
8034
8631
2467
1511
6052
9735
7041
2784
190
1787
291
723
8935
6101
7957
9093
7337
8691
2615
7271
3736
9394
761
7013
8627
5059
4464
5467
2134
9195
1586
9383
6521
5861
6867
3786
2009
7010
1837
5913
4177
6257
7093
2080
5461
7961
4304
7701
6826
2818
7682
3802
5461
9668
9262
6748
4271
1944
4687
2201
4881
7211
2481
8622
3586
8544
9677
6942
9754
1428
912
6543
6546
2061
9639
2895
6043
8700
3112
4020
7879
8402
1872
8288
1047
2655
581
1923
5282
4645
5975
315
591
1451
3272
8982
2560
9854
8740
6872
7083
9361
3695
4280
6982
1269
3322
7956
3213
4115
7442
53
1795
1446
4389
8014
3987
9511
2065
4494
2578
512
6907
1765
4500
8017
4569
5218
4263
561
9101
4507
8463
2636
5310
9382
4271
3227
1748
4132
3761
9026
16
5966
9890
5730
2230
6167
8669
2223
3720
9441
3698
1004
800
9499
1427
5057
5145
8472
1419
8127
9002
7291
571
3498
2961
3646
467
7621
6088
8690
2521
5420
9639
4993
8857
7978
6214
5119
7721
1819
3564
2831
9319
5916
6313
9218
1713
879
3132
5146
2369
6106
5938
9852
355
3150
8364
980
4324
2614
5291
7123
2330
5862
3643
2819
5642
8850
1625
9131
8074
1888
4418
5901
1843
7126
1962
7517
706
7293
9702
221
6027
3128
1862
5011
4746
301
9810
9628
7864
593
6512
969
3847
5059
9008
2039
7067
766
2580
1694
6196
3010
5694
5343
5323
4621
9624
5920
2553
2162
3147
1156
8975
3259
6700
4803
7621
8827
5561
3145
3155
4412
1932
9610
7077
4247
3161
19
4366
1683
8298
412
1229
7220
389
7721
5572
164
8294
7648
2139
1888
8142
8805
5680
3929
2904
3728
5576
8011
2532
7488
9511
410
1074
4889
5464
6311
4396
6553
9897
3683
3104
9353
2566
3259
7081
5631
8897
545
8729
7439
2267
155
1893
1746
5186
1716
3581
2015
2710
145
7126
8869
921
8159
3286
8763
3443
3719
3723
9390
9455
5763
5625
8810
8182
1850
1598
3524
1030
8455
4564
6004
3454
1336
8034
3040
1065
9346
8159
8275
4356
1650
420
9356
2942
1582
5725
1075
2107
1786
2700
8614
6069
4263
5241
5362
1983
6358
1930
2317
7383
2954
4443
3872
3560
5547
7547
7698
9721
1366
4323
6896
9814
6961
7379
4184
761
4221
2314
229
1972
3813
1873
773
1981
3715
5157
7461
5430
5362
5504
4734
3496
1214
6035
1769
973
6487
2834
2574
4535
6564
7484
7402
6607
4179
8533
6943
5789
3855
3745
3301
9137
2491
6960
8222
349
8171
1777
8615
79
2243
7012
3083
4110
8902
8351
9314
4800
1056
3276
2374
1189
831
4766
4086
228
4300
4879
5395
8016
9512
1159
7031
8807
5889
107
9974
6071
4708
575
4333
8029
4108
1305
5879
9724
9144
420
6719
1446
7979
5021
2687
6009
3245
4510
3015
3641
447
2405
9769
8646
3372
2624
4736
1130
7003
7255
2353
6209
6464
6645
3834
4117
4082
3189
1496
8949
4711
1093
5764
8194
7388
5769
9133
6550
1521
543
3905
7553
5281
5371
868
3089
1279
719
5860
7101
2347
5864
5747
7902
4340
7959
7411
3435
6456
5114
9712
9423
3255
7911
934
5753
9414
3796
7172
1424
2575
9142
2072
4225
6517
4629
7818
4247
981
1848
5093
565
7896
7922
4687
1154
6341
2488
7610
4114
6275
9757
9347
4381
2124
4269
4424
9823
2798
1154
6151
6971
7995
3334
657
1100
6032
4694
5629
2490
9922
1247
8729
3797
6628
3320
507
9250
4629
2508
661
9087
8951
7922
279
500
3642
4011
2255
9735
5207
7335
5899
6812
4489
3796
6703
7976
4501
4100
7938
4048
9690
5257
5043
131
7203
272
5433
4848
1178
3704
7127
4053
1607
5917
4239
5174
7957
9606
6013
582
5462
3591
6612
5
1133
611
1846
5751
6793
2609
4029
9868
145
106
7447
161
2362
685
8318
8306
5718
9695
2805
778
2567
6242
5278
5881
6481
9633
9352
7952
9230
7717
5878
2220
651
7847
8875
4253
5599
1715
9265
994
1147
5253
8842
8643
9261
5282
1933
2619
6751
8534
7090
239
8236
1525
8329
8975
2899
1744
8355
7097
3924
5719
756
9028
2087
8309
65
8943
7708
7532
8868
2534
6540
3246
9806
7678
2495
4629
12
7759
3095
159
2402
7467
2458
2714
1891
6926
8285
3864
4771
4580
5307
8655
3348
4913
1157
5568
1388
5617
1219
7793
1448
4269
9513
8729
3274
7878
3396
6248
317
1762
8500
1233
265
5280
6916
389
3282
521
8516
9228
3115
837
8584
834
7896
887
8217
637
385
2359
9049
5830
3186
666
8324
2075
5871
2175
7554
9408
7589
4728
312
926
1148
659
5086
5865
5432
324
1068
2241
6175
1570
9566
2245
1253
6875
1335
9694
7074
308
5137
2304
6358
8480
9762
9464
5747
7612
4954
4241
1576
7813
3225
5978
4478
4615
6158
12
3418
7700
585
58
1555
4509
3026
5162
4878
7167
4275
2682
5013
8029
8832
4736
2967
4709
5799
4883
585
2482
2946
3120
9401
6078
1546
233
787
5506
8037
7136
6188
5083
7488
2284
8508
554
6408
8518
7625
6185
4865
9427
2558
3877
7386
6813
2730
2940
4200
9520
4117
3332
8990
9886
6798
790
5470
2624
2143
437
3034
9546
1666
4879
7923
7210
2157
2991
35
7389
5336
3660
4757
2045
2511
897
7570
6170
8995
4650
7863
8356
9051
5432
8113
5938
841
3825
3435
3283
5527
1063
8974
1519
7999
2195
1479
6296
3418
6478
3495
5778
9472
1884
3220
284
8334
4437
9052
7483
7942
8081
8121
3458
1200
399
2048
2399
607
579
3748
7972
3678
5578
9352
417
3592
8907
9297
2363
1847
6955
6633
6283
1733
8861
5968
9621
6030
6756
4061
4179
6791
998
1235
5294
9207
7296
5646
4553
7699
5920
1357
7130
6184
8755
8089
8165
6929
5211
6163
6022
5945
5788
493
7515
2986
7043
1550
1228
4356
2467
2585
6136
7049
6558
9911
8861
8181
7229
4160
4131
6331
5004
3209
4166
9802
1013
7800
2447
5182
7911
1379
2302
2739
227
6390
3941
1973
2562
9251
6708
5299
5686
5619
2476
7585
4940
6955
4306
8924
9659
9562
339
6921
9836
7550
4606
1719
7157
775
4739
2611
9028
8067
9030
5769
5540
472
6319
1016
991
3601
6337
9231
6945
5712
2244
9219
676
5825
6834
4594
3037
1503
6843
3970
7042
6527
2726
7587
5223
8186
1716
8691
7364
5721
9058
3296
4276
873
1579
9624
4413
3117
7607
3036
55
8387
9109
9139
3978
6975
6640
2267
1736
8947
7505
4490
4228
8272
5504
7906
398
1894
8904
499
3229
3207
8839
5723
5303
8586
8030
3336
560
1180
9163
5742
6972
5328
417
1300
7891
9207
8945
4505
5552
1979
1719
8132
1061
4741
2067
9177
3519
5407
3106
7655
5170
9347
7192
1486
113
1890
9068
462
6908
3712
4913
5114
2486
3037
3933
4892
4721
4239
7704
3954
2664
9818
2146
8822
8937
5634
4208
3403
2062
8392
9909
8691
7159
4079
6778
4861
5253
5298
314
4060
2245
2783
1772
6467
3383
3243
5149
1485
9242
1561
2249
1833
9766
5238
8406
8770
4565
779
7821
6012
1934
3861
6326
5514
3200
7201
8464
4125
9192
3009
8090
1815
8607
8763
288
5150
7443
6913
645
7548
3056
4747
8425
1906
5643
3424
5863
3309
3883
228
9054
4833
3652
9979
4730
5649
6033
7564
286
8801
4494
4176
2144
1971
7167
3002
1730
1117
5840
9185
1896
5644
2089
888
1707
8482
5582
4542
4969
8106
6257
3073
7718
5725
8372
9006
9347
6092
1503
1859
2825
909
6186
9974
8898
8228
8952
2574
4277
9190
8320
6959
6076
2755
649
6755
1299
9884
161
4388
2047
7887
9946
1958
841
84
7489
6273
7702
4255
1485
9148
6596
6374
977
3301
6099
5165
461
2973
269
3037
8023
7424
3651
9171
4018
1874
7030
5956
1096
9557
6047
4142
3258
1847
4540
4538
8320
8185
7191
9454
718
506
5732
175
774
2161
6246
1683
468
6394
9855
4020
1787
8279
4867
7217
5049
6424
4520
95
5257
3542
8620
4220
1573
5432
4018
8868
1589
2953
6730
3244
1256
1713
8268
28
7054
6639
8721
5914
4417
6200
2046
4721
6558
2553
7486
4193
7395
2409
5035
1663
3014
2746
4633
3997
7343
9966
7423
581
531
7653
6243
3262
8111
2821
960
9217
3181
355
9734
9094
8246
6989
9471
8135
8468
4298
2474
6902
6259
8841
6197
5770
5459
6134
2491
7333
5836
3563
9720
545
1679
9779
2981
1192
2517
4409
581
7011
2167
2816
3691
2666
4280
8940
5941
9786
9907
9693
2009
6885
6860
7356
202
6948
7158
3981
8407
55
337
4692
3936
1628
5501
3349
1222
3294
1807
723
5278
6469
4143
8138
610
7995
5724
8841
7717
1871
61
790
4368
6163
3124
6437
2077
3839
9393
9188
7775
8968
7681
1133
668
6507
2368
8575
7849
2483
6082
7734
9712
4299
2922
70
4960
254
1333
2439
2177
3961
3590
2090
3027
7457
1247
2426
5202
6977
5304
8766
6040
668
2175
9419
1311
9425
2029
678
1313
7437
2305
6198
254
3642
8619
2440
4073
7620
2343
1836
192
4796
7235
1517
6278
1286
9023
1838
6174
4733
7537
6944
4774
7399
9041
1040
494
7123
2872
365
8243
5006
8848
6935
189
5252
7607
3203
1745
8308
4166
6907
355
7933
7256
5042
2828
7396
7354
597
1396
4248
222
4669
6301
6236
7179
898
7644
1955
6580
7113
9908
3435
291
157
9696
6080
3938
2156
7772
4656
4806
5288
6113
9423
1289
5838
7099
1441
8322
6211
313
9588
1843
42
9073
8961
3215
2515
461
1351
822
589
790
6055
8894
9852
7595
5423
799
358
6190
590
7228
6519
1099
3814
9961
2484
4022
8575
4637
8748
9424
3943
2437
4075
5237
792
8530
88
358
7698
3553
3806
670
8488
4565
5736
6931
8487
1683
4166
5930
8848
6554
2860
8183
6774
3053
4409
9072
3235
1054
7589
5645
9173
6136
4675
7887
9686
3913
4598
7914
9161
9002
9008
7056
9152
6093
8501
6907
1979
6994
9087
9238
6986
3926
7915
3208
1572
4472
32
2399
5024
3513
3200
581
1968
2640
1494
6161
6382
5431
271
8413
6207
7285
8118
3696
5044
8041
1688
6775
5343
1312
4726
8852
8690
2611
1112
5139
3811
7184
6734
7109
4299
8498
9282
4011
2910
2144
761
4497
5958
6048
1593
1172
9320
6390
9445
1457
4472
5389
5091
5260
4039
2448
7662
8362
8314
6053
679
4427
6503
9782
7990
4487
4809
1870
6287
5588
4834
9325
32
545
944
2104
2422
7059
4056
2384
8944
8809
6815
9245
3851
989
8456
7510
5420
8746
8039
2768
1788
6149
1636
6545
6925
5257
3323
4272
8139
3987
2337
9834
7518
4662
8785
1075
2956
6156
7284
8472
3275
1019
4782
3821
8132
223
3925
2520
2019
665
3789
2360
4011
4884
1951
67
7975
7647
2680
1547
8314
2380
4109
5725
5928
5237
2621
4070
2446
918
4543
7553
6475
7194
3689
4737
4018
1125
7314
7400
7320
2939
2688
4610
296
3420
8395
1969
5782
2445
1811
3493
1137
8660
8300
9864
4401
6528
1815
5139
575
5810
1165
2000
3828
5100
404
8334
8522
1684
4724
2506
3487
1492
6707
6160
791
6978
2252
6190
4097
9447
2831
6673
8658
7519
6242
2927
9550
588
2292
5328
4725
9750
50
5865
6649
3811
6739
2438
5934
1343
5758
9716
5115
1528
6907
5688
9821
7481
4839
1167
6490
5361
6881
8404
3698
2559
833
5735
4722
4269
7433
8944
8595
3141
6851
2544
6159
8740
6025
2735
995
4650
7956
1400
9312
7595
4684
2077
7964
5238
4575
6488
6005
3231
5261
5616
4950
4042
3423
1332
2706
7734
8775
2807
7533
4180
2627
7704
5433
5315
1436
2220
9630
7546
8747
9370
8499
3233
90
7555
8921
668
8920
6669
6760
5892
3910
4890
6224
308
8991
6185
8545
9821
3765
9481
7110
6934
4038
5654
2332
5156
2078
1921
7569
3906
6613
1840
9512
269
2569
63
5128
2495
1798
5633
6356
7430
2114
6551
1542
4704
7941
6540
3220
1253
2230
1722
2052
576
4529
3805
6860
3483
2595
5523
5602
5671
1672
5628
9074
7701
5116
6115
1934
7876
4126
7497
7295
7719
2915
4394
8826
2674
790
1998
830
8353
5437
2671
7466
4853
2231
3410
8555
8204
8785
4308
819
7692
8168
162
2870
5755
4504
1141
9453
6158
7123
8056
3917
9436
8574
8535
2274
3407
7573
742
1364
966
7535
5499
5020
2249
6972
9081
5616
5771
2122
6954
26
2645
3543
2136
8151
4949
8577
2887
1227
2818
6841
7987
9281
9226
3143
4962
4144
4346
3926
6438
9674
1817
6864
6914
5886
3681
1300
5653
7693
5755
307
583
3609
6887
5915
63
1017
8437
2315
5135
5146
5267
6069
4990
2864
259
5617
2544
2522
1207
9054
1379
7203
6428
467
5656
4164
6161
8852
2891
7718
1506
368
2081
1702
2853
1767
574
5346
5840
1913
832
3887
6005
9210
6700
9261
6380
3857
6867
5794
3563
8480
3072
6403
6244
5774
6609
8834
9659
6607
9295
928
3042
6021
667
9731
7812
2864
9879
3555
4826
9392
8239
2079
8589
8316
1602
2173
7513
8139
2481
7566
5929
4352
1650
6959
4197
5603
3553
4428
4053
4617
2932
3983
4273
1109
1674
9094
8215
1624
9807
6451
9703
9813
3790
9452
5534
1023
2596
9395
3005
6291
892
5713
1718
8514
733
7403
3475
8327
4828
6582
2435
4087
5839
2102
5153
6486
640
3570
5938
9365
8074
308
4939
9961
675
8844
7149
7880
1269
1332
1902
3181
8986
5390
2693
5963
9108
2186
498
9725
5751
9828
1927
1164
36
1706
6279
8378
9554
4506
1882
8411
6763
8442
282
3171
4128
4770
4189
9818
7530
5923
895
2604
5774
6187
5755
8366
8572
1440
5686
6219
7717
4986
8984
7196
9814
1198
5847
7493
2469
6212
7810
1660
8695
7322
9048
8437
683
5905
3202
425
3591
2501
2035
9877
6861
5115
9003
9599
5289
8899
2082
739
6634
556
1239
6587
2938
8070
8917
5965
9612
9299
3791
4142
3761
2695
2472
4724
7655
3551
9345
7418
6959
4894
3664
7772
3721
8209
8649
1602
142
5204
7180
1866
6282
878
9386
174
820
4152
933
2324
9115
587
5636
8500
8686
9190
880
6868
6712
1423
5534
8912
1431
2513
3672
2213
4216
9859
3450
5772
6128
1273
6246
3716
1945
5716
3717
6200
4903
6357
8011
3375
9942
1776
8885
6931
8514
59
1858
8425
2147
4004
11
9023
8851
8802
1520
9556
1564
6148
6337
1840
6627
7862
3446
9092
5323
1075
5275
461
4728
8164
5259
3154
7841
8453
87
9757
8817
7689
1603
9767
6874
9876
5662
8139
7110
6854
3533
1740
7259
520
6275
4306
9770
8014
2574
4336
1477
4141
1680
9457
8555
9414
8088
9857
4385
8688
5437
5048
5982
6836
6920
9601
4083
7378
5851
2521
1621
497
1409
6674
9864
1571
4610
6231
3690
1126
3827
7434
698
2295
9321
2841
259
1442
5208
4192
4441
1956
2252
4871
5518
5105
8499
3372
2017
5122
1317
9516
323
1734
8609
9322
328
5049
5301
3282
2455
9762
6537
5943
8894
3413
217
7800
5141
3098
6621
8530
7676
2245
1447
9887
3844
2500
6745
1564
8999
247
3344
3048
1222
2585
3601
4248
9533
7038
5982
9863
4644
9285
9700
1003
9125
7532
2676
4627
7412
8578
1165
5724
2960
4199
3667
1395
6341
9168
3470
3124
7004
6247
5409
3777
3456
8000
5444
6159
5197
1350
1969
6186
3558
2691
4008
2921
9891
7102
2847
8812
8486
7919
5658
5890
6920
6142
9251
903
5237
8442
2358
6778
3697
5701
4747
2236
5493
4924
16
7444
2762
4453
2994
256
9121
8385
1673
1911
924
5905
4526
7033
7757
4820
6297
2855
3513
5326
907
3503
8215
8197
4484
1232
203
5285
8626
284
8618
9619
3032
9115
6586
6495
3686
9036
6952
3154
7627
2279
8437
8311
2819
477
7021
4310
7886
465
8565
1691
9280
9584
9697
7510
8958
5163
7471
2043
4315
134
8483
5849
879
1448
6880
680
9617
5347
2656
7147
9585
5421
8000
7206
1349
8541
6443
5977
5437
2194
5586
3161
1221
7773
2836
9744
8615
7727
3760
5707
106
6156
5604
4833
7563
5327
6944
2388
8854
7591
5164
4992
1249
3439
8515
4144
1541
6220
4971
9744
9962
7791
1698
5677
2846
9738
7719
936
8130
5327
6145
5801
849
7092
2976
6080
2974
6931
5342
6775
9081
2510
2594
676
8829
3440
2049
7227
2761
9982
3377
1807
2041
5116
507
7465
7056
7163
4044
7441
4356
8913
6792
6553
3735
1857
8988
9162
1741
2185
6479
453
6575
5355
5268
1404
842
7059
4894
2969
8052
4631
2560
2171
3229
9948
9552
2770
5838
1525
3527
9696
9202
9287
5129
367
333
9400
6635
3537
828
1845
5173
6371
8043
258
5846
4139
6637
1485
718
7776
1787
6892
6237
4104
8892
1812
8341
7804
5277
5915
2334
4296
1086
4837
7494
4511
2537
6747
7906
6620
5823
7291
5174
883
5265
8968
269
437
9944
289
1286
9762
7393
2688
2667
1673
2521
9657
1919
4395
1568
2626
6867
5966
7869
9041
2565
5421
5710
1104
5
5421
8682
5070
7077
6730
8006
2608
1213
1008
5760
2117
9400
181
6987
1959
7935
7315
535
7196
8528
2340
5404
7116
3115
6774
7667
1326
2616
3518
5729
2843
392
3608
8753
2148
3830
6444
1485
4382
8714
2333
3193
3771
6586
604
6492
5
9213
2073
5867
1636
1182
8377
8996
1391
2185
2659
9252
7711
2325
1044
1349
6062
8126
9442
1608
6383
1053
718
8603
839
9783
7618
4343
1976
5695
5242
5496
15
521
3040
6618
419
8604
2111
3356
2126
5746
1673
2916
217
4223
6900
7759
7599
5916
1007
6563
291
1423
3554
3075
4078
2361
4131
909
1424
8379
789
8004
3880
9286
9003
7014
7583
2910
1387
2809
2542
4009
4941
230
1584
9930
8018
8290
4289
8469
6786
3893
1926
4686
6974
4489
4279
963
4180
1425
6087
5602
7744
3331
548
936
8831
8980
4490
5720
5295
4222
5506
3620
1219
4144
3223
874
2323
3538
1385
606
7183
6148
7274
3504
4260
6162
8710
2202
3303
8102
4800
3833
1151
6138
6312
9701
2399
6008
9352
1006
5953
1712
8494
2549
6062
1621
3075
7364
5529
3236
1242
1675
572
98
6004
3288
3705
5857
3760
4706
1155
9583
3073
1698
3638
6604
4519
2975
2624
4933
1135
2724
5075
7826
1670
9616
9875
8504
9401
1738
1289
123
7496
4319
9210
1844
6152
6794
1842
4715
5208
7966
1482
8978
924
4083
7049
7853
8981
2715
1798
3537
9409
2831
7435
2088
526
7243
7045
446
2714
3522
9768
9276
583
8607
2527
2559
8378
954
4338
8099
6114
180
7504
6721
2229
8447
8139
6354
3158
6748
6196
6175
3187
2322
4779
6023
699
6120
7608
8892
4477
5951
4968
250
3211
9567
2159
5621
1998
8460
1916
3838
3891
421
8154
3313
6706
8714
6514
7678
3039
6295
7950
642
8537
8881
969
2706
992
8651
3522
4884
8517
4501
6975
5753
8937
5618
2333
5211
6935
5237
4886
6847
3101
8056
2540
5126
9621
3960
6625
5238
9443
2464
2233
4832
3159
1328
3111
4686
466
3241
5828
8875
3797
3960
1871
6654
820
2173
3086
5477
4618
8072
9858
2090
8390
1887
3385
4548
6852
7501
2012
8973
9558
714
7241
5691
1760
9731
4859
1966
900
3014
8069
7413
3442
1277
8462
8109
4945
6132
1525
1974
3163
2728
2374
1220
9490
1950
5989
5087
5088
782
903
1479
3181
6186
5969
2313
970
9486
3816
1878
4266
3366
6119
3126
2528
2358
8206
4728
1314
7434
6743
9220
3133
5867
8197
9312
947
8475
5221
7979
3616
8477
5814
569
1963
3348
1477
5100
583
4838
2993
1723
4760
7724
5214
1586
4706
6409
5477
3221
6781
1380
5608
514
2182
9204
386
9874
1103
3352
5325
8476
295
8528
46
2791
3364
8267
2315
5417
1644
5422
844
3424
8418
3901
6111
1468
7726
9753
8325
2312
5478
838
4907
8339
7688
8424
5043
5359
3210
2426
9648
7973
7480
4202
6289
5267
1132
740
9540
8484
732
4009
8172
2714
9181
1356
189
7946
1302
6250
7812
5540
335
6515
3428
1629
7208
7033
5659
1483
4726
8532
6707
6892
2024
1087
3076
4851
6968
8099
5670
1473
5804
4573
789
8444
7132
4591
989
8430
6719
8960
3253
2285
2110
9696
9448
4546
8682
4157
6014
7864
7945
7115
3465
2451
3323
8947
9691
5595
1419
1579
8997
4723
3521
7086
7290
2906
4948
7319
4819
4382
540
2175
2379
2488
3958
465
9226
3895
1409
9846
8160
4364
7030
3539
6839
4368
7460
7435
1626
5294
6777
5313
3348
8160
1901
8862
9873
5801
2871
3851
2130
7228
51
4572
2012
9720
6348
3801
9839
9937
5715
7162
1652
6443
4369
2975
2416
165
1033
441
3686
3184
278
4233
520
5419
3524
5474
7437
5692
6491
4765
4446
1165
3750
969
9051
6065
8466
6573
5723
6642
6082
8124
448
7976
2655
1044
3977
983
1196
6067
3505
5766
5527
7302
1796
3175
4876
7263
1858
520
8452
9794
3948
1141
8986
5212
9276
1704
1598
5233
8865
3599
3107
9137
4007
5927
7091
1621
4949
7946
9858
4284
4608
947
6111
605
381
8186
2711
1768
7364
2768
9444
2301
240
5832
9235
6120
115
896
67
632
3398
8299
6089
6635
2285
7885
497
4456
9721
5506
1391
3992
3528
1387
7443
9409
2791
7638
2922
7297
4967
2057
177
6499
3549
7562
277
5633
275
5374
4150
2727
8429
3596
4442
6799
8582
1453
557
7247
7705
627
5430
8459
2811
3331
7957
5496
341
7344
7241
4046
5407
3206
5582
6136
8760
6399
1555
844
5234
3189
426
3345
4459
9317
2568
898
870
4620
780
2942
2791
8129
8604
4873
3502
8286
4203
3459
5947
9469
7976
2019
3504
3483
8111
3216
5748
2955
4546
1739
9459
6858
579
2364
8851
3514
3432
5639
5441
4461
769
683
1914
6464
4997
8631
8102
8433
9624
3225
1022
927
7882
20
4670
4509
9497
1022
7030
6306
3606
8500
7322
6016
1285
3834
5833
6926
7486
5506
8219
3172
3168
6423
2644
9523
2837
1608
6645
6639
3713
5180
386
379
5236
2390
8365
6991
5503
694
5361
2375
6531
6265
4395
4779
2421
9167
8259
3559
3933
2807
4745
2310
6958
7209
4361
8064
6272
9887
9617
6557
7561
6929
7274
4948
3226
9516
7233
6341
6181
3054
8522
6624
6781
9328
6490
96
2838
2976
5779
8935
1819
650
5933
1782
3902
7011
5887
9865
8777
5346
3036
1918
2484
9964
10
1072
896
2442
479
8548
7360
3976
6884
8959
5287
9276
7195
7378
3516
5969
9245
7171
3578
2688
5212
1513
6884
3386
2903
452
838
6692
6732
2262
8694
7952
3367
2242
9225
7732
4809
5984
6818
3257
8164
4713
2166
6209
2338
901
8283
1446
7878
319
991
7675
7098
8802
2084
4882
1847
659
73
4490
8563
7866
4340
1297
9701
3709
9835
766
4084
1579
9810
548
6717
5267
2606
2964
3892
9598
9208
6018
1841
7471
7373
673
4187
7414
3171
2910
8307
1115
7526
4566
4407
3805
8241
613
183
8551
8696
1308
2068
8475
3729
4910
5556
959
6179
4167
7027
3969
374
410
291
1543
3930
133
180
2359
5812
7891
8926
992
9107
8238
6795
3220
2865
5518
4178
5282
6117
5619
3758
3444
9557
4955
7373
1890
4104
4784
9444
2976
105
4481
5648
7579
7752
7851
8743
8300
2187
5396
1597
9894
8594
3620
4034
1602
3016
4241
1289
3188
3621
5301
4532
5785
1504
4494
1931
4656
4402
1602
7499
1122
2390
5852
5227
4271
2220
9399
6393
8102
3117
6566
99
3073
1336
3758
1506
3803
7339
9361
1553
1903
1566
2824
459
7294
6953
6076
7058
6028
4053
561
8124
5496
3104
5583
3688
1590
5402
9310
7695
9611
3965
5821
8661
3557
1273
4895
6142
8548
1069
8947
5597
3304
2834
5535
1016
8648
4721
6249
2359
3516
4581
7969
7676
312
971
7453
4604
1510
9094
6610
7179
4335
8975
957
278
5717
5945
5212
378
6480
3362
1131
2130
3059
790
6350
2141
6730
1742
8024
2878
5571
997
7558
6573
1414
8731
5115
4603
9426
8435
649
8994
7173
8439
537
1179
4807
7531
6535
4826
308
6815
9485
5267
2724
2494
1994
3344
5801
899
6702
890
1380
2283
6837
9796
20
805
5677
9464
6909
1350
4566
3401
8881
6186
1094
6343
9821
3765
5445
3937
3075
5207
1836
3781
2319
2525
3445
6211
6776
2548
4782
6832
9493
3465
4816
7894
9289
3996
215
6440
6924
4099
4461
6274
3224
2603
1367
3055
445
5689
9243
8629
4753
8846
2716
6540
5336
184
5701
6028
4939
6390
2942
2819
9544
180
797
197
7270
1044
8828
2046
1315
2878
4322
1939
1453
7038
5665
5383
2857
5291
9548
1897
7091
2728
4531
7162
5170
9188
3388
1965
9415
3500
4688
7192
3762
2000
3583
1126
8225
7090
3696
4318
5223
9770
5017
9007
6884
4919
9672
6818
4086
7409
5228
449
5836
2298
2483
9462
1155
8034
9344
5100
1887
2106
4376
9762
759
6480
7290
6126
4798
9113
4665
8782
250
7453
1623
361
8690
475
5247
5604
8872
9485
9311
8513
1217
3783
929
4674
1549
41
8100
3931
5448
8244
4187
2678
2620
7513
3938
687
432
1933
6601
639
6320
3785
4815
9927
9306
4301
7803
8226
4259
4788
9001
237
8501
6723
2544
9603
5190
9580
7868
3264
