7902
3765
6996
218
1248
1648
841
6994
5343
6528
97
851
6905
4456
8958
1712
1077
2207
5484
7101
1122
5188
8220
2117
125
771
4143
6922
5513
752
433
934
7150
3664
4783
6305
2464
3912
4342
5148
9579
5197
1210
9929
4024
3465
2687
2398
6655
5167
1512
6062
7833
3654
3353
1655
3872
7314
5707
859
7765
8048
5852
294
9790
1967
4289
270
8970
4412
5737
8649
370
3110
6398
9640
2894
8001
283
7760
1857
3190
405
6057
4291
3431
583
3504
1385
5695
6606
8967
2082
9304
7917
621
4928
9846
8926
9368
6481
7537
7302
7805
5690
6433
5492
2210
2271
4002
3734
6188
2177
2774
7143
4706
1028
7673
7177
7954
4716
3856
2971
6177
5060
2667
7127
8590
2122
5306
8699
3648
8650
3067
7569
6766
7238
113
9965
2461
3999
9088
2099
8164
5762
4389
243
1291
3330
3475
7490
1074
4334
1800
3798
7262
6318
1566
8045
1854
4719
3149
6651
3036
873
525
1182
4766
4858
7018
2255
1452
4641
448
7256
4925
2376
6902
76
7546
5855
6647
8919
8564
5025
843
4420
4625
469
6228
7205
5329
8068
20
4450
927
9361
3500
5649
5346
6746
1935
3374
2932
9658
6262
5703
6762
9896
6796
887
1410
735
1977
253
251
6747
7948
952
6286
4429
2354
9617
7914
3467
675
2709
6269
4727
9403
9518
4414
2682
8870
2285
2903
6541
8149
2597
3873
292
5197
215
2759
1096
3358
8838
6237
4815
8609
9302
6825
7305
7131
8678
1039
3338
4734
3959
3930
5295
2847
7448
7094
3055
8610
1952
9163
2383
673
5623
7796
5858
7100
6480
8462
8860
4922
5431
5436
5041
3741
6227
3927
4686
1588
5625
4930
4019
7498
5901
1659
7628
6219
5893
4366
7259
3239
7964
4900
1220
2815
4607
1752
5733
4637
3159
7642
8799
9344
564
7533
9029
788
8467
8827
5504
8272
4956
8344
7900
297
2714
1811
3267
1172
135
4841
7892
1865
180
500
8640
4739
8274
1569
97
4435
6528
4383
1590
7029
8721
8275
2655
2362
4873
7769
1538
4452
7780
5332
4120
9376
291
5079
3496
9198
7348
8220
7965
3164
8844
8353
7926
3696
4980
1859
3722
900
9997
6994
4869
1644
4850
2772
4836
4499
8505
5605
3961
8883
5589
8044
2251
6196
475
3449
3022
7580
2078
4699
6618
4804
7241
7870
2523
5355
5049
81
9764
7107
261
2949
7760
6537
9626
8482
6519
6227
4295
3108
5225
9506
4658
9394
6314
3559
7334
8943
874
1730
4922
6057
8799
4965
3534
7023
9218
487
6276
6800
8579
1620
7193
399
8938
3858
703
9730
2795
2270
7752
9129
3653
6469
8177
8939
951
8575
681
4284
1967
8309
5388
2828
5201
8035
9840
4105
2112
9913
5499
52
300
2107
7455
753
5464
8200
4467
2984
4422
2600
6400
3768
5826
671
1701
6859
2408
5086
7975
1925
2243
8504
776
3014
4402
8882
6146
4239
5545
212
9681
9681
8786
3932
5498
5137
2317
1074
7436
8119
9627
8645
3202
38
2739
9524
8225
2086
1664
6586
7124
6077
2711
8320
5602
6892
8920
7526
4985
1525
9568
4045
9545
2138
2169
7307
7327
4625
5535
5425
8284
3157
9791
122
9074
9238
7406
4457
1995
6655
7907
4949
4837
9448
5186
5377
5150
1602
7926
628
8
3232
4378
3127
9896
3365
4645
1308
8017
6232
4160
988
4792
6868
8372
6633
1028
1180
2453
9410
981
8795
8629
2357
590
6506
5158
4734
4159
2763
5760
670
3683
2322
3771
279
8835
9428
3098
8211
2933
791
3092
7797
9669
3913
2640
8951
9405
12
8476
1890
2692
350
4650
3628
609
4280
4472
7324
1531
5756
9818
4665
2287
2033
1078
8720
3788
2540
8620
3876
9998
244
3936
8768
6821
9607
6758
7896
737
8411
5784
1374
5948
6716
7174
1744
8292
3332
3979
3070
1796
3210
585
6905
7439
3377
3184
3143
4424
5776
160
9268
3776
4114
7432
3154
9085
52
7930
2768
9699
3852
4317
9449
9505
3689
8014
9188
5707
3445
4100
137
4624
3094
5631
8531
2231
7396
7149
1680
4395
5750
1176
7077
608
8085
8607
7294
1120
4594
6352
3860
8455
7715
4255
1768
7719
6008
3605
7067
8697
5948
9831
2512
8257
2903
4818
6553
124
5760
320
3294
8073
6944
4778
7852
1089
9074
7163
8825
6340
822
6588
1686
8866
4709
8321
3630
7522
8222
431
1819
370
639
264
2904
3692
9967
8517
5232
4914
9752
1166
7829
2342
1987
9289
157
9016
5100
7741
6551
892
5668
5458
5836
5607
7828
6664
1840
6902
895
9648
1575
1835
417
8650
1140
6565
8804
1627
5021
7115
6785
1835
7962
9989
883
3929
2940
7672
2599
4620
4587
5323
7151
2983
6888
4858
1751
9783
6545
9415
7375
6764
2819
1319
4022
3458
8825
1408
8
1563
1154
8590
7070
9674
977
3436
9955
4110
2062
1637
295
9802
282
6007
2237
8333
3359
4032
2831
7683
6774
2776
3073
5111
2114
6891
1907
9155
8554
97
1583
9190
9812
4524
2275
6704
6093
8302
569
1437
1733
6884
8753
2012
4775
594
1680
2234
9958
588
6466
7072
9474
9023
7194
598
10
266
2219
9618
5868
9020
1007
6577
3928
7435
6228
881
6211
958
2023
2249
9990
4632
1896
2741
5318
9586
2877
6257
1679
3779
6594
193
7658
1454
6030
9564
1774
6104
1554
451
1986
6789
1482
6753
7504
2863
3142
5312
6966
7681
7058
2885
6502
9718
2448
2122
4013
8409
7816
3159
2992
3592
6214
9947
7586
5850
593
9548
8546
1450
412
2169
4817
9728
2581
4729
9458
2618
5051
1026
6682
6972
3421
3367
2519
6497
7454
6575
61
4540
1732
1278
3675
4512
847
9346
5997
360
6631
7756
4378
6067
718
3113
3453
7088
9668
4317
1633
6211
5834
4987
8917
4289
8734
1442
9519
1021
8661
1687
1149
3375
3350
4699
8806
7422
6803
906
3551
7770
6275
672
5450
6568
2635
9575
3641
3915
1227
4321
672
4155
916
5310
6024
5493
727
3291
3632
2511
281
8631
6574
1030
6643
1811
1876
662
9557
6726
2909
9157
314
9482
8950
1564
6967
3078
4985
9171
5101
3225
7845
6888
1679
2672
730
6220
7005
4
656
282
4318
3107
2215
4005
6876
9753
2872
6781
569
3914
7611
3693
7504
4895
4946
5892
8743
9211
8178
8813
3456
553
9074
4622
9198
9732
3309
4682
8420
4370
369
6323
9625
6062
3593
8479
3720
4561
6792
70
6116
9884
6412
2406
4505
5876
6978
5042
8269
7386
312
9533
4886
4022
8205
8207
6325
8639
1237
2979
5616
9786
6025
8733
3933
8701
3483
2954
1337
8015
8055
4389
1721
9342
1252
9043
6504
9660
1178
1373
1360
8502
6574
6504
9844
6066
2617
130
5465
3845
2695
2778
3652
6767
5034
7164
4334
9268
3151
5801
949
3831
3464
6367
492
1029
1497
4074
7523
8395
6814
518
5393
5300
1913
3680
1197
2515
9930
7320
7388
6522
9830
7749
3573
4293
8346
4661
8721
2358
2601
3583
8622
2446
2961
9704
8002
3572
2748
2013
5996
2469
5362
4179
7254
5208
8140
9049
6470
636
5427
4103
341
4417
9399
4822
4631
6048
2908
9611
1208
7176
9054
3345
936
6086
4325
7682
7293
7440
2883
5666
7336
9646
2763
6632
4274
2229
1820
6777
2516
1217
570
9795
181
2367
590
5043
9934
5140
5524
2339
3114
1150
9826
132
6825
9477
264
4899
1507
2237
1714
859
2586
1706
6683
1384
8937
4032
1372
2787
3497
4487
8450
4543
8930
6359
4686
3118
4509
886
7093
8976
5080
4251
8040
4954
6339
4734
7566
847
7448
6574
3277
4446
9592
7838
3191
6023
6591
9021
4961
6987
8729
2768
7759
7935
7183
3791
8267
5740
9497
1497
5541
2807
7592
3268
7332
8808
7483
2709
3227
9065
9470
7880
1878
9277
5668
7421
8563
3562
4217
5903
6526
820
2890
6162
1813
5976
8448
3624
1898
369
4295
4240
8999
6539
7100
8541
1019
6322
7141
8398
4531
3685
4443
8302
7940
4205
3731
5786
2260
6564
314
4059
24
4292
8782
7664
7032
9885
6537
1801
6943
8321
3880
8673
5103
4624
8779
3353
5921
8028
1957
6701
7738
5064
5954
6902
6649
1874
8984
8555
6796
7769
6791
8293
7218
4541
3418
366
8236
7730
1231
196
5981
80
2211
3823
5953
8523
3942
3213
5113
634
4254
4695
4500
1045
2424
9010
3833
1664
6361
6244
6208
2558
7506
5328
4625
2132
8418
3152
4341
9772
8757
8126
6889
9378
6330
1151
6352
1887
4099
364
3448
3087
7781
5327
1477
4609
7168
8102
8169
6779
5816
1911
1285
7911
4097
913
4825
7949
6554
7658
8167
3934
5136
9162
1334
5163
7491
7811
7026
2336
4261
2779
2129
9697
2270
1272
257
9855
9662
8488
4252
950
6490
3673
6093
502
8583
3387
2461
1580
5189
80
5702
4989
7042
621
4233
319
5568
5697
8154
4099
7344
8382
4169
8226
2285
2792
8716
6131
9574
1449
8359
7527
611
6607
2350
2241
4201
1379
1905
997
3288
5063
3126
2796
7425
7291
3157
1105
7909
3483
5308
892
9721
7401
7955
456
8534
4114
1866
6034
1180
2208
4254
7232
5319
4108
4010
9404
1946
7965
3130
7500
9783
6322
6939
4512
5808
3367
3167
8759
536
5399
172
2365
7859
7247
3588
4069
8060
8283
1311
8847
8789
9391
9796
199
6937
3108
7943
6506
6414
2733
2076
3845
8214
2996
7257
4780
4292
3222
8890
5459
939
5704
4606
2556
6930
2693
7327
654
4068
4997
543
5023
9588
7211
5358
2078
5054
2395
3063
4719
4521
3702
1930
4676
9208
1795
2453
2596
6480
7548
8379
698
7011
8130
7734
4733
4283
9646
6921
9623
1106
4342
4382
7045
6814
8264
4927
9834
4458
7621
1776
8672
5408
109
1609
4860
4515
3107
4257
7229
216
3868
565
5537
2980
5498
8953
3
9344
3152
5989
5413
6234
673
9665
9573
3046
5385
4555
9856
6881
2935
3653
9552
9573
1269
8796
8371
889
2774
434
3386
6896
5131
6381
3738
530
642
7737
9618
6503
1820
7528
6137
1775
9689
6426
2324
48
3315
2424
3042
599
6595
473
6596
959
8195
183
5755
3519
8914
8044
5439
6477
8077
8887
666
576
7648
8427
7391
84
6489
934
2826
8775
3909
2222
9398
8864
3881
4487
1269
2543
1455
1618
4063
5551
3995
6272
6873
6728
7913
8868
3729
6226
2517
8822
3781
7523
1559
7219
7565
6633
8825
8146
923
3796
4838
6818
5117
9162
992
3631
6236
2046
7534
9059
117
7531
2433
4312
8578
570
5473
6108
8980
8819
3912
8350
7118
1471
4747
7781
5633
1196
8881
2496
9664
4538
6385
2840
7135
4243
4684
8865
4285
488
3108
9055
9435
5590
8104
278
4824
6327
605
6218
3258
1604
8746
9284
75
7368
0
966
8254
2784
2468
3845
7500
687
379
6805
6992
7182
2145
8980
9131
945
6133
1692
4068
3956
5588
860
5504
2756
6305
9168
1882
9546
6846
5852
8543
354
6618
2200
1400
3706
4775
7365
6085
4517
6966
7870
8883
7104
6034
1641
6793
1036
3238
6989
9925
5482
4811
7198
6638
8277
6017
2899
9029
2168
969
2889
4685
8048
8638
3792
1380
8220
8398
6851
6781
3906
776
1541
3052
4827
9780
727
2093
6462
7161
1686
4081
6731
4431
8641
6710
8493
3122
9992
8081
8770
6159
3984
4603
5383
4302
5043
2325
6812
6668
8852
3978
6984
7364
6528
6576
2293
2874
9792
1113
5291
1892
8955
540
3243
8741
8232
7067
5201
1622
145
2834
1165
835
5044
6523
6379
7664
6323
2784
4254
4102
6859
4446
9195
9070
4785
8770
5825
4089
5784
1459
7271
7066
9600
475
9630
9888
1880
8339
1542
6339
4068
2490
3868
2250
9705
4050
7520
5895
6373
2424
1652
6736
5373
9038
8353
347
110
5750
6004
2805
9716
3069
3078
63
905
3617
9721
6309
1957
1041
525
4172
8708
7664
867
2728
7333
8181
8201
5207
8158
7969
4868
9581
4029
3950
4796
9661
873
4209
6785
7441
280
476
8587
199
5898
5891
9775
2840
8226
4904
8765
1221
3764
8261
5254
272
2985
9782
764
3300
640
9120
9617
8435
8896
6338
3201
4522
6712
9750
2988
1058
903
8324
8139
486
1207
84
932
2444
499
8749
2633
9346
490
1439
9210
2791
7148
1786
8667
419
6417
1944
8608
2579
9241
5726
1380
6725
7598
9978
2569
2172
5973
8329
122
9728
868
1000
9069
9750
381
9077
7860
6568
1768
2386
3074
1968
6480
6436
8714
3414
4323
2254
8755
9012
7005
1525
601
5314
3214
2960
909
5570
9687
7743
7900
1242
485
4340
3196
1610
276
7314
5219
5145
9076
3408
4770
3585
2697
5770
6015
5587
6140
917
6912
3912
6207
7421
5731
5173
1886
2333
3403
3753
8529
1017
1300
7447
46
3019
7496
9339
9595
6857
1402
4443
7073
3024
4799
8427
1404
6335
9340
2237
9087
7522
3915
3875
1412
3624
5959
6034
4529
9540
1143
7429
2854
4733
6024
139
8035
6274
1890
6350
4583
1342
9628
1473
5891
4291
9692
9525
5404
9847
3686
232
7951
6664
2422
1690
9903
6812
7097
6301
5323
953
8421
5817
6571
9502
4682
6506
9608
5132
6384
983
4523
949
47
5279
2941
5039
1037
3745
8094
7141
4305
584
306
6363
503
9985
8197
763
1885
6219
7407
2129
5082
3178
2275
543
7518
6488
6193
7150
6517
8377
6972
7234
5269
5353
5253
7208
1078
532
2150
3598
3217
4097
283
2751
9009
2124
1450
1979
7158
1519
8947
3167
953
3388
2723
2405
8410
3050
8083
347
8117
377
3837
5048
5699
2131
9310
1857
1308
9601
1943
1383
4618
5432
4749
5818
4568
8398
3553
4926
1850
8989
1514
7816
1223
4386
9518
6133
1360
1906
3984
743
2228
3403
9315
5693
8236
3282
9660
1406
5746
7534
8549
3282
6287
5775
4270
733
6497
1100
3775
3337
1851
2521
5192
1662
2134
8785
9081
8689
8758
8886
4509
4631
6631
9890
5969
1748
9238
3960
6099
8356
8028
6156
1189
6884
1781
9340
2817
3758
1087
7722
6791
1136
6526
7559
1409
3256
5052
7181
3127
4830
3774
5673
2494
926
2129
8643
2540
1376
5443
7323
311
3254
4255
642
4907
8593
1328
5762
5098
9136
3462
6683
8317
9287
3158
6843
8025
8776
6124
9385
893
2176
4396
5071
1976
6240
1655
513
4487
5942
1864
9006
3916
6312
461
5746
1034
6221
2563
1733
6157
3400
6811
9300
6966
6865
1977
3610
4852
8818
3499
5530
8703
491
1734
4652
3869
3810
7915
1234
6391
8171
3177
5637
2326
5439
1260
5537
5783
7644
2804
425
5070
7833
5536
3465
2518
4532
3705
2566
9542
5082
1899
5348
8447
6051
3470
9924
7603
1495
1971
6743
6016
9969
4650
8948
7305
878
6880
9250
549
7218
7381
147
8081
5768
380
3437
1360
2099
4171
85
2147
933
5698
714
8948
1979
9017
3180
6748
804
1298
2151
7525
5261
6702
6752
1689
1546
1243
8058
8713
1906
2347
9717
6778
6968
976
7829
1049
9441
9427
6634
7343
1863
1236
2849
5280
1913
9691
1734
4253
1468
4189
8596
5546
9779
1706
6811
7274
4326
3987
3373
4966
4226
3242
6981
3948
1437
8754
6404
276
564
5348
6793
4382
1715
9267
2781
983
4096
6936
7512
7083
9748
4583
2803
148
7751
1586
155
4992
6135
1628
5118
2897
308
1749
8374
1646
444
2548
6831
6070
190
7748
3143
4708
5165
1381
7281
1887
691
6643
8597
1401
7695
532
6424
1719
7308
6970
243
6367
1520
7256
3426
6173
1262
4898
9868
2465
7656
93
4842
7346
5268
8597
6918
7302
425
5597
9138
8217
6583
6801
5777
810
4385
4856
9830
4998
6440
6885
9559
4556
6677
6685
7469
4207
1410
3091
7211
3034
4917
5870
7993
9341
8058
316
7132
8982
2797
9456
6419
4811
4337
8534
2944
9604
8927
376
2994
9365
9422
7433
7595
9369
5483
8526
7843
8714
4293
9612
2008
5181
1784
9309
8239
9803
9668
509
1740
553
330
656
5129
3129
8643
6950
3303
2841
1916
2742
3519
7338
6625
8296
3555
939
8165
3423
7847
6643
2971
1795
8037
8494
3221
9469
9057
655
2342
9355
5641
8035
1158
1411
3688
4070
6802
3493
9561
2255
4077
1625
946
6614
1159
4455
7620
7494
231
5461
3725
4814
1608
1899
712
2321
3886
3586
9618
5069
3268
283
2490
3257
5636
349
9860
23
8002
8918
6153
7097
5109
4770
8079
7632
2402
6809
4353
1647
4982
2723
1099
2814
9600
2231
9476
106
4234
4001
5143
1770
1474
2225
5088
477
4873
8256
8560
8527
1207
2494
989
1882
6200
8663
5881
8313
2855
4228
4541
9032
1686
9085
5891
311
6983
6460
1453
3166
4826
7997
9028
8394
3668
7041
1488
6964
1112
4898
353
6931
900
1697
2872
4488
6267
299
4582
552
938
7338
4718
8166
4633
2455
5913
6270
497
2462
9111
8559
20
2378
4796
320
6813
1359
1439
5827
4629
2374
1642
5142
3455
6371
9262
4662
97
8258
3751
2254
3455
1856
6872
3598
6918
9654
9650
695
6465
3936
2694
4642
7852
2844
5109
3968
8579
5214
415
5756
4373
6032
5680
3837
4747
6087
9844
5720
223
9361
6707
6530
7658
4602
6781
5682
2382
9629
2178
7461
7981
6391
9374
8011
228
2568
5312
8271
9240
1587
2118
3717
4043
37
5143
8059
3115
1970
7596
6658
1640
1099
5772
9014
2975
9995
8898
7304
535
6017
7213
3325
6071
6488
5412
6239
1219
6513
5812
6145
6865
2738
439
3728
156
488
7411
869
2628
1720
3916
1096
7424
7764
1863
7998
9634
8169
3500
2754
9509
7092
70
4242
709
6564
5979
9296
6458
2251
3443
7657
2067
5551
8006
9539
8379
5901
9655
3199
8859
45
7591
7453
9084
8704
8583
9871
4118
166
6734
5190
7514
2364
9458
5289
3097
4418
3399
4068
3487
1931
9089
3324
4272
2861
4200
7856
781
777
5559
2940
6034
8645
3233
4199
1455
5812
5105
7356
5297
983
5644
2854
7885
204
4645
6005
4968
9077
7516
3901
5782
1684
1476
7213
7565
8258
3519
7357
533
1935
8329
4704
6574
1475
46
1865
9630
7603
9097
4010
3733
1455
1626
4568
6943
5769
6050
5691
9286
3712
958
7601
6082
1242
1790
8289
5342
4160
7761
6365
5767
2403
3567
7056
243
2524
5330
5415
300
9825
8434
8685
6952
8116
8732
6815
9238
9013
9454
8718
4183
5496
1121
9810
3287
5585
8948
6283
2646
7964
1377
5491
8872
5497
78
416
2037
5092
3042
7157
5261
6307
1073
4616
9900
6360
4182
8334
6550
8406
1740
9795
3023
705
8682
22
5001
9502
5817
5680
4619
6873
8883
9765
603
918
665
6899
4280
8991
1552
7
9334
5387
6538
2000
4070
7120
893
8891
9665
3104
6610
2765
2978
414
2956
5551
125
532
546
579
7216
6205
6267
3958
452
7389
5445
5550
976
9376
1874
8466
314
5776
8144
3304
4394
6720
3155
5673
7454
7861
3714
4081
8916
8741
1082
2323
7911
8471
5203
505
392
6506
1741
3753
7240
4610
1382
6548
960
668
4267
4536
7118
2451
1560
437
8572
6715
1630
1036
7070
6539
5872
626
2152
1672
4874
565
9770
3260
7759
614
8025
2261
7789
6468
6091
1753
9871
5529
3438
3991
719
9598
5365
3754
4918
6282
4176
2327
4193
1655
3223
1989
4305
4917
868
204
6080
1832
3082
9429
3147
2029
9477
1170
1616
3962
2799
5271
1493
2291
8540
1461
6754
7576
3859
5944
7021
8219
6298
7206
8800
6192
3037
6295
8297
190
3626
548
6606
1074
1404
8937
3194
1986
7905
6900
7833
2399
8234
5951
5980
5955
2976
5882
2633
282
8509
6113
882
8718
7566
7741
6800
3418
8211
1990
5580
2736
9839
2166
6217
9894
6547
6905
1858
3162
1026
2416
9548
8791
3776
2581
1239
8176
7180
2697
4950
9721
5383
7161
9816
1428
463
2752
8259
5337
4669
9029
1741
8847
9944
7460
2486
4983
6243
347
6757
5641
5098
6779
9805
614
2324
6750
8539
8203
4725
2759
8447
8791
8371
3829
1573
2724
4851
3666
5855
5233
6672
40
2113
1584
8743
243
920
9515
8273
7906
471
2530
2190
2518
1552
2335
9274
2237
4860
4235
6063
184
5511
2601
6119
3496
6907
3200
8604
8200
6311
8950
4767
8628
6331
6743
6577
3975
51
517
6401
9874
8141
922
5250
3656
1481
5016
2839
7558
7757
274
2638
9136
8594
7363
8023
9927
654
1788
752
998
5807
9212
4686
5948
4560
535
1082
660
2235
1225
3845
6527
9419
5684
105
2660
3341
3636
6094
4861
9283
8324
742
3939
3028
8826
2198
6244
9139
909
5969
4944
3883
9527
4546
1156
3556
3637
6774
7629
8468
8347
1139
1326
8485
6708
4329
1565
6062
2087
7428
2791
2417
4214
8571
7988
177
304
4408
2741
7374
2342
5092
7674
367
2203
5694
6608
9802
1540
3208
2279
4323
2543
703
5010
5710
8992
3029
8392
418
3190
140
7719
6429
3468
5729
712
6270
5531
5314
9325
2467
6844
6173
519
799
284
7399
3285
3559
3977
6630
3878
7194
4761
5804
4687
1035
1705
6096
5961
4140
3667
7482
2337
5817
7033
7691
3203
1566
3933
7735
97
6005
9075
2496
8188
9472
7374
6944
8134
1743
9831
1955
5902
2911
2957
7054
3818
6288
9030
496
1411
976
1315
7923
4634
7241
6113
6367
2840
2628
9788
4940
9860
9945
1678
6417
2637
9077
3141
2622
5415
4293
995
2
3683
4469
7503
8010
4358
7328
1992
9543
6363
8339
2666
6794
1397
3554
6169
1151
1181
3046
154
1780
3578
4178
6562
4884
7678
9857
8469
8612
7132
5983
9952
9656
8120
2016
3331
9939
3575
6080
8294
5338
6838
1463
2844
9796
342
8648
3413
6896
8004
8071
7629
371
3303
4774
6146
781
2371
778
5603
870
7466
9694
3603
2570
4578
4020
8877
3934
2898
9683
434
5485
8277
8050
8621
7604
3121
3055
2360
615
8754
6892
7287
4158
5344
5910
2754
1231
6911
3844
4033
313
68
4329
6223
906
3381
4277
3649
5022
617
9534
2768
6612
1407
359
18
4095
6827
8474
6006
502
2603
2471
334
2872
311
1417
3511
9152
1895
433
7860
5248
991
8770
3257
9517
4549
8216
707
7143
2034
2853
6869
2179
359
2249
9693
4727
6631
8590
2341
3698
3906
782
9109
341
5171
945
4197
1762
5487
8086
3488
2047
7309
5757
9653
1159
8725
1391
599
7422
753
4139
2164
3438
7984
5567
6291
435
4905
3278
5366
5551
5229
5843
8927
6026
997
4931
1311
1402
8554
2008
4202
8587
4084
3840
9030
2364
6810
8352
8321
7654
2824
8342
6642
3737
2623
4170
9224
8836
8774
5456
4352
8433
9166
6860
4802
4811
9091
4066
2282
5069
7710
1482
7780
3352
4311
2749
9280
5312
4024
8030
7142
3331
2989
3783
2963
5160
9224
7311
7409
8384
6033
8741
7460
7467
9978
5628
9585
523
912
9443
5641
1789
781
3968
995
825
2619
1448
8056
2934
3619
5981
4632
6234
9299
9637
4506
2974
9214
2419
4032
9707
7614
340
9145
6883
1316
9816
1584
5006
3664
9914
6641
1423
6668
4798
9036
8898
9250
5015
1858
6372
5839
3154
8268
1727
1471
2210
8716
7009
2967
3704
9739
9880
6657
5679
1921
6796
9042
5570
8066
2680
5240
8363
9190
1303
6687
904
865
6343
2386
8780
9729
253
7471
9615
5943
3397
1395
243
5788
8947
4661
8292
2788
4027
3183
8267
16
6969
2150
9520
6477
2542
8331
1417
9578
1592
7465
5811
3976
1229
4271
4011
7722
3972
1240
3994
1451
7808
1029
6443
1134
9385
8669
874
9521
2425
9019
9547
3883
5600
549
7524
4244
2004
8493
2792
180
2952
9104
4881
5203
2232
5803
8153
5264
1742
5790
5989
5965
1061
5017
5199
2120
2568
3059
1422
8020
4117
4681
5732
101
8723
6355
932
5355
6285
5970
4542
4934
8458
7590
9944
1752
7242
3052
6602
8648
1216
5381
1894
6114
9239
1
4771
4107
5346
7322
4949
7619
8739
158
3690
4035
999
2979
1347
8358
5181
2287
45
5748
529
6000
5243
169
2042
9525
3506
6421
8300
3952
3184
2636
1482
3955
9178
5373
3132
7095
801
6192
3912
348
288
7881
5232
3147
3973
8297
7144
3431
441
6099
5763
4673
2638
4588
7337
5771
580
6492
9607
1604
4472
3073
9651
5842
1993
1202
7114
1470
9416
5057
6375
6297
7964
6874
2450
4829
5694
1016
9924
9566
1048
4599
3826
2751
3669
7380
6685
9329
9413
9600
2853
8149
5472
5715
741
9075
5236
7918
7647
3523
7661
3417
9509
4601
1039
1834
721
5982
787
7751
2034
9449
7436
8595
1556
4220
3573
4740
2778
2954
969
3686
3130
8135
2334
4072
4821
1528
1934
8675
8097
3434
6228
4187
9189
2734
9216
2574
5345
850
3383
6682
1736
2442
682
2204
1115
5325
272
1730
8259
1309
8451
9089
3482
3886
6500
834
3142
295
4732
1080
6483
4950
8321
1949
9676
3374
1809
2234
3318
6012
9197
4773
8729
8760
1333
5317
9708
4598
9100
6961
3964
9563
1960
5590
5000
957
4008
3991
1644
6644
8162
8447
4056
4317
7688
6050
541
4636
3622
1537
1875
6241
4955
2796
4170
7300
8898
9746
4299
7083
1420
261
5465
4122
2987
7576
9338
7017
7725
810
172
3009
5203
1820
5334
3488
4301
3950
924
9437
757
6680
7662
3621
3556
6308
7998
7252
2884
9993
6940
1999
3700
929
5023
5261
5041
6460
3570
6790
7191
5726
3433
5604
1028
1172
463
406
5733
8772
238
8756
7104
2674
5513
1068
5869
8735
4585
811
7345
2091
4163
6487
3064
8155
1970
6473
6126
1222
5590
6776
6123
569
5784
3648
217
7483
6344
8018
8883
5338
8086
501
4427
6548
9498
58
152
5954
9344
6141
8987
8847
6163
8199
5180
7302
7557
3840
4518
4441
8200
9682
2795
8814
5180
9625
213
3748
2790
2247
2939
4051
1449
516
5836
7073
8291
4514
9995
3921
8118
9566
9606
6790
2754
323
4981
5782
4588
8472
4508
6457
9277
2282
7277
2993
9882
9812
8253
1587
139
8714
801
1379
6618
5414
2837
1518
6457
7145
7048
3073
1312
8003
7496
5879
6274
7342
7013
2911
3404
8149
4757
7596
8745
274
6132
7077
9861
4068
4533
5021
5692
5567
9033
6430
9341
2142
3082
6222
1696
4643
9573
5092
4321
5215
6002
7395
7753
4989
4978
8405
8872
5545
4596
7827
4320
95
1139
5664
17
6717
5200
5942
525
2490
6279
7768
1351
5856
1697
1494
1772
740
4021
2671
6350
6423
123
4465
25
8228
1711
7692
3860
2154
7534
724
3254
8804
3729
7189
3635
4932
7123
657
2417
3934
1968
9845
4411
6160
3291
8442
8353
6368
540
8935
2010
2269
2005
2531
7623
8839
7664
4920
6421
7835
951
7555
4607
7143
2479
8536
5758
5500
2353
7187
4702
288
902
8041
4270
835
9327
253
2291
8618
6111
4446
6585
2903
21
1757
7400
2922
9577
2653
1566
9584
4754
7683
3871
6202
3634
9085
7622
6265
5311
7967
1223
2452
4367
3192
1187
2524
1695
1635
3926
327
7008
1993
3264
1416
2159
4676
4974
4352
1423
7631
4996
9710
3524
4265
4474
914
223
9800
7616
5135
3441
6266
4383
3406
9822
1078
494
7375
704
1889
7661
3051
7141
8141
8626
1989
5686
3052
4494
3566
1076
1330
8714
3224
6673
9208
8115
4322
5817
2701
4927
8355
1275
9767
6604
3186
9127
5991
6900
1233
6582
5195
7918
9849
8417
3372
915
9153
3023
1880
8123
9592
9006
7402
4005
5458
1277
6133
7264
2448
3379
4432
2424
5271
9040
1387
8640
6259
8751
4799
9768
485
6196
3588
7467
2279
2392
6300
4808
0
2941
7068
3179
7410
9296
1339
6296
785
6443
2467
6611
9806
4291
2917
5998
8850
5493
8329
4832
5142
3224
6723
7551
9519
6127
3632
7274
9895
5838
3759
8021
9270
7973
4845
3585
5856
798
1481
3735
6967
8591
9671
9393
8353
445
3648
8550
9973
829
9190
6032
7231
5048
6437
2380
9315
9194
5652
3997
5854
295
2267
8060
8328
8907
1199
4513
3557
1436
9545
3191
5210
2863
3413
7135
1549
6643
4469
3955
7366
2878
5653
5124
8818
546
4778
6515
7110
7083
3956
5481
6784
4599
771
8116
4312
9267
341
8510
5414
5470
605
1723
2190
1661
4703
5327
7382
7019
8104
9449
8728
4185
7771
1040
5970
3241
8998
9769
8955
3971
6099
4850
4288
2339
4762
9438
3997
3104
2260
9405
3463
265
8138
3591
6837
4045
1804
3222
3679
1623
9661
7997
8303
4405
8300
9832
1653
6580
5214
3377
6182
6137
2070
9756
2484
6878
1686
5568
1592
4663
5647
1347
2876
8720
6757
160
3701
8485
3086
8872
5214
8925
937
8946
5664
5204
4267
7072
653
8884
9588
4976
1116
671
4400
1179
8926
4828
5946
9406
7487
5003
8155
8322
456
9318
4336
8858
6465
8343
793
9096
4853
7664
7806
5149
9166
6011
5836
7308
3454
6718
8877
1657
8447
2186
6438
8323
8051
5329
3322
7658
117
4961
3787
2463
3808
209
7504
2328
8990
4375
1042
8220
9208
8948
897
1073
5085
9581
4164
6607
8862
9543
5118
5072
454
7565
2363
9415
710
6017
2281
2603
5118
7901
8564
6478
3816
2533
4634
1230
7455
3483
2957
7399
8461
8781
3815
82
7905
3807
6551
2159
975
65
8041
9338
3282
8702
3604
365
3389
9264
5645
2162
2079
6914
3321
275
4276
6020
5712
8992
7192
6485
6877
3532
5014
6240
3698
5413
6159
3349
6120
494
1271
8594
6916
4378
8969
6110
2405
8503
3642
6051
6313
7301
2347
53
1135
3602
4712
9379
2680
8451
2509
4729
2519
6881
4696
9375
3111
5853
362
2098
2316
9937
4215
1325
9297
8549
6638
5940
3680
5947
626
6460
769
3144
7014
4474
1882
7343
8583
6471
8276
8555
8499
8429
670
7448
8551
8528
4139
4175
9334
9931
6870
4508
9750
1686
966
5886
1317
5970
5788
1691
7257
4161
3817
237
7028
5909
3181
6365
6566
8211
6298
3898
300
2194
5911
6422
8935
1958
5696
1086
8488
3124
8827
1924
3767
1026
69
618
50
7837
8635
3324
2994
2101
4741
9419
2410
6233
3196
3730
2393
5802
2252
5271
831
2991
9221
9087
5387
1589
7515
5710
147
817
1390
3179
9229
6947
1636
9132
5626
3656
833
178
19
1244
8345
6003
5483
3530
4156
7264
1060
9571
3536
1139
9485
5414
5949
5496
5625
8369
2881
4292
8667
549
4996
1638
701
8287
4277
1096
1376
1576
7715
7041
7326
6875
4713
7579
8747
3902
4209
4925
6890
3711
3657
8388
6604
6684
6626
851
8195
7743
5333
5299
7460
2676
5984
8168
8571
7737
7390
1555
7928
3025
9333
253
920
2532
201
8295
2991
4007
4590
635
3968
9475
6922
7646
1743
8837
9497
4
253
3793
4938
2880
2707
1028
2311
6855
3035
9221
5138
5824
215
9830
3914
5178
2868
3277
2557
6874
9225
3465
6759
4319
6426
9556
2585
5028
6634
3460
229
6129
2413
4445
2182
4014
3563
8919
5804
6630
3312
9271
1748
4547
9264
4796
4823
7004
3752
3881
5513
2888
8976
8938
6865
4301
3804
2788
1337
7658
5730
6334
5355
3629
9653
8038
603
242
5280
4929
5108
3480
1087
5171
3594
5073
9527
6743
9455
7511
7494
7291
3857
3110
277
6300
3696
9305
9914
6537
8429
6548
489
5558
2894
3339
1067
8256
1519
5918
4359
8632
6930
1411
4716
6845
823
8526
6529
7114
5287
6926
5123
730
681
7063
2030
7075
3143
1063
7719
1030
7387
6775
7478
6753
5635
81
5793
6783
197
4697
4850
4318
1755
7497
1179
5642
1183
8604
992
2938
3138
9991
99
3815
8757
5359
4878
6741
9675
4635
5832
559
9526
3255
458
9987
2670
865
7659
4311
592
3348
4808
7255
1251
1231
7983
1453
7046
4322
7754
8651
3253
5220
3258
6215
8682
6291
5977
9988
5263
281
1969
281
8402
4759
4283
2960
1698
4385
6959
8333
5062
2997
6586
7256
397
7017
3758
2954
6512
2577
339
1440
6707
2026
1339
1919
1018
1686
4883
8676
9096
3988
6262
5286
3843
5291
3724
4843
3236
4803
1871
2115
4522
3104
4590
9109
4829
6364
426
