4776
2866
6511
4341
3432
5556
1909
1411
6015
9741
6359
2686
3140
8069
4004
8620
5158
8120
2614
8195
9092
4930
4357
1802
4057
3081
5478
8908
803
1211
8115
4345
3486
6732
9656
3014
4914
2305
3639
7029
3254
6203
7129
9632
1631
763
2258
8079
4489
4964
9904
3129
1984
3103
8975
6535
9947
3303
1451
1043
8934
5572
8948
2031
2747
533
4199
1507
1869
6630
7519
94
9856
6978
4791
5133
8968
2705
5578
9946
188
5314
9929
8524
1510
3285
2281
1948
1387
1183
6966
5639
5794
6576
7096
1167
9858
9025
433
7133
9468
9558
4063
3057
7890
7668
5060
9818
2802
7196
6752
1
5220
373
2408
8271
748
5960
4933
9022
7819
2549
283
5101
5849
1091
6084
9838
6743
7684
4505
6281
9508
342
2732
6019
4942
5894
1333
1530
2115
6336
7143
2567
5219
3793
7118
8950
8579
5453
1384
6945
7617
9036
4941
8936
7279
6000
4652
909
4318
4578
8643
3052
9993
570
1962
56
858
780
7085
785
317
7999
101
6833
9055
8298
4497
773
9602
2184
2870
5881
2288
2698
4944
6412
3161
9227
4
3763
5580
31
5876
5257
1950
5556
6045
7588
9273
2731
2753
6211
6388
3664
7676
3907
9707
6420
4597
577
411
2172
51
394
1804
2882
6281
3198
9835
6169
4336
243
1555
5775
8495
8917
456
4715
7161
2555
5903
1925
2820
2181
5869
4309
5185
9009
1755
4467
7869
6797
5603
206
6179
6295
9354
6264
5787
721
3209
7950
6467
9488
1257
4470
8569
7411
5722
7441
7906
7504
1633
5344
1978
2906
6236
2834
8952
2511
3779
7643
5133
7438
1917
8369
3561
2613
8284
1856
2011
1401
7782
7789
4867
7935
161
4248
1941
887
9338
7034
1676
488
1409
7918
5144
1302
9429
4428
2837
6240
2904
5824
4090
5430
1278
3642
6907
632
6584
8222
4235
8490
9959
8251
7666
4548
8095
2809
8871
4917
5034
8379
1658
8055
7941
3156
9249
7149
2411
9799
3484
4857
8716
486
6647
6043
6442
44
3612
9940
720
6614
6210
3417
5839
3083
9478
3922
5527
2765
5588
4818
9198
3656
8754
6161
2144
8711
7001
2724
8531
8246
7873
7086
5685
3921
5624
3568
132
6204
9039
605
1738
9964
9922
4216
2484
754
4257
5566
4797
7480
4111
5696
2267
8980
7974
8121
4742
9786
1605
7726
1376
9005
2424
4851
4950
806
5922
8298
2193
173
9690
6822
585
1444
5839
6062
3527
4340
8744
4701
9878
9102
5821
3446
3509
5555
3772
2244
3675
5472
9801
3439
7672
7025
8869
7548
6499
9095
9529
1708
8469
5076
5135
9524
1233
642
7789
3692
8399
1475
1823
8289
5412
9796
5057
4293
9392
7163
6678
8390
8195
2111
4919
6316
8204
7830
8971
700
3424
2457
527
6522
6756
2948
4883
5051
2087
2954
9713
6888
3998
5942
5403
4350
2525
3404
8351
2595
5343
5805
5097
4211
9587
521
5557
4312
9427
5999
6960
2456
1025
5680
5707
9704
8129
1298
490
9823
6941
1184
4351
4197
3625
7551
3917
282
7684
187
44
5299
5687
47
8537
8430
5869
4724
615
2647
4159
5441
3510
3524
4475
9729
3406
2779
1696
5970
8136
7683
713
361
7449
3351
9315
5554
3596
9863
9021
7525
9755
2889
8731
7861
9514
1101
7719
2771
6304
8798
1077
5983
7442
9539
4849
2606
9726
8038
4727
3079
785
5004
126
6519
9318
8179
8594
228
3051
5498
4076
5583
1905
5113
3680
6754
3376
5490
8372
825
7764
431
9656
8110
3433
3227
2902
684
3918
2893
3496
3605
3769
8334
3632
5055
1079
4780
8407
7161
6334
8455
6758
4219
7905
2376
4586
6523
7615
7890
5560
1244
760
7168
8493
5905
5805
5342
4864
3136
6547
3636
8567
9889
8884
7229
5475
6821
2738
4326
5241
6068
4616
4209
9245
9583
4863
9081
5997
3876
7338
4336
6615
255
1631
1637
4488
9901
8211
7169
9490
1420
6016
2192
8089
5599
1909
7741
875
14
5003
5125
4170
4073
8447
8494
1479
2765
4384
1825
8476
7919
1991
9026
1957
1398
8270
8000
3644
8133
8447
6520
3617
3638
9626
3780
9170
3010
658
4737
8749
9804
5748
3070
2335
5405
3349
336
55
842
5048
5890
2172
99
120
586
9863
9509
5704
2487
3551
3454
8341
4214
3439
7584
8404
4996
3622
8479
8893
2174
2155
6596
3892
1348
5947
4612
1280
5804
3761
9163
8633
114
8368
7826
803
6269
9744
5055
6353
2333
3954
8236
4184
3121
2530
560
8354
101
3544
4153
1852
312
7099
6491
3180
9483
1587
7137
9074
4150
9465
482
5561
7477
7325
9856
3114
7775
9283
6186
9358
9431
6188
2498
3182
635
6524
4104
1833
8538
7757
2468
4929
2771
4464
4019
4466
5288
1163
7881
176
7361
4643
2645
7596
6765
2343
9826
6850
2163
2918
7609
7410
9687
5279
5780
2202
4409
9827
5614
8988
6199
8889
5126
8433
530
5838
738
7898
606
9270
6303
8638
8594
6612
407
709
6192
5393
3420
8463
1695
1469
1648
9010
8851
5503
6215
9839
5166
4650
7588
144
9680
8607
8368
5504
1178
4233
6090
758
3745
569
2216
1936
4829
9342
5803
4392
2801
6400
4513
2965
4293
5690
3427
5393
5935
8498
5919
9026
7488
6534
4576
2024
8874
804
5577
690
2399
6933
1425
9821
5573
8744
8935
4298
2054
2391
4423
4650
996
440
5077
5384
3754
8402
8230
3012
8509
9530
1823
3768
257
9369
1525
5736
7960
5627
2515
2635
7061
1351
7097
3936
2303
8054
4545
4127
1025
4706
4814
7086
8750
6701
5821
6556
6930
9594
7581
2445
6547
1611
3771
4659
5078
1625
6998
2245
270
2410
5298
9999
8080
7602
9208
1141
5714
3896
1338
6661
6497
3251
1091
9208
7394
6306
8701
4693
9840
1861
4669
5571
836
6955
7112
8536
6243
3832
1449
1490
1425
4259
1019
6209
163
4090
2128
2224
2642
6770
4308
9774
1628
8398
7740
1885
6388
1899
3000
6823
6169
711
376
3751
8996
860
7018
8667
1372
8092
2241
5220
5524
4378
5681
2855
2403
1571
5127
7172
6500
8903
2294
4896
4772
8600
6668
7185
1800
3390
1395
9653
3745
6964
9603
1583
6200
9170
2964
1904
6308
8024
9138
3598
3259
6756
3849
835
4100
3057
9376
7957
2650
3468
4642
8493
8877
8179
1991
87
3155
4509
1473
7477
700
5904
6306
5183
8771
8291
2923
3547
688
1680
5599
8229
4842
1285
6551
411
7658
3960
7294
3384
4875
1733
3228
8667
3277
4533
6128
99
9656
1884
5351
5977
6910
6639
6121
7914
8969
3233
2306
7407
6004
1129
1486
715
5798
2305
9006
2529
4840
8893
1335
4736
8392
1989
8121
1244
4294
1969
1741
4041
6540
6817
2040
1190
8762
5510
4061
3492
2655
3760
9102
6290
8804
5125
2514
4935
274
7115
8498
8922
100
8018
2270
785
3975
6545
2237
8405
8381
8603
6049
9678
8913
1326
5209
3552
3669
7000
8032
8162
8952
6677
1746
8615
8275
4810
175
6730
866
616
5720
3739
2672
4397
7991
4544
4155
1180
8827
6810
422
9895
9920
1334
8557
5959
9101
2379
6147
4105
4599
9431
2920
5268
4259
865
7078
6954
6521
1786
3259
8027
9780
1926
4801
2769
3574
2080
8632
7260
9720
2719
3621
7130
286
1075
5379
4705
4441
9211
1880
5389
694
8471
1043
2305
3173
2533
1153
7531
3188
7275
3727
1977
6809
7392
7914
2162
9022
3078
3538
8323
7207
3911
909
1590
7455
6220
1960
9776
2496
8884
9576
4072
4738
2599
9726
2783
9835
9720
1016
2016
7044
7216
5925
3206
1292
8860
7633
7924
2997
1573
3678
9077
8700
9544
7939
4497
3735
6178
5326
3496
7239
2986
7286
4878
7357
9659
5788
1171
2745
4748
4607
478
8189
3373
1598
7269
3696
4560
3896
5004
5038
450
383
1703
317
9509
427
2766
730
8331
8299
7356
4850
2929
1927
2788
4349
5317
3489
7569
1620
9030
809
9399
3763
7159
464
1339
9882
4607
7348
2412
6477
3152
6809
93
8763
1729
2009
3233
652
8651
1715
881
3076
1756
9615
7788
8164
2956
1793
1900
2432
8298
5468
993
2218
2481
365
5244
3293
4924
1656
6234
4438
9283
1681
1275
1213
9906
5633
7166
9009
5940
7848
1307
8881
9217
3793
6124
1768
1185
8161
7961
9584
5676
7129
2078
2582
5135
7660
4235
2446
4397
5738
3817
9933
7424
6826
2068
1717
10
2758
1481
3070
829
8624
6717
1358
4626
6883
7415
75
6666
6228
9147
8120
5231
7047
4916
8652
1254
4926
1662
5792
8964
7452
4621
1878
7242
1272
8461
8311
3710
4205
4839
9125
3783
3950
3644
6575
8533
8775
2049
2819
1722
9070
1335
2253
3369
3497
5718
4526
3242
3625
2294
5528
9767
8835
9674
5077
3414
4672
8329
9240
1362
9754
1258
6347
8824
3895
9883
6871
2044
8850
4318
2290
4678
4
7441
6627
829
8594
8073
6961
7469
5840
4746
5129
2952
2115
5668
6014
3303
2692
3229
8363
170
3041
3208
6612
7204
8413
9072
1019
492
1320
5955
9806
4865
5321
9005
8365
1454
7543
6495
825
3110
4615
7244
9480
4348
6192
2384
1670
2929
8090
5421
9429
8266
1557
3156
7525
3950
7142
8716
5310
5705
3964
8930
7050
8592
6449
1470
7392
2514
6732
6909
9611
4614
2435
8848
9545
7559
8493
9217
4383
4809
5638
8429
9530
6662
7356
5410
336
4506
8630
5398
2805
9783
7492
7841
601
3430
4865
3657
4831
1915
1557
1720
8105
6963
5591
4028
5295
701
7424
4090
1502
6786
7194
4720
4381
7122
5688
8310
2826
8700
6927
1536
2435
7610
9234
3315
4177
6167
3723
2689
3199
5902
389
4515
1880
9280
4935
2674
222
2786
2635
8897
4727
4624
4284
5035
5234
8850
8813
357
1800
1162
1143
6751
1933
742
6523
7708
5813
9080
7781
539
7507
8239
1921
5842
8125
4866
8743
774
4235
8873
2498
4362
5182
4648
9999
4017
8686
1097
1393
3041
1356
7301
8833
7958
3190
4622
8994
4656
6409
6220
7203
9547
4512
2706
3117
4841
3290
1228
2092
6526
5434
5688
8459
3447
9944
5550
984
8311
821
9997
3750
2080
9835
5747
8705
7706
6035
8
3277
9028
4160
2616
6007
3204
4633
3307
7837
188
2901
4899
3753
8860
3790
8705
104
5949
2535
3077
6170
8257
9658
8608
6850
7237
8074
3511
2572
8543
9031
2055
2014
3434
8464
2543
1831
6859
6611
8734
2549
7840
7360
4362
4195
6004
2892
7130
9006
9745
6640
4705
2761
7586
3825
7543
6775
6084
795
5030
6613
4681
5863
8334
7162
7848
7004
6117
2902
3684
8481
2783
6232
791
5329
6821
7324
8347
3591
9269
7873
3350
5672
4486
2617
6591
352
7047
7401
6225
7556
8403
2832
7931
8871
7218
3029
497
1496
8735
3625
6915
9400
4433
2779
2807
394
8617
7114
5669
4771
7687
2933
2304
961
8825
7774
5180
8808
7762
2574
7808
471
914
6178
6346
5338
8711
1826
3497
1896
5056
210
3707
620
1178
1362
7123
8017
7593
7968
8934
5078
5701
6221
6867
2161
1486
829
3052
7152
7549
8232
7334
3258
936
1854
1721
5524
3074
7079
708
6688
9485
3847
7968
8128
7420
1057
7103
2120
3706
3491
5377
4593
3521
4751
5427
7210
6824
6345
3412
3097
6044
5932
8101
7056
8169
7352
6029
9802
2709
3190
2214
3396
7673
7692
7640
9032
8013
8843
1871
7493
9695
1829
8155
1947
7760
7693
9220
3570
8603
4295
7320
5434
7970
3486
1827
6748
3911
6564
2378
1184
1845
7460
2788
5176
1688
4099
7173
5962
7679
1045
1320
9003
5532
3068
3064
7718
2214
9628
7227
7259
8796
1945
5355
2501
3381
4418
4323
8532
488
4023
2067
6953
4069
3668
7920
336
9855
9202
7291
7911
8407
723
9612
4861
6582
9420
7803
9750
1190
2623
6026
8571
5742
1301
6274
8974
5704
4411
4105
9739
5424
1220
637
2041
4011
9996
2896
6176
1202
4204
2656
1941
1785
3225
8065
6705
1760
4887
4793
48
7766
3563
6311
8293
2165
4991
1905
4282
7534
3870
4121
5572
7346
9407
4732
4214
9578
8382
5783
1164
9987
4965
1270
248
121
3099
7466
2778
2831
6787
4773
3703
9049
2069
1525
8844
3494
3241
8347
9324
3421
3007
3704
7845
7586
9068
531
5585
8341
1055
9945
5081
376
8178
9217
3619
875
1740
7067
5228
9110
1203
6532
9408
5554
6367
2216
1334
7924
4713
581
3881
7687
2914
1880
8993
6341
5872
1239
9601
8130
4851
5754
2089
4709
422
663
8507
4211
3009
3832
2394
8714
4075
250
9167
2999
8941
5349
5766
3012
178
2435
5157
7361
5642
9023
6204
2510
462
4380
6103
6355
9054
8303
4353
1101
9349
9529
8595
1285
270
8485
6842
749
5152
9675
9719
8202
949
9326
5279
4137
184
904
5123
1088
5677
2560
3530
114
4858
4373
5514
7069
3731
7018
7893
996
1268
2926
9040
8356
8823
2631
3103
1222
7701
6970
3980
3760
3705
2905
839
4904
6384
3129
7111
4902
8525
3855
3295
5556
5401
5991
2043
9589
7943
7633
1561
5103
2742
3416
1685
2454
2463
9024
8461
6358
2846
9228
1491
8717
7182
1833
4545
9411
9549
7722
3222
3176
5423
6320
767
4168
9470
262
5073
1197
3982
3351
5554
9281
8591
6684
9175
6637
5308
4806
3192
7763
608
5636
768
5173
40
3842
5153
8225
1379
510
5316
6426
9494
6584
7438
6787
2525
6661
1454
9530
6892
128
6690
2462
8371
3582
169
3039
8816
588
5044
4049
8270
9271
6886
5484
3963
7720
2219
3635
1927
2874
3300
1455
5448
9593
6496
3720
4330
2473
9494
1872
8132
3040
6879
9115
3031
3793
5216
5630
4895
9798
341
771
4508
6713
1098
934
7770
9791
690
4848
7292
850
6059
9309
727
8537
2441
6044
6314
1014
2110
4002
1004
9467
1995
5499
4510
1306
4544
4287
3391
6456
4735
7661
2734
4861
1087
3575
298
3659
5884
8809
6582
5881
3324
1095
5480
8827
7357
6994
1888
7967
9897
5142
2918
6070
5707
6819
9980
5964
6764
7766
930
6167
582
7812
5609
1368
9610
5074
7647
3713
2556
8388
5369
932
3836
4320
3295
1363
3216
5278
8720
1177
5132
7039
5655
6227
5604
6406
2805
1293
5592
7031
2526
8117
2206
1451
9712
7422
3774
6973
9197
1764
1654
6068
2186
1894
7150
4270
8863
677
1782
1189
2207
3015
3803
8080
1778
4920
9672
1209
9086
4063
9369
2902
5349
4888
6027
8022
6791
627
2704
523
7047
8520
7518
8638
571
5172
791
7779
6286
2613
1363
42
3600
5391
2345
8031
2557
7720
8733
6607
7962
6358
6019
6887
7963
8675
6562
2858
9762
1178
5027
5359
1523
9009
9112
8341
3219
6098
3882
292
1726
6632
8459
3954
4743
2738
4171
5086
2858
9927
2869
4828
9518
4791
2441
3502
8214
7210
8357
2155
3398
6247
5436
9518
7395
131
1705
8670
2611
7172
3292
7077
6708
6832
7202
2704
6648
359
9956
4370
3214
8874
6518
2565
9148
8694
7584
4014
9144
9745
9209
9835
9894
2256
7678
2748
6172
5810
6227
4732
113
2541
4496
3130
5635
6787
3693
232
8200
4384
1368
3343
7789
9203
2147
7853
4938
871
5483
4381
2758
1660
2962
1777
2647
4407
142
8589
9921
6035
6379
147
1552
8658
8603
9127
7729
2020
9886
7519
2474
8034
3149
9593
4106
8488
703
2377
8795
3677
911
5549
8164
4800
9941
1918
7611
2352
9632
7861
7640
6328
6117
8520
3012
2118
3969
3360
4000
9127
5210
9208
7650
3152
1332
3652
571
3115
5248
2092
2356
4956
6063
3363
4854
7247
6020
2088
7592
289
8807
5384
8563
2871
2997
5902
4194
5566
581
6889
9589
7952
7606
4856
3653
2496
1588
9732
8322
9106
1353
7050
9479
4714
1616
7188
1183
8831
7572
194
2097
6012
743
938
727
3459
4735
666
4557
8766
6075
7510
7492
2292
7828
274
4454
4595
174
1357
1012
6848
4334
3064
6218
3529
581
962
3524
7827
7754
1057
9307
757
5397
1695
8360
8704
8920
6127
3385
6105
9112
1402
5889
1765
3177
6203
5977
2208
5833
5987
1620
6985
8658
7161
4545
3470
8419
3794
4265
3519
5960
3848
8200
6114
8725
523
5337
3667
8514
577
2762
7381
9104
1835
7679
4921
3546
2613
1554
3209
647
1705
9896
1298
539
1234
9086
4396
1357
8392
2242
776
387
412
2671
9013
874
1297
2064
1486
6994
3717
5285
8659
6694
9195
4563
1747
1481
3863
2038
2371
1020
9253
9538
2845
5532
3126
2215
7352
6504
2807
2963
4128
1056
9248
4977
2978
9737
2919
6655
2855
9277
4142
5629
5482
4367
2543
1569
9303
6332
9474
2520
7473
9389
5305
599
1104
1081
9561
255
2406
983
4485
7615
9405
4177
8488
8483
31
7349
7503
6715
1264
1333
5937
5910
7084
1454
8028
3293
4745
2405
492
9244
4408
8749
4618
1627
14
8534
1920
8043
8041
2863
3973
4571
7441
5100
73
6906
8029
5171
9982
2711
3967
5600
2673
2197
253
6440
9636
7066
5245
6746
6745
3127
4860
5217
6253
3377
6427
6583
7502
8253
2422
7588
1882
8859
4530
2596
3862
4729
3267
5862
5528
7481
6007
4128
2402
5757
5027
144
4236
4062
9896
3629
4268
4283
3793
7997
420
4031
4299
5936
1880
2731
7969
6073
7274
7651
3187
7260
6468
2373
4723
9475
8513
1795
2797
1306
8169
9922
144
7963
6120
4747
7436
2196
9993
462
8698
9140
2116
1511
2802
6357
5793
8585
3213
9250
2119
8310
9529
8426
8262
8753
2754
2365
5517
3354
4691
6899
6809
9928
1161
6636
7595
6742
6095
3634
1189
9316
5003
9770
4561
8254
5717
1290
7597
6281
7967
2516
2599
7049
2854
8832
8752
6833
6740
649
9872
8194
9294
5950
5975
2020
5617
8184
5563
6082
4660
9738
2163
9039
5002
6228
3887
2007
7446
6611
1329
8865
4955
3795
7292
3664
9136
7940
1079
8457
1628
5434
5790
6462
4003
4542
4038
937
3565
5794
491
2773
255
3602
2888
1909
3881
9846
6337
9208
5723
8852
3840
3172
164
4338
8683
4303
4825
9225
5694
3933
8031
8005
5787
6020
5205
4185
922
7611
7984
399
9486
3393
4516
861
5959
778
6572
9347
6845
4387
9175
4849
6607
4871
5887
9494
4264
1130
5511
7059
458
9954
8512
5021
8634
1350
4200
9345
8168
4303
9488
6499
6362
1515
9304
9423
1700
9408
4409
7008
6341
8509
1582
5326
385
4684
7328
2082
7303
9076
9485
1221
2750
3211
9188
9079
609
7593
720
1724
7220
4535
1039
2321
5793
8951
3517
3404
3492
1181
5298
960
9631
4154
7348
9903
2651
1961
7050
5867
2620
1378
623
8293
4223
6941
8463
2935
8082
7057
338
509
2352
9530
9665
1933
9880
6568
1209
4599
3946
692
5595
2200
3757
3406
9070
8873
5999
7665
4066
2580
1210
9496
7122
2438
2159
1274
4725
976
7187
4625
3120
7480
7362
3081
9948
9932
7988
7699
6335
4518
8602
2905
9018
5035
581
700
4558
862
4868
5657
7116
1618
5287
9930
6840
2252
6309
3816
3881
7878
230
1870
2656
1744
8654
234
9090
2546
743
4892
563
9484
6825
6017
1025
7646
4441
3785
9610
3619
4155
6916
7051
3416
277
5419
7559
523
306
379
2208
6398
7296
188
8900
1211
1143
2512
3767
4146
9078
887
5017
7117
1979
111
7412
1620
6734
713
8341
7980
3338
9478
9892
3611
1018
1281
4785
8295
2349
3237
3629
8700
2837
8047
578
6268
2449
1535
8560
6400
3908
4952
5078
1421
8930
7767
9321
1474
3688
1984
3859
5902
6133
1187
9803
4526
2072
2478
3532
7380
7751
4140
1365
467
8393
5371
7757
7623
849
1083
8865
2017
2615
3314
2764
7360
4357
8445
3394
3276
235
3441
3800
8027
9423
3696
3683
2982
484
6647
6699
1510
6982
7411
364
7608
2064
1219
330
7168
4090
7417
6334
5721
2514
7659
7585
1338
8965
5894
6467
1365
9786
3378
7961
2489
316
1040
2033
1655
4419
7983
4851
2545
5709
7934
7749
334
6813
365
9371
1243
9392
8988
554
6987
7481
5141
2264
4815
6168
6629
6353
1473
1867
6741
4440
3370
3409
407
3320
9588
4231
6140
7878
6953
3025
178
2294
5242
4710
5051
4406
2332
8776
2648
8794
6364
7103
2692
5173
1123
5378
4958
800
4645
5777
8959
9771
404
4417
2073
846
8017
9557
7744
9946
2882
6149
4674
6368
4767
1758
113
7325
4103
5574
9250
7394
7327
746
9198
9404
9882
8101
966
9844
1205
8335
5107
5668
1849
7537
1403
2292
9939
5056
3872
913
4800
6142
1074
570
1122
5016
1525
8310
7584
5452
2909
277
6185
5900
3029
7601
3800
6904
448
7152
116
8603
2343
9769
2383
244
2848
2721
1342
5822
143
9153
6839
4558
6903
8118
9238
314
3705
1364
683
4849
5197
8296
1037
7930
6383
8024
8482
1628
3344
297
9206
8567
4845
5694
4040
5342
2365
4711
8885
6034
4659
1789
1004
6652
8291
5576
6080
4134
3906
9964
9788
5798
1239
2862
4448
8568
2269
8262
4618
3079
5882
19
2672
6216
4042
869
4058
3156
9940
187
5597
928
1134
4441
2321
922
7229
646
5443
4209
7252
432
6471
6417
2365
2300
3286
394
7494
2750
3189
8557
6627
7473
5798
8226
2034
6259
1303
1097
3371
7504
1257
1067
5
9466
6971
6972
918
2498
8996
3343
8723
9205
4512
8597
2693
6134
8498
6420
2749
9828
9399
5665
2718
3176
603
9498
9480
7501
6645
6897
1205
4812
2557
6280
140
9922
3710
9846
4003
257
2807
8420
5922
5808
7435
7703
371
2911
424
1066
5045
9084
1509
6215
4479
9467
6820
8785
3169
4422
8519
2865
455
6912
6191
140
8519
8391
1103
9837
4665
3078
1055
756
4198
5380
4604
5962
857
6093
2157
4480
6451
5274
5569
164
219
3727
5684
1182
5090
4545
2304
5693
5491
5571
3472
8569
521
4348
624
6069
3580
5542
2528
691
2419
5029
8648
5027
9469
641
3845
7306
5979
898
7888
5179
7636
9576
9056
6564
5900
2405
4902
3640
639
615
1543
3588
8184
7205
295
7440
1342
8420
1599
9061
5005
5959
3329
6821
1490
4978
4227
7035
4128
3465
567
6240
3537
9898
7707
5015
2614
6355
5004
2790
6783
7313
7989
9425
2710
3446
3110
4516
5109
9222
912
4669
1656
7790
3692
8964
9661
1874
6635
9273
8008
7762
3000
4392
7443
3128
3994
3626
7843
8496
3030
811
7077
6180
977
7284
4951
3891
7890
7013
6404
4462
6918
2289
8871
7711
174
373
6401
9174
2354
5174
3445
2001
1049
2006
4464
1494
7344
2035
4326
3041
5000
9788
2087
2837
5757
3425
145
9649
9520
2230
9087
3600
5238
3955
3759
8988
1465
7787
1778
4993
204
3799
1452
4250
2044
8959
1115
5226
8722
404
7252
1432
5126
3725
4152
7592
1021
5084
5078
8194
8770
5435
251
114
5219
3497
3156
7147
9458
3291
4324
4504
4300
6048
1680
9217
7591
6262
7688
2230
7908
5075
97
6731
6931
7009
7405
4944
8118
9576
7883
7196
5294
7545
9515
7878
4322
709
2458
911
2942
8296
3003
3903
6407
9990
4695
4506
1260
1552
5339
9407
569
3954
8256
4877
1205
2140
6200
4706
8220
3131
8244
4002
9127
8403
7603
3744
8998
652
8692
8108
7967
3110
9324
1497
2688
6699
4883
1562
8545
959
1609
7416
3685
2406
9846
2386
7071
1938
9199
338
7890
6551
3061
2744
896
8302
9671
21
4452
2466
727
9046
3323
3786
1546
4091
2348
1267
2313
7971
889
7562
3365
3558
765
5107
7000
1871
3541
201
9030
4307
8012
8722
3473
882
3375
3213
4268
3145
9135
6139
1831
8498
1732
7256
5386
6025
6206
8788
509
1883
1975
5266
8180
8109
4469
2173
9736
5878
9595
6834
7727
8906
5583
7886
2622
3236
8774
2852
9749
368
3532
3387
6536
6098
8864
1170
4926
7030
3387
6449
6003
5765
8913
3742
2184
8640
9968
5720
458
3837
9334
7667
9520
9499
4527
6304
1374
995
2107
3400
102
61
9086
4470
110
8876
1841
5550
156
983
1719
4254
7454
7813
9450
1615
1895
8868
179
2455
8196
278
4712
8991
2092
4985
1007
6204
7365
2802
3937
2925
9860
5317
2490
7487
5724
5971
4493
4544
1880
9008
7060
9966
6419
6351
7605
1531
3332
7245
2801
4128
8056
6855
6998
3819
8024
8121
1412
6406
121
6101
5420
7941
1249
5755
4451
9020
9767
8187
343
3771
6900
2404
9993
8215
6054
936
8984
4421
2404
1838
1806
3878
8539
5763
404
7466
2694
3871
7665
4834
1500
7984
5567
6326
436
6405
1246
9007
1331
9608
578
4947
2470
3704
3320
3819
395
1986
3686
3874
2713
4140
736
5980
3249
7903
7958
9568
8028
9374
619
8052
6691
5351
7152
5828
6814
2772
7103
8862
3236
7822
580
685
9121
2016
8693
3743
8054
9699
2419
1477
8026
3627
568
6903
6813
7725
2384
1522
3517
9371
9829
2096
402
8222
1186
8930
9765
3119
9241
5579
190
9858
9664
7516
57
3791
2165
567
954
5262
5747
4019
4168
2190
221
5164
2373
3891
9223
2371
5790
410
8708
3977
1965
473
41
6148
6444
1384
1168
7323
2948
8358
3033
4372
7987
5178
3580
8360
2076
407
9242
1791
5592
3914
4321
9917
7051
2963
365
4584
50
5918
8763
7317
104
9261
5497
142
6215
2852
4042
4067
4075
9136
8709
5898
7698
2501
1117
756
944
7378
7180
7805
9359
5539
9144
1871
756
9731
2535
5572
1821
1132
8399
4870
5670
3629
6374
22
9770
3174
5336
3349
6183
8019
3959
7441
7834
4323
3325
1567
5418
1012
7676
690
6737
4156
3943
5638
1076
5158
778
9100
691
5112
675
6130
5932
45
2852
4829
7594
4595
5584
150
3531
4355
7651
286
9232
5289
9135
8543
3933
6511
8128
8753
3040
4650
2321
2646
7982
8256
7832
4195
5993
3557
1164
59
5886
2529
4967
1561
3114
9311
662
2825
9757
3124
1165
9636
4471
602
5239
6823
4046
5817
2092
6655
3202
1665
6171
83
6391
5590
6630
4077
8258
9656
1117
5606
2063
6061
1443
6141
1551
2606
253
4100
6255
875
8873
5416
3859
523
6043
6491
9665
6965
2002
8655
3002
1316
8841
7568
1236
3754
5977
6111
8962
1140
6139
8167
3237
3766
8108
686
3451
6899
106
6234
2102
2970
9883
7709
8040
912
1916
8062
7162
2855
9559
5541
7660
9192
862
803
3222
5842
5699
6364
7805
2670
9354
4898
4690
6302
7590
3727
9460
6386
464
2190
8278
2903
7591
7719
1755
7437
6385
8421
9485
307
4783
8006
4461
8225
5726
3887
9684
65
9578
4248
8280
1722
3597
6795
5739
9755
7653
8613
3293
3537
9108
38
8018
5621
2257
7963
2207
421
6075
3621
781
6765
5438
2885
3551
1778
4702
7671
4352
2235
9504
6360
5366
5212
9993
7734
9748
2896
6349
2034
5947
3474
3401
8884
6879
2920
1389
2444
2360
6877
3377
2384
911
6345
1480
9367
7241
3088
9810
8672
8704
2292
2011
7696
9756
3271
3793
2294
8464
241
2035
8029
5537
7386
3300
2510
5282
9204
4095
7950
602
9656
4437
9051
7767
5292
817
9951
6780
6270
2189
9295
1158
224
5085
2882
8540
8352
9177
1233
4260
4482
329
3992
7299
1244
5129
8182
5356
254
3243
1686
8986
6492
4587
6282
7593
6905
4558
9617
1982
2737
516
630
2438
4019
4652
9381
1740
9594
4150
3161
5749
8359
4996
4871
1109
1661
3610
8705
276
6824
1589
8136
5131
1562
4392
8273
3240
3044
1809
6914
6562
1885
2922
5626
7974
786
4043
1642
6111
9818
8044
5636
2244
4965
8472
7486
9164
5169
9262
9523
5997
5032
177
2391
7169
601
5007
1716
9353
5105
4911
1493
1852
1782
9907
2815
5384
9904
429
6295
6554
8724
9934
2452
5256
5726
9018
3970
6587
3819
9447
3648
74
5089
8132
7175
5185
9467
9701
1047
3729
3460
3277
8031
3408
9663
757
1609
5489
4753
7896
1936
2223
1420
9793
4942
7875
9528
9404
7223
7734
7856
1145
4476
1136
9527
0
8092
158
6261
4558
7789
9377
1777
5773
7667
7875
3117
1
3435
2997
3769
5583
8055
3764
453
7720
294
4843
7622
2227
6303
833
5524
1977
9946
9891
7198
1914
6347
2236
5962
9933
7708
9808
7101
7252
2998
1800
2147
2926
795
2344
6428
5302
6003
7949
339
3208
3056
4162
9804
2980
2080
7377
9130
4699
0
3494
9338
8006
504
2735
8607
4743
9478
9728
219
1863
4106
9764
2870
1934
1340
637
8558
8689
6245
8972
2076
9781
8128
8444
3551
5409
5518
5385
2711
1842
96
3342
591
8217
3013
2764
3640
6095
6577
9782
6383
9432
2054
3641
1962
5605
1633
5754
8932
7475
2131
4455
3794
3314
714
6047
5361
864
7980
8237
7838
179
4256
816
6562
1077
5785
7590
2392
5273
1503
4950
2669
1469
5035
3885
7330
4152
5935
2353
7073
4242
2913
1617
2218
8435
9394
8285
6008
6275
7950
210
1029
8849
4162
5373
8214
591
6869
7377
8500
1899
6053
6036
8393
3880
2000
9108
4132
9322
9259
2230
456
2641
7601
2751
4855
365
5340
4555
9750
6256
6937
4747
6462
1089
7915
7084
6447
6204
9839
5554
8208
6198
3927
7524
407
1071
4470
4160
9713
9760
9911
7055
1983
9860
9978
3699
5694
4963
5595
1773
1105
3705
9088
4972
429
9622
1072
2448
4337
9566
4283
28
624
6753
3849
1353
3212
4996
4883
5575
5664
6350
1848
974
6025
5039
2669
563
9875
5034
1557
2663
172
1828
6344
2345
6503
2821
8275
8172
8736
4523
3580
9203
5847
9053
6911
3288
3946
1005
2186
5500
7971
1127
1922
3720
7451
742
9552
1299
4569
9430
7868
9180
8220
2900
948
263
2432
9121
9065
133
7648
2005
22
843
4937
5073
8077
1685
6791
2285
4896
5699
5103
7119
3289
8177
4631
381
1815
1077
4245
6522
9221
6674
2643
4796
793
9577
9516
447
5094
9343
6150
3554
1934
3977
8700
7166
6375
9667
4950
7447
6008
7345
7031
8108
9249
4797
19
3288
6933
1471
9435
5067
9461
5883
4198
8738
8473
3395
6542
2002
6109
2285
1605
693
4359
4464
66
3931
7489
1592
7451
8609
6183
1817
6640
9311
6766
5888
6466
2091
6718
3524
7182
2268
7646
6619
6186
329
1291
7578
5259
4719
4644
5429
2960
4817
3637
6436
6239
2282
5982
1974
2714
718
6080
4463
4782
2590
6899
3229
6648
4090
39
3705
2291
6273
1829
1048
7666
9109
1440
7809
278
4073
7582
4105
5693
3756
3789
9162
1737
5951
7092
6002
5992
7730
1559
9495
7844
685
4790
8137
937
7642
8387
96
7422
592
5326
7700
5234
7625
6206
8588
4421
2501
1966
4750
3536
1544
8418
3429
9297
2095
7333
8864
743
7328
8033
5014
2487
5023
5737
1336
137
7133
6934
4175
466
2938
700
7109
9518
91
8217
7983
8233
4535
2154
5031
2203
5947
5497
7001
2638
1486
4678
9363
1309
734
2145
3759
6539
9993
5426
4333
316
264
4789
3769
9828
470
2469
1565
4826
8670
1364
9839
7785
4594
3092
3818
8147
8120
7669
7706
8018
3295
2011
9649
2221
9167
4491
4935
8947
1598
5171
9662
1687
143
8035
9843
7800
9445
8588
272
1755
4758
3955
7023
4871
7498
7649
7145
4717
19
6250
3021
3058
5222
4744
9228
5979
4455
3316
9872
356
4339
1441
7213
4989
759
2917
4336
2913
6814
7012
1332
9300
7079
8347
4019
4424
6229
5477
6729
9692
5023
4397
5269
1666
7272
5361
6041
3003
6426
4656
2416
7330
8955
6752
3087
5441
5378
4510
6420
1204
8931
3619
5467
1688
9237
2527
8800
2703
2404
8756
5422
9412
5234
6802
1686
5269
1001
362
2635
6402
7964
3458
8682
7200
2859
6596
9000
5273
1029
947
4403
8212
312
8971
234
5661
2324
9939
6744
9857
2125
2050
3452
5913
5631
9371
7268
2048
7692
359
4936
8914
7793
9390
7763
5619
2375
8689
2443
5577
4149
5014
9698
3671
7762
3745
7733
7062
6040
8428
1954
9618
2772
7411
6070
2671
5034
8142
2484
6935
4838
7164
8818
1969
925
9032
5581
6622
7666
2843
5645
9443
3124
3070
9956
7742
7236
2873
2927
8696
2165
1197
1551
4310
1516
9819
8337
8763
3799
7359
8361
7853
3434
6860
5630
8674
5076
8165
7806
6215
2176
7622
5154
1724
9431
6861
4397
3600
1619
6583
2638
6677
9247
8651
9269
4288
2090
6925
3201
1503
2906
8545
1847
9079
1565
7037
2816
2569
1914
3273
7674
352
5702
4917
5758
2777
1891
6183
2769
2495
7459
8399
4196
5219
6938
1305
3782
9045
8673
4799
8474
337
9783
9688
9491
3544
6226
6353
9835
8554
9811
9495
7587
1853
4680
2254
5029
6125
6810
9984
6501
5984
4503
1797
8550
6388
602
6412
8089
9912
8038
2308
5344
7444
8226
9881
7744
5909
7790
1102
8245
2281
3187
7667
911
9955
6105
8419
1258
1052
5842
5597
7260
1719
8787
2877
1144
3710
2867
4583
9167
2798
7052
7039
3894
412
6943
5959
2530
1874
5412
1270
1664
2538
4303
4289
8481
5142
5021
2361
2019
6282
3374
882
8395
2615
3933
875
765
8852
3690
1198
3278
5099
200
9861
8401
3389
9362
9191
2606
7315
5897
6302
4497
9522
2585
7878
1790
138
6585
7989
1650
7771
689
1793
6612
3237
7750
6450
9131
7690
7233
518
4121
3586
3406
7370
5989
5019
1247
7484
1366
955
5520
8730
9467
