2055
7972
7770
4935
5378
5591
5562
1528
1375
2022
3904
2921
392
3965
3996
8150
3579
22
8826
4467
6218
5435
4045
2889
258
8921
3242
6289
2920
6653
5264
5148
527
6046
6886
7501
8983
598
7213
7971
9951
6110
7285
7014
6603
4485
6187
2173
5360
5213
1663
4906
1052
6579
4947
4627
1188
4633
6464
638
4981
7921
3267
9720
1723
1240
4837
7490
9696
1676
8824
632
8652
6380
6060
2367
3931
1307
5538
347
8716
6352
952
5674
1573
7100
6691
4736
5332
9513
843
3264
8672
3516
9104
3108
1263
7159
4266
8346
3953
6238
9918
843
6217
3667
4748
4920
5707
5088
2309
2003
8784
5681
1723
2727
4247
3195
7824
3286
1831
5885
7584
2813
8655
5745
6091
1941
7694
6591
826
3577
6334
6687
4851
9023
3274
7912
8520
4501
1361
7402
1209
9914
8915
5637
3722
2694
3720
8259
2895
5606
4864
9401
2867
6824
9877
4341
4280
1023
5068
356
2409
4259
4315
3811
5500
9033
3140
5808
1043
763
1087
4221
593
9827
9527
5279
2825
2473
5418
41
738
1111
1236
4672
7224
1861
6133
3163
5692
501
1790
9290
2779
7885
4188
255
3179
6029
827
2637
7330
316
3627
7707
8241
2420
640
8885
3166
838
9555
6768
6431
4763
8966
4248
9330
3992
757
6120
8794
5548
6744
5092
6707
5530
3877
1302
807
4238
6546
4724
7449
3246
9096
2603
8110
7038
7059
1610
8027
2224
5382
4461
7226
1958
7515
1683
374
3205
4216
4127
5814
1320
7229
5256
3031
366
5290
333
6993
4465
9182
8649
5243
4
7626
8206
9323
7992
2627
7442
517
5355
8854
8755
4037
6061
9958
2551
6360
4528
4786
6564
5908
8796
1346
6729
2041
1917
5199
7127
4975
3402
4258
2960
9678
9442
5764
362
8716
7092
9029
4912
5840
9467
8665
3190
1382
4884
4092
6710
3820
4846
4246
9308
8329
5773
5018
7434
6205
587
248
7065
9012
9964
3763
4893
6724
7228
8684
931
213
503
2717
9817
4160
9012
9202
3082
6512
5103
2657
4054
8869
8306
1242
2794
4968
6975
7930
7344
6169
765
7786
8710
7252
9788
9524
6755
4690
6342
7445
8076
7883
4676
5438
5698
8713
3259
7540
7621
7943
337
7208
8809
617
4720
7777
6531
9510
6613
3157
2944
7247
5013
1767
1346
4899
2158
9258
8264
6571
6069
2067
4985
8273
6593
1132
1197
862
9778
7237
248
5072
6223
3686
7188
6026
9132
3503
9177
3941
884
4080
9356
7685
2377
1652
8194
8438
2389
3592
8543
2069
9547
1418
4943
7627
255
9132
719
2292
9183
1560
4569
7870
9021
6222
4667
4669
1802
312
3187
9915
2096
2974
5865
4701
476
8261
521
1920
8534
7523
3259
3106
7934
5390
5649
3662
3029
9138
6556
5903
229
3649
9483
629
9582
884
7426
3989
9358
4720
7843
5707
1788
1476
7339
1227
4418
7215
7307
6070
7060
4606
9409
8071
7585
7411
6243
6812
5525
6273
5128
3842
2392
7876
1603
6602
4375
1181
6124
2568
6237
8795
4029
7898
6429
9206
3510
1509
7743
2852
525
8634
7445
7470
6310
1320
1272
189
4522
6987
2148
3198
9287
5187
3404
7189
9604
4799
9164
9037
8431
1320
2825
7933
4693
9722
5623
3190
7934
909
3703
5274
2194
2146
1274
4711
7884
1529
5127
3680
6041
607
725
540
8381
5220
9798
2600
8691
7819
2448
2119
4830
9866
2136
7178
2576
4017
6669
987
9142
1064
2351
7859
8943
4561
3786
7628
6440
1533
2195
6160
7749
5978
2797
4512
9789
8138
8632
8657
5107
3583
3448
6512
1292
834
3997
5334
802
131
9748
5543
9844
2762
2425
3316
7399
7436
6263
769
2462
5257
9134
353
1873
8018
6512
4477
6461
7577
472
2947
4408
4465
5255
3979
5231
2979
5068
5733
8974
18
6752
8222
7371
3351
5403
210
735
1574
5590
7723
4946
4369
9534
9015
2450
4011
4897
6888
8623
9748
2729
5925
2487
3027
1586
9165
6553
6835
6378
5739
3896
4660
7092
8166
1102
3634
9880
848
7930
4675
6299
590
2215
5545
7542
7334
4811
1415
3909
1876
3257
3457
479
424
7651
7036
1533
6793
8351
932
329
4797
5924
2364
9861
3456
1394
9296
2580
9521
3116
8215
713
6717
5171
6644
938
2083
2304
5900
8560
7158
3277
4482
9534
4209
9104
141
6844
8804
3509
7851
9823
1085
8872
9151
7558
7682
764
6405
6051
3051
8714
6455
773
3580
5609
7144
8990
8528
7734
2237
1654
945
5424
6971
6043
2084
3779
1836
9218
7842
2015
844
367
8608
1077
4799
5228
1952
1166
9557
9466
8976
3111
4677
6066
5393
5900
55
1638
7746
3920
7310
4122
7578
438
7314
232
213
3088
5788
6356
5270
3121
2986
9836
3834
9217
6386
2107
9597
9885
1524
6924
3350
2136
5784
7189
3389
4818
6470
8871
8861
8978
4100
9856
5813
1123
4074
1147
3656
1801
2033
4373
1892
7391
8794
8525
8176
6671
4652
439
8094
5165
5285
620
5232
3312
5297
7074
6087
3773
7000
4132
870
7889
2370
8494
8069
3643
4054
9175
5169
8613
6608
6394
7665
893
9184
4947
8132
7588
7039
2339
9206
5042
3229
2592
2545
8371
9318
4124
6736
6370
2067
4400
3039
7969
1276
2694
9630
2114
3611
6048
3573
6933
5036
9143
4241
95
3488
9235
5995
7267
3569
996
5402
3087
7792
8491
1119
9494
6298
5081
5343
2149
7449
1473
3005
7924
5846
7020
437
6428
557
618
1622
5743
553
2191
7319
3496
5758
9586
4442
1760
6677
6397
9901
2890
4674
6289
6845
4748
8929
2394
4229
8106
6799
1675
741
689
3621
5781
8846
7020
367
9529
7913
1367
6187
4264
2775
4910
6237
8994
1683
2160
1055
3507
292
5798
3846
4311
3727
6314
4576
1334
9113
2645
4825
2432
8457
4553
7052
6245
6092
4632
1222
5425
178
5775
4279
3139
6246
6179
8066
5993
636
9734
292
7674
1314
102
1377
5135
3289
4259
8522
6191
77
826
8378
5269
4495
4306
3232
688
5428
3490
4295
4647
8966
7710
6208
3431
1896
6012
1857
1082
7575
9527
8919
8022
2028
3487
9047
8831
1631
4043
3747
3514
8053
8525
2808
255
9497
1616
5731
9353
3849
1248
3683
3278
7175
1957
1450
7142
176
2974
8334
3513
3994
7510
316
8890
5798
5158
4652
5578
5140
4983
127
7018
5670
8833
4325
641
5757
6357
6603
4949
4720
4100
9841
8218
1051
6170
4010
3044
995
9867
4124
6603
5239
9720
3800
8442
1955
8397
2116
1396
8446
3386
979
596
3731
1708
3990
5999
6013
3544
9547
760
4060
1491
7236
3903
9604
3009
7363
471
7892
7816
8449
5970
3172
2368
142
4380
279
1049
3106
2321
8192
3945
4434
8412
4769
2464
7838
6621
4607
7546
1352
1237
9490
3169
7135
3921
2792
7117
9481
2993
9256
2681
7551
6436
7492
2994
6274
7634
9863
5614
5627
7093
8238
4855
3104
2149
8452
9747
7555
5471
8902
4625
5444
7969
4597
7714
1239
8404
4601
5666
9072
167
6082
5633
9899
7252
1082
3411
4904
593
1735
1600
2483
8293
684
248
9522
5348
6079
5991
119
457
1301
6401
5605
7311
6906
4362
304
8077
3821
900
957
3628
5015
3366
9256
4102
3084
5574
9669
8716
2218
2211
7534
4819
1838
4593
6218
6781
4103
9249
3407
9792
8834
9868
2607
8805
5860
9821
1725
5023
6198
2728
1843
3957
506
699
4748
510
3277
1135
476
3848
5461
5051
3583
2693
7785
4405
5103
8083
3087
7381
8063
1190
7792
4713
2900
7013
7112
3919
6836
8221
6986
482
5238
4726
3328
8227
5273
8592
3248
6499
3697
1049
2235
3515
9131
8142
4895
985
786
6907
2988
7383
5322
2401
4179
3385
1050
6035
2233
3891
7031
4989
6636
9317
8395
5426
5373
4132
5508
7456
8059
8038
2424
7122
6016
9497
8390
4546
1573
4112
4841
8793
3873
9787
6518
7460
9214
9554
4340
2036
8380
1967
3259
8003
8767
9429
2292
5230
4452
4800
6945
7299
4561
922
7926
8888
2634
5831
292
1541
607
4062
8599
9968
7554
773
5013
7795
4295
2024
4646
4668
8917
773
6227
3761
3993
6263
8936
9277
6329
6780
2531
8444
3046
5
4942
4223
1786
8299
7113
812
8161
3640
5120
7237
5477
7721
8748
6355
5473
4190
4373
8399
8455
3802
4437
2988
2365
4478
8984
5797
4049
7549
9055
6079
7310
6075
7108
3658
247
5479
5608
8505
544
9474
5112
427
2107
7882
5343
2118
224
9096
6004
8272
1558
1939
227
5993
8974
6430
8586
1160
5312
8549
6650
1696
1693
4159
4461
8398
3282
48
2486
3522
446
5086
4724
168
9179
7662
6865
5746
8200
5435
1127
9092
2343
8562
6482
8331
3586
4540
1009
1306
1737
4345
757
3059
3830
8149
4716
4431
4242
9690
9559
3242
3664
5122
1879
9166
2599
6087
2567
1962
2509
6314
5907
3630
1262
7196
5686
7654
1660
3580
4769
6512
8065
5805
9207
748
9791
4770
1221
4688
8585
3097
2287
3365
7994
4994
3542
7873
3043
7819
6821
4018
4979
8281
1307
6019
7374
5029
7059
5454
2112
6848
4798
1582
3115
340
115
2416
4107
8329
9148
2966
8907
177
8130
1543
6257
609
9763
950
980
6828
6783
4894
62
1101
5427
1591
8748
3313
3340
935
5522
8622
925
8568
3515
2532
4764
3617
8414
1167
4710
3060
8877
2758
1811
6884
2439
6483
420
817
9021
3263
5257
7874
3666
2377
4111
8125
2811
7539
5526
7894
4614
490
7633
2081
4599
1808
2263
8117
4173
3255
2742
8720
51
5852
7687
9729
6434
7453
492
2006
5059
3560
582
4674
8867
5762
5428
6250
3072
4369
3733
4669
6000
4903
2078
2670
7712
507
4712
9359
1290
1829
6240
1644
304
7654
914
8113
7428
6882
3696
9896
7322
2107
1723
1187
6549
235
2549
5970
2142
9150
477
754
2436
1673
9609
9139
109
9003
9426
467
5290
7470
3449
8412
6904
5514
2887
6391
8595
4951
1699
6604
4677
6028
3084
2664
4556
8505
5910
1272
8426
9501
4674
2824
6342
8981
4965
6099
431
9442
6394
6358
2273
1285
5140
869
4032
9690
4668
6777
2193
6143
1817
309
4393
2463
2765
7332
7436
1887
9179
5458
871
3827
2647
7427
9242
9086
2742
2483
2189
6421
3605
730
4179
1119
8373
9211
5756
507
3731
1402
2452
5870
5702
4569
1497
8152
7714
2157
1050
6193
9097
7249
8330
9669
8785
5799
8004
1385
7185
566
4585
5464
7604
5173
2788
6159
9632
9346
2639
1282
6817
1759
6030
2649
1103
3641
6409
5850
7854
8919
1288
8564
67
4108
4278
5093
628
9928
520
7337
9352
9601
6871
4783
1118
5850
1321
4218
2682
8365
3677
7473
6234
5834
3909
1299
7318
4284
1598
8715
4406
7028
4955
7195
3438
6197
5200
6280
900
4395
4666
4626
6449
5624
3708
1198
1174
3244
2884
8354
262
3473
5644
6205
4017
1937
6396
4400
1842
9908
2732
5981
7998
6537
7591
6474
2476
7552
7980
3682
2900
9330
2110
5897
3936
78
4859
6633
5359
9490
8410
9822
3208
2673
4925
5530
1308
4550
7670
8293
3524
2022
742
8373
2857
1531
625
550
6627
7091
2717
5191
5673
6579
8104
9425
8855
8521
6841
1476
3998
3213
6847
2927
5301
2435
1367
3244
4765
7007
9801
9350
6930
7813
5681
3992
9853
8429
59
1363
4166
4928
1975
3419
9831
6033
2477
6254
7836
9898
9034
6627
8567
3042
5784
5531
1888
9944
8251
3558
6313
5247
7240
1014
4031
2182
3248
2984
2908
1715
842
5108
490
3131
8975
4449
5858
9632
9439
9141
8066
5784
2433
777
6157
1206
3383
390
3293
5047
9696
5214
1811
155
4439
4761
7087
9565
4056
2698
7915
5649
8179
3165
209
8954
7625
8943
2126
8373
9411
1738
3886
8549
6643
8012
2758
6731
8050
371
6592
2178
6072
9207
4817
165
9353
1955
887
8446
8269
674
7726
1515
4648
7810
4065
3567
1624
1064
1742
1442
7774
2288
5410
5718
5859
2526
6356
4279
9403
1814
6638
3870
6711
9844
9269
1507
4660
3017
2266
4716
5681
6355
8696
9910
7791
632
5054
4094
9873
2463
4647
6605
2242
139
1956
5150
3093
5556
3324
8797
3336
6228
4634
9662
9010
1643
1860
5063
7563
7743
9116
3131
7659
3347
5199
6932
3498
5603
9370
1964
9191
8681
4893
1768
9620
8784
2776
2754
2447
2003
8274
6881
2027
256
8664
3879
4684
7918
5090
3575
3666
9160
8561
449
8973
389
8389
6923
1759
5925
2923
221
1455
8715
6692
1449
5897
3474
6368
3734
5970
6685
8137
184
3450
206
829
573
1482
8738
4594
3702
6733
7592
7198
176
2315
8284
1999
302
3616
6357
6308
677
8044
6183
4831
4419
4771
2533
5346
13
4116
167
1478
3764
5959
387
2683
3811
5824
5979
3514
1128
2512
275
630
8188
138
4734
3328
8769
1427
5652
6298
8135
1539
8130
5747
6251
7640
7022
6913
1196
8889
7989
3917
6491
8600
3298
9176
5951
769
9757
4780
9585
7503
3631
5885
1723
8222
7821
4910
4536
9387
1784
256
8232
1895
5424
9188
3043
2138
4912
7266
9943
581
5690
9602
7328
2848
5392
7240
7602
6801
2652
4909
3862
30
397
7720
175
9274
927
427
1768
6411
3637
2601
3164
813
9973
7830
993
8367
1856
5255
753
1802
8188
5273
8135
4786
7392
45
1123
8885
844
8545
6730
8961
3891
7801
2925
19
6422
4956
9091
5769
8302
6908
2918
6936
7061
317
663
6505
5521
9846
2351
6863
2366
2133
6004
8596
2071
6045
7556
1617
2225
1803
3504
9196
7124
1431
9784
4796
8087
3109
8911
7880
9191
9098
2507
2893
6387
3068
3579
1166
2871
6019
773
3974
115
7484
2235
2233
6584
6379
3449
6312
7646
5296
3230
2227
9045
6195
7653
761
5830
4202
623
6220
4468
7225
7406
6815
8229
9160
4464
6193
199
7168
4166
6323
7553
767
3424
4549
4023
4236
9368
655
3737
5140
2903
6987
4697
4515
8039
5952
6423
2622
5911
8280
9002
8700
3364
2051
1005
5973
4730
1733
5028
9603
4647
2459
4554
69
2840
3659
1417
2707
3683
8393
740
6475
8448
6710
2628
4602
5124
834
5726
6166
5371
2338
6509
4104
1457
1357
6673
8151
8094
5280
4547
5295
4700
7298
1411
4913
4038
1217
4113
4
8062
4427
2741
7545
2251
7977
2443
9644
9406
7190
8686
9446
6271
8333
3584
2095
345
1984
8467
1089
3790
5109
8615
2264
4152
7851
4049
454
4638
1706
2148
9523
9183
1704
6558
7233
1102
7400
3249
3773
5545
2365
8941
9042
9752
1853
151
3607
7423
2544
4712
1497
5568
2152
3765
3219
880
3354
2582
4329
5988
8458
1237
3621
4840
1749
1268
4104
7163
8856
8731
8962
2011
8030
2669
9133
1048
4934
983
788
824
4419
7556
6849
39
4268
960
5347
6552
2692
2215
3950
5820
101
1976
6829
1693
7813
9099
5250
984
7419
3932
2222
453
1722
8404
7932
1861
5500
7155
9816
2071
8586
7899
9902
806
7191
3404
8492
4339
2701
5592
6457
6666
3855
8258
5487
244
8957
8711
2995
8616
8310
6777
214
1486
3720
964
9187
9394
8083
1407
2937
3233
8763
1601
7635
8436
5036
814
3539
8022
3640
2076
4653
9155
3724
2134
8575
6846
6881
9036
1407
5231
782
3317
2268
9240
5754
8770
6246
243
9535
4384
714
2970
3610
2698
7142
9714
2207
8329
8235
4820
2970
2953
9119
7417
9184
601
1442
7426
6260
3614
1609
5554
7013
7588
5414
5848
6932
3395
6729
8252
7908
57
927
2485
3482
4378
5817
6405
6500
1
9576
690
7110
8146
4547
5730
9711
4238
2491
4706
4186
5489
5014
8211
8656
3307
7815
6722
5163
8841
1519
9922
9030
2159
9325
3079
6256
8725
9441
1538
8191
7051
6462
2740
5153
3450
6845
4561
4269
5065
878
9843
6888
8136
7242
3944
5684
4893
3268
9273
1187
4953
8957
8375
8009
8037
791
1844
7567
9630
97
6940
452
570
6082
6126
6910
4695
8929
554
5822
7199
3648
2041
7314
7769
2664
7860
179
3854
3168
3378
815
4070
6871
6641
7617
6096
6833
8016
6604
955
1039
8310
1975
1699
1510
3475
3858
1467
7282
9570
6214
8483
9284
8103
811
2614
8694
5675
6899
4499
3311
9744
723
998
881
6787
9714
8899
3488
3822
1850
9614
4909
3430
4572
4617
3041
6904
5360
3307
6389
2715
8778
3162
3406
4562
855
869
1638
2801
7014
4192
1685
6504
4340
6220
8655
8369
3552
1746
1078
1522
5774
8380
9984
3312
1223
8641
3428
1744
365
6283
2046
971
3196
1879
4530
5021
7467
6440
6893
378
2274
9159
1095
3710
4806
5132
7604
31
6304
7730
1561
7522
6892
1034
588
9190
2748
5966
5109
3681
1804
7567
1601
917
6209
830
6565
3854
8251
4436
4223
2266
7754
1327
3719
5926
8972
5929
4197
6769
3044
6502
3261
6448
7254
746
9173
2462
8447
6628
6743
4076
9170
395
1313
2700
2813
3780
5834
2406
8602
7965
9263
742
6913
3401
4156
1907
5771
8104
1990
2108
2737
7634
4948
4064
7059
5409
8110
2346
9140
6408
9022
3176
9203
4195
1588
2759
1413
3228
9429
1436
4541
3735
4707
6929
3357
3099
7095
9674
2918
4190
3163
1475
5436
4171
1908
3800
4805
787
2077
960
5936
7485
7919
9607
1106
5227
6492
1479
7707
2555
9979
5234
5527
1798
2173
4271
1249
3865
9838
7726
3394
2925
2423
5897
9943
8885
400
8458
3760
3187
276
4355
5861
4616
973
9774
4467
3207
3037
8449
6180
8260
6078
4685
7325
3150
3762
6052
1617
2965
1332
6116
8370
7562
6175
5140
1063
7891
7757
1898
1961
4679
6551
3671
7944
540
3596
6128
1707
3978
2045
634
5733
1419
9397
2960
130
7826
6181
3124
5424
2310
8621
4736
5579
4649
3239
5624
3537
2633
8174
7790
9588
2290
5564
1312
9678
9613
4896
8978
5934
3578
5934
5556
1968
4645
6369
4609
9579
8968
3612
1091
6180
5821
1838
5925
5760
7950
8003
7783
9207
7339
9543
8200
1636
8807
6037
2771
2985
9728
1630
1768
6975
2809
8230
4709
107
2725
3864
5521
3964
2098
4905
5942
5664
3184
6474
6056
9142
9197
7015
4694
4527
126
6924
332
670
3100
4663
4290
2462
3400
8025
3541
9171
5228
4454
4544
6312
8896
7677
9943
4199
5654
2353
6431
136
5555
9605
3325
945
3162
4358
6362
6827
9830
706
5680
4869
3795
4246
5363
1362
9850
1157
5694
3693
8215
7445
5113
1405
7497
3108
3765
7427
8614
6552
8564
8720
3992
8115
5464
9620
3080
3173
4454
7153
6357
2219
2853
8046
3425
7094
1529
9719
2601
1943
5095
3570
7455
1478
7109
2172
9429
2961
9456
5938
1271
9185
5752
3212
806
8041
4476
6819
6749
9608
9053
1043
8530
8766
130
6716
1338
7242
2952
226
3609
50
5140
533
6390
1500
1142
9531
5063
6681
9035
8920
2029
5554
6735
9120
1854
4026
5885
8339
4043
7507
9382
2231
3806
5020
1545
8196
1667
1448
4244
4616
7375
4426
3048
1739
8145
2252
1778
7116
6179
5151
7867
6826
7468
3261
3646
832
1638
2730
5009
5848
392
6345
8546
6992
6191
2091
4719
8585
2766
5490
4530
1180
4286
5859
5223
3847
9715
2490
9212
245
894
4743
20
3020
5736
6871
3239
848
7586
9998
5034
4997
3558
8143
2134
2353
9801
254
216
9888
9007
1004
6996
225
6779
562
8855
1566
386
8026
8536
9897
9371
4326
6329
2641
3077
3443
3808
1252
7125
88
1180
798
7322
7625
839
5776
7903
1097
2759
2428
3100
8572
5984
7021
5545
3210
2394
6131
7009
5535
8410
8955
7118
9759
8623
8750
1927
7559
8780
1008
3139
8671
5725
6552
5640
5003
7863
2464
1141
9825
3041
2882
8056
388
5321
786
5853
2767
5924
8379
3507
5998
1782
3345
6364
8518
3818
8390
1330
9925
3422
1032
193
7060
1935
7335
3828
7417
6716
2260
2175
2248
6793
5717
6038
954
4195
358
2153
6694
4187
809
1838
9723
9792
3662
4889
3696
1469
526
7849
9250
2701
6032
9266
6445
3334
7982
1986
294
8377
3234
5042
5717
4580
6602
508
2064
7922
5772
916
1841
4769
6946
2452
2074
5837
9942
7655
831
5789
5657
5282
7570
7642
1292
2442
3485
9176
4690
4502
5607
8722
2141
3634
3785
6838
7461
8892
9338
2730
1239
1743
3607
8138
5226
4586
6190
2816
1389
9421
2361
8414
956
4863
9785
5690
7169
8558
7656
647
5702
9092
2624
2748
3465
7474
4826
8003
665
3964
8462
2480
9325
7664
8937
2843
6404
2404
7229
7837
3831
3788
2066
6451
8970
1445
6650
7682
3121
9057
2674
3415
79
2863
6629
7161
6154
2278
9787
350
2299
6686
8494
7766
6641
6411
2317
664
7380
9895
5481
5512
3895
7834
1724
5873
2664
9352
6570
5156
4865
216
4256
4429
3792
621
1897
5183
2580
8627
7536
5980
4430
7767
1247
8722
8855
5459
1014
7061
432
6341
6551
597
2803
2234
3309
188
2265
5148
1661
2534
5654
5446
4661
4109
4846
9248
1698
6193
9787
9884
9485
8640
4694
4331
4085
199
4514
7116
1416
501
617
8658
5690
984
9582
3313
2312
5399
3858
9957
1799
2331
8786
448
8166
3867
2893
7166
7138
3810
259
7541
7079
1679
296
4350
8788
649
4536
1835
9223
7213
6709
7012
8376
6390
3900
5186
386
2007
726
583
5643
5240
7898
8440
9541
2538
7056
8793
1149
5305
4848
1907
6801
6909
1208
6196
7487
5149
508
6291
1672
4817
5832
1886
579
225
3729
6530
4526
3296
7386
4774
463
1359
1315
6357
9128
7199
3659
4214
505
8487
8054
8585
6288
9597
489
4193
75
3189
546
5912
4430
1252
6213
3492
1504
687
865
148
4624
2549
7186
7046
5413
6421
7695
9353
2546
3022
9459
201
2968
2641
9113
9356
2422
4245
9216
1048
6924
9543
3838
6767
653
9067
9873
3577
3315
8675
8576
9868
9452
1963
8129
5002
914
4575
9396
2632
2536
4682
4780
8198
8704
9644
3549
607
2425
9318
5824
8991
9430
837
1924
5548
8234
2297
9903
2274
8863
1409
7923
4015
9127
2245
1323
9864
409
6976
4420
6998
3677
6808
265
961
595
8298
8774
7111
2332
5479
8302
4264
8572
9797
6776
1617
6504
4931
6740
52
5466
8158
1740
8784
9651
4041
9413
3026
5648
9772
5269
904
1813
2459
958
4398
8821
625
2856
3351
8468
9114
5261
3849
4948
5194
9390
8101
3963
9389
8083
2945
1142
1788
2704
9140
6774
857
2355
350
2457
4247
4361
7985
6484
9576
9280
6176
7868
3124
39
5731
7252
3011
3506
2836
9520
4872
458
9497
4392
7403
6049
1006
7032
2433
2707
1502
852
6521
8456
2478
4633
5
134
2854
8063
4643
9107
8589
7914
3768
9432
320
704
8696
3665
2270
5029
1780
7088
1171
465
7264
3378
2863
6739
495
905
7475
2912
7918
3705
6663
3732
1131
654
6154
6824
2560
506
4663
420
3839
9629
6193
2988
3195
8541
9403
1638
2128
6197
4423
1164
4545
5113
7016
9149
9196
7543
9493
3614
4828
5545
7197
9677
9979
2247
4098
6982
2658
6394
292
2558
94
971
2427
3597
6529
8714
2063
9593
9394
4763
8839
3981
1633
6506
6541
8168
6331
4687
1979
7874
3287
2109
2884
7401
427
6836
97
4282
1054
6454
5958
5148
9066
9143
8928
8870
925
861
1790
4480
1261
4999
3881
7270
3701
9226
6066
8649
1105
1798
4406
8736
3346
6840
8528
3229
7678
8633
3579
1274
1847
2723
3538
7425
8038
1939
5383
9211
7108
4137
9324
7488
5109
9085
577
109
8897
3789
266
7476
6528
5505
4476
1501
2114
5871
4405
7418
2120
6841
8069
9097
66
8916
8236
5314
3574
8324
386
2752
6905
9412
7917
9213
9278
2465
1378
6885
9433
6518
8283
8941
1358
2450
8609
9804
6730
6197
694
919
4333
6890
1170
2091
8995
3310
1945
307
2254
6879
9765
4842
98
5615
7108
1290
44
360
2960
4803
1488
7449
9655
9879
5965
1631
6184
2898
8031
8495
9769
1927
9553
8495
7335
4597
2765
3348
7146
9960
3426
9366
2132
3036
6769
5168
807
8749
9908
5540
7184
7065
6954
875
2532
2743
1139
7226
8405
4881
9557
2496
6273
2189
5177
5084
6183
8682
9813
2171
1302
757
5111
4639
5636
3322
1194
6779
1240
2072
648
2970
3109
9917
6701
9536
4340
9249
1891
8217
909
1359
2783
3357
6001
6638
7592
8981
3606
4062
1599
2279
1904
829
3807
3884
2761
1849
4755
707
6269
7152
5806
1119
3652
4291
3787
4155
8380
4793
5137
1070
6403
64
3106
5177
6094
4654
8529
1726
3961
2597
3822
1930
6476
8693
2736
9043
1734
8828
8622
1533
808
1432
6297
261
2224
6973
4681
5809
2752
738
7666
9343
9291
4310
2994
1865
9564
3712
2506
3802
2211
1332
3159
1515
2301
897
5997
9862
3407
6183
63
4332
8782
7942
3437
3682
7790
4497
5834
6341
3572
6402
1752
5406
2090
9351
4947
8801
192
2906
1079
4783
809
6462
5422
9948
281
7573
1034
7643
968
6302
7579
933
4851
5388
638
6808
3552
5474
3667
5132
1340
6331
1065
1793
4772
8166
1624
2660
8108
606
9130
5840
5710
6791
3831
7265
274
9476
7963
7749
6070
8310
2358
3355
3707
1679
3457
4781
5693
3205
8152
8633
9708
6338
5032
5610
6843
5431
5781
3111
8581
4705
1496
1601
3351
8116
6005
6432
5981
3059
853
6919
8733
4498
4916
2739
1978
2691
72
7827
7750
2012
6156
8833
4824
234
1737
4335
6821
4575
9264
2541
414
6182
806
1671
4182
5207
1884
2282
1439
1622
2218
1111
2720
6982
9944
5456
4996
3387
1065
6144
1409
205
4740
3671
6948
9913
224
7507
2678
6785
6267
4010
7677
659
3895
3380
7042
1207
1442
7797
7866
3425
9472
2856
9283
8167
2695
3767
5229
2429
2327
6918
4562
2300
3268
3680
883
9777
9441
6026
9681
9329
4715
8307
5509
2330
4719
3261
7372
8133
2249
4805
2131
8712
4586
1725
4490
7784
7092
6492
2872
7371
4566
5579
7788
3275
4655
3152
3275
6279
8480
8423
4618
9475
5683
7212
3849
9536
3266
5158
6410
3047
2373
2013
2862
6398
3004
1612
2219
8333
6453
3154
2571
522
1354
7298
9875
9392
7194
1306
4942
5454
4274
7312
8358
5964
1752
8696
2543
8249
6372
4355
9504
2624
3131
7474
1822
3320
3882
9352
9911
9802
6747
8269
6072
6462
6599
6366
7164
94
4568
5282
6561
7452
6122
7400
2088
5135
5166
4684
2473
7065
9001
232
3633
5140
3519
8375
6585
7738
9704
1925
8932
7252
2477
50
8180
906
6786
3125
170
1065
5631
5709
6680
4467
380
163
949
5553
2344
7099
9020
2947
3094
3050
9601
8167
853
6209
5634
680
9803
5943
517
7806
9677
7237
2292
2307
1821
2282
9441
1078
4945
4223
2007
4728
8332
8069
7696
2692
2667
7418
5197
7532
2974
1963
4245
8270
2144
83
9484
7205
8789
5714
2671
3212
6944
6009
6522
8445
4302
801
3286
9048
8754
9915
5698
7183
5166
1938
3757
4830
8074
4381
3454
5944
3989
9056
16
876
1813
1890
9517
9975
6188
2650
5365
1683
9945
3138
363
7388
7256
6110
2844
419
4296
8550
4141
6828
3894
1502
2209
2770
8011
8166
9876
9003
2175
7310
1062
390
4600
434
5655
6256
3683
4195
2219
6373
6781
6389
6395
7348
5967
8469
1864
8220
8180
3539
8092
6146
1321
5453
847
9701
9648
7068
2579
9704
6208
9991
2092
9534
8332
8357
5407
7493
8030
6801
2118
4904
352
6822
3470
7944
9911
953
4637
742
6365
5094
9731
9895
8953
9155
3404
2185
1565
5217
6014
9445
8620
9520
8198
9882
7558
8978
2569
3001
9009
9368
9322
3632
8870
9032
9543
494
9717
896
3232
8485
4005
5733
2053
1533
3260
8324
5579
5060
136
8345
1371
5812
248
8574
2054
669
7849
4027
2825
7170
209
9788
7977
9440
4322
4368
6796
8759
5307
6109
5588
6781
1617
1121
8904
4760
1685
4836
1920
986
6530
8713
6525
7418
3814
3491
1266
9740
27
3188
5363
9970
1200
8305
6889
8043
9080
7489
5584
5082
8815
1748
5613
387
2757
6465
7214
8462
5432
5799
8336
9309
1842
5365
1143
1114
3580
4389
7550
5482
9645
9010
6795
6382
1732
2219
6110
1576
9518
3072
3382
7914
6100
5609
7920
3753
8948
7286
7181
1473
1530
6641
7342
9715
7546
5312
4991
2730
6829
3926
525
7243
5462
2793
2037
4537
1776
6462
6363
5512
5062
1520
675
138
7630
7584
8896
2454
7203
6695
1127
6038
7069
3686
7999
2351
3951
3822
7735
9244
4125
9260
771
4979
7752
4908
8437
1017
7240
926
4884
4881
4261
6454
76
9743
6897
4973
8897
155
8181
6102
2881
5681
8391
9931
7766
1926
6693
4565
2900
2597
6944
2521
9253
7255
1960
560
4974
7568
2480
6496
5982
3334
5342
9446
9683
1277
6561
2773
1720
4990
719
7831
4079
4598
426
306
679
2746
6751
8038
5082
3177
8411
5427
8710
489
7609
7400
2950
4979
4828
2294
1532
3387
2966
4771
6029
5064
7411
9818
3305
8770
2533
1311
4629
7689
1932
2848
9463
8673
3922
7159
3197
9531
9904
3357
1419
1840
9841
4809
9855
2022
8625
7989
9027
4117
6641
3169
9374
2739
4234
3553
1367
1003
7979
4673
7399
3053
2768
297
7481
367
8401
1004
3345
2224
6869
3562
9863
4269
4449
566
9327
7901
1266
145
4965
2727
1682
7381
4122
8659
6393
6190
7910
4942
5764
4530
1529
7015
7067
4770
5570
7446
3937
6776
8522
268
9677
5552
126
1734
3664
132
9816
7067
2402
9855
7561
741
6558
1411
645
3980
3302
2069
9962
62
1956
4806
9150
9723
5615
9341
8709
9836
9094
4400
7132
8179
5580
7362
3605
9134
8128
8598
975
8357
3399
897
2209
6899
4409
6846
2226
6738
261
8299
7656
7647
2817
2800
5196
3276
2370
0
6630
3892
7508
1095
1995
9129
9238
484
623
6969
3398
3617
9832
7567
9812
8237
5201
214
8246
7498
8007
9881
4472
9426
4308
6453
6573
1605
8853
5968
5718
9789
3450
5954
6942
1410
3562
2369
2576
9738
4129
9004
4277
3704
9143
5165
606
1509
6685
6769
3162
1228
4567
1780
5204
671
6417
4997
557
9752
4463
8921
4689
745
1109
8923
1113
3589
2687
9585
6860
3559
3406
986
146
3744
1888
8259
9447
8975
6330
1401
6680
4424
933
2808
9534
3431
4851
2162
3636
7213
3116
1676
1670
1673
5609
5314
3016
2211
4076
2683
3168
9233
2586
2247
5425
3292
774
2420
4501
925
2828
9472
3414
6497
9398
3577
3049
2172
5950
3488
4823
2281
5585
9228
7497
7232
8700
6859
3728
2704
118
5924
2367
5019
4458
9431
8197
3841
3759
9525
2187
1797
9750
1644
566
2572
9759
3707
4505
3475
4631
9556
6362
5616
6770
3423
8463
8401
5314
5307
3653
6721
802
7855
7133
4393
5553
2159
5859
7939
110
7210
3084
6201
1596
9680
2332
2412
1250
8609
3426
6465
1186
8977
2048
6245
3363
2279
9210
4258
8078
2469
7354
4666
6018
3809
5246
831
5588
7986
5279
9157
1542
7991
7214
1903
658
6193
6909
4838
3316
9632
5432
1864
898
2539
6382
1901
5736
9897
8624
6885
5828
6749
6372
158
4651
911
454
1057
8998
5780
3628
267
253
4591
4165
7657
4205
7185
3341
1213
425
4796
9567
5966
1003
5862
840
1308
1285
7129
5124
3136
4729
4583
8327
1649
5233
123
9082
8019
3787
7450
2783
378
6613
3176
835
4221
5185
5830
4624
8886
6661
3017
5116
7813
7762
5655
4497
8100
4574
9179
490
8582
1376
9176
6710
1256
8920
5273
3388
6793
2216
3494
2636
4870
115
8068
4030
8590
3121
6340
649
9108
7068
2571
9601
5891
2634
2721
3662
5756
5415
7490
7558
7370
1469
3203
3318
6407
9315
5471
7842
8327
7984
3391
5142
1586
5387
9911
9720
3984
6897
8125
9165
6796
8769
8325
740
4251
8695
3288
3155
4278
9283
3283
8332
4274
341
1644
9611
3169
8392
9087
7679
4481
8088
2374
4706
9827
2401
1799
807
4950
3958
55
7519
6658
2490
4284
4168
5568
6030
1425
2003
5878
6360
6194
5968
9121
4460
2103
9768
507
4665
8430
5783
7132
4691
4945
5524
7356
2697
7766
5198
2806
8691
2293
661
89
201
8548
8770
2696
7362
5310
8083
8897
328
3619
7991
9643
2212
4441
5378
2696
172
3152
9150
3162
8022
6659
6207
4802
6967
201
5089
1475
60
1883
8032
325
7764
9809
9540
662
6440
950
9879
1659
3096
698
6212
3060
9188
6005
9117
9837
7939
3528
969
2576
3876
7104
1496
4424
8782
8804
2917
9329
4646
1326
3079
2955
3565
6391
5347
4589
2883
7978
7186
9031
9148
6410
4235
5391
8141
767
1004
9357
20
6124
3098
3442
9441
3868
8291
2627
7796
9275
1340
2244
7172
9137
3532
7391
6873
2233
6116
771
9783
4672
7177
2569
8648
312
6128
1954
9125
4060
2708
3725
3313
2846
7943
7253
6434
2284
7139
2374
1788
6258
9772
768
4683
568
2420
2756
5708
8124
5722
7179
601
1403
2112
662
6528
6328
4567
2064
5936
271
6185
8208
5951
2515
3299
9227
7962
3459
7101
4630
6425
2492
2231
4985
4430
1384
4450
8382
778
4468
4313
5369
573
591
5930
498
8440
8942
7444
4109
9072
6140
9550
8619
2418
7583
9426
9977
4589
790
7829
4422
9280
3982
9987
8899
9185
4372
2171
6018
9063
1060
5525
9249
3765
7808
9916
2608
5524
8333
5708
109
3388
5255
8232
1681
46
6069
40
4004
2240
3815
5022
4043
9798
5836
8228
9810
8025
7152
5747
5700
8743
1234
3938
5927
56
2211
889
1013
6856
8730
8721
4420
9285
7205
8635
7271
3431
538
7161
8478
8486
556
2285
9929
5277
4249
220
5322
7242
960
622
2519
254
2880
2020
8015
5175
4347
7399
4052
5303
4889
4633
982
6977
6985
7210
577
9280
4051
5546
6284
2436
24
8117
5859
6458
7275
1856
6287
4966
601
2447
2336
2336
2083
960
1788
3256
588
7623
1762
1063
9086
8135
1879
1460
9063
2986
6946
5535
6801
5437
1107
7469
3088
3771
9709
1825
6324
6517
9269
4035
2798
8139
9458
2320
4575
8153
6676
686
1419
4464
290
1306
573
4175
1868
4192
5476
6319
6782
5510
7035
2072
6773
3238
5399
7315
9356
7990
921
5597
3056
9509
4643
5957
5970
1412
4263
6947
6954
7054
5275
2212
969
2102
3097
3654
3271
1980
6563
8396
4890
7131
5347
9166
5000
5794
7729
2081
9428
8668
8782
3134
100
2671
6924
2658
2899
8798
3360
8322
7603
3627
16
3112
4794
4557
167
9534
1309
5945
1272
614
682
6368
5967
1731
1039
3333
2018
9560
9784
681
1030
1499
5781
501
1198
1430
6810
1699
3919
362
9537
3642
1711
9279
2250
5124
9323
3181
7090
4317
9287
9296
257
4826
3313
172
9613
7492
9423
4797
1325
4896
6262
8489
5176
7980
5260
2436
939
472
5685
9663
3593
942
5514
5327
7724
4591
1449
7461
218
8828
1653
7455
1108
1533
4589
1947
6744
3778
8538
4467
4470
9732
4338
4538
479
5991
2491
9553
9865
719
8073
6886
8479
6779
2231
9049
5749
7714
8148
3724
8122
5865
2405
7431
1398
2526
3065
8038
5762
8500
3866
1103
5783
427
9966
4035
4991
9227
4061
6065
6968
1277
1965
4241
4647
1318
9546
2004
6169
5057
2401
8245
1220
6648
8699
7868
8220
3695
9271
751
3553
237
7152
5413
7270
7207
4126
2297
7756
3339
5016
3847
6365
966
6711
6182
4021
6130
2581
5314
3963
1008
9044
8901
9533
5805
8300
1441
5017
7780
5596
5388
5576
9697
8978
5689
292
301
3525
8399
1115
5739
2399
6104
