7548
3499
7113
3329
8295
8916
1150
9954
2230
560
2955
3766
6880
4166
2305
1234
6668
89
9071
9103
4948
4306
4097
4087
8278
7598
2135
6143
452
1206
1856
8464
9739
7175
3541
19
5920
7054
1682
5913
4022
786
5711
7940
7693
9357
4237
3382
7844
7080
3851
6628
4127
4771
3688
6310
259
3838
3779
3102
5166
2326
4399
5890
9445
4159
5698
7128
9941
6154
8588
6253
7354
7444
9941
7249
1470
8891
1935
675
7273
8446
2987
1717
7350
9440
423
7787
2503
4328
6037
6726
5071
5928
1319
3783
2973
407
4678
850
6728
9469
9953
3169
8502
6331
130
5857
3991
709
4813
8109
4606
6285
8179
9270
511
1517
1843
5436
8115
7473
6031
7003
5561
478
1756
4196
2232
3491
7315
4007
335
2667
1620
970
4029
2283
8779
1001
8380
318
8555
5498
9591
9803
470
4763
6589
3135
6814
2667
6654
8141
9734
4017
290
2399
7762
8349
553
5079
1341
6697
5213
1382
9466
1612
1475
3432
8466
1435
7025
3243
507
2764
8409
6602
7145
1944
1139
1546
2030
2444
5690
3968
670
8365
2828
1324
3406
3685
9461
1975
298
2910
997
8868
1797
1738
6445
4134
6299
1693
9386
5790
4307
6856
3496
4527
4704
9970
199
4561
5895
3012
1579
3133
1098
994
669
6363
3203
9809
7135
1446
28
3705
4269
8265
8427
8713
8735
4873
3644
5602
4811
8542
2982
5873
8935
6814
7855
1804
1228
1528
8107
2455
2758
4490
4800
6995
424
6928
8869
5253
2412
3482
1161
687
6024
4968
8927
5709
4732
8132
1879
333
3944
2748
6696
1164
9339
3195
8362
8281
8102
9780
7584
2281
5886
6458
6802
3286
4544
9150
8105
7716
6831
8021
4243
4418
4234
2677
3910
9177
873
4765
4385
4181
6901
1342
8030
9340
8759
6074
8148
8031
8456
2152
4313
2669
2760
7328
1061
5775
3707
5113
1825
8659
4925
1004
3566
8536
8598
8725
2787
1858
5001
5510
9022
1211
982
1784
3787
8615
3216
5487
5778
5890
4952
3624
9419
4856
1832
2450
2509
416
5308
1190
3299
1494
7146
7284
4464
4211
4850
6603
9962
8172
7025
309
7777
596
9744
5405
6099
5999
425
3598
3544
5156
777
9033
1992
7885
8737
9298
5981
5518
3974
8376
9379
3184
5497
9519
1179
4905
3953
6012
5743
554
308
6284
1504
933
3365
5073
1947
8824
439
3514
3466
5770
7183
4366
4134
9793
4951
1189
6810
6174
895
6323
9171
6614
5582
3122
916
1469
9095
4699
1095
1825
343
6352
6285
3008
5786
8281
3734
2536
1725
1161
4843
6329
2558
1020
9928
4104
3823
1583
1128
2643
3402
1004
7513
1084
287
8945
5759
5652
8520
1340
1700
3093
6173
5557
6781
139
3267
9496
1928
5632
6272
7949
6001
5540
1770
9174
2755
7110
13
2564
5003
9921
7835
8086
6697
741
2701
7424
7120
6784
3320
3044
7629
6745
5323
8031
2964
1545
5125
3474
5109
6167
6483
8268
2302
6703
1511
4816
4650
5870
900
7432
4231
3148
902
7110
5829
9254
3390
5187
1706
9574
2011
9302
547
4034
6068
1682
5717
2479
6706
5948
3026
2815
283
6824
2822
5278
505
7903
7649
6996
585
303
2959
9608
671
7727
1155
7138
3254
8397
1779
1307
8309
6919
8300
9636
5101
9858
7589
7263
3728
5274
706
4797
6124
1878
9647
1237
8420
5927
7180
5342
3023
9821
1208
7513
649
9574
6710
7086
8024
5860
5165
6754
2042
9626
8923
2562
8762
1683
2409
30
2497
6046
41
8005
2553
778
2299
1800
4236
7674
144
1582
1403
6102
6502
9492
6074
3134
2290
8174
121
1690
4156
479
6782
435
3780
8641
5198
4776
994
2961
554
9086
7019
3754
2278
7992
9136
2604
7781
9694
576
7817
1248
9213
6413
7452
4357
6251
6348
5494
8620
2213
4038
1446
741
5031
6492
2052
4685
3943
8439
8571
2256
9742
1965
4689
6200
8148
8592
5604
8963
247
816
6786
6115
3592
625
1333
3150
9618
8903
5017
5510
2423
1437
555
739
3433
166
1137
1692
3186
8426
8560
6661
4449
1650
477
3827
6850
95
1764
7466
1368
4853
8974
5127
8457
133
6275
7978
8038
2087
2940
3834
6677
6086
355
1197
7166
1238
553
2399
8158
3585
9412
8479
7371
1710
7955
1770
3925
6595
7776
8255
5717
7169
2385
6881
3349
686
2986
5723
7020
9889
2962
4829
3540
1333
4160
7141
9289
5264
9603
2201
1120
5710
3739
4145
2593
8358
247
1329
803
6750
2156
4836
6131
1882
4926
7764
1424
1472
8286
8502
2310
3511
1697
4115
3910
5358
6408
8592
8990
3913
2177
431
7146
133
138
8126
9094
5677
6557
7934
9374
3333
4300
6574
4421
8452
7450
8533
7871
8047
9668
4463
4075
2543
3898
3359
2368
3972
6878
2610
9986
6612
1240
1412
8385
9020
4195
4364
5871
6807
6472
5890
4988
4940
3989
1873
176
5665
2233
3544
676
9566
2862
5194
6461
7021
292
4645
4629
349
8038
3072
3480
2453
2107
973
4969
6229
1788
3470
7951
1657
2237
4995
4575
8375
6553
9058
9751
3271
6702
5408
2867
2146
8834
7355
6528
7187
6161
6538
8091
5515
8148
8108
9397
2289
256
8349
326
7333
2456
4119
3498
8501
9999
3525
8908
3529
9310
9475
7966
6345
2478
3249
1570
8287
2019
5510
9512
7799
4294
2978
4021
9427
1949
9867
5948
4602
9816
7193
5980
7552
7899
6557
997
1169
7267
7420
9047
7047
3783
1129
7290
2716
4253
4624
4068
4313
7861
4592
8730
940
1526
6576
2838
2680
7923
50
5585
1702
3770
1028
2382
1322
6905
5699
9155
3761
9341
5034
9748
2133
8120
7113
1486
3251
6814
913
6221
1044
5373
8155
186
807
5990
152
9156
816
5164
467
3753
6857
8600
2403
6658
7894
9862
9181
6073
4599
1952
3622
3287
1735
3670
101
398
3314
7190
7447
4928
4371
7101
5324
8987
6874
4186
4559
3681
8189
6683
3156
6856
3638
6871
5545
5434
4922
3479
9471
3962
425
7345
306
3076
4225
5267
5299
9327
9789
2361
4279
7667
955
6827
3528
5873
7275
1589
1913
6515
1732
3268
9031
7616
8912
5210
955
4588
5368
4959
1868
1114
1706
340
8562
5807
4214
4741
4853
3877
6569
2906
740
9720
8160
1145
6273
6624
6910
4972
2537
3788
760
1083
9746
5879
9806
3046
5261
5834
8756
9218
2922
6846
9007
8653
11
1628
5867
6494
1665
467
5608
5870
8066
5652
4774
413
8605
8749
1173
5427
3540
289
5599
6980
1735
7745
8081
2975
1122
2121
9396
5427
2028
1801
6826
6847
9008
2846
1476
6052
3721
4077
3745
9096
1095
4011
4080
8298
5710
6460
8198
5806
8397
1654
6027
8628
764
9329
3775
7417
8062
3517
2586
6729
1558
288
2273
4542
1734
7835
9701
2698
3363
7063
7781
1006
852
4385
8531
2453
5562
2112
9284
1696
7353
8079
9361
8574
5955
3323
7323
3255
9574
5418
3211
4677
2060
2694
5672
9200
7009
3589
3537
484
594
1686
5338
5618
6224
6874
7843
4608
6595
4989
5140
7629
587
5840
4709
5957
546
1124
1753
877
1966
1972
555
2268
3282
3327
3169
9511
7140
2545
7261
4151
5913
878
323
184
8269
4730
6804
5569
8479
5608
6792
1419
3960
9260
1579
2975
6844
3167
9726
1329
5145
4399
910
3587
4732
3056
2354
7831
2388
4403
1085
3541
30
18
516
9957
1855
1301
3674
8682
3328
6548
4886
5612
5763
1561
4406
3583
2372
8480
8877
2325
9611
9119
3704
8381
5710
76
2574
3350
2628
3968
3973
4692
1076
7894
2610
4621
5355
5551
9368
6321
6492
3269
6482
1412
4289
618
2507
602
2928
7980
4714
1437
1610
9959
8124
4078
6765
5352
841
6054
6280
6826
6873
8471
8831
8671
5583
916
4948
9179
8995
5785
357
4160
5646
5385
9926
6306
9598
1410
5059
7799
4522
975
7447
9101
1503
3802
9675
4551
808
4139
1030
2805
7756
5074
4690
1152
3425
9757
1583
5967
5935
102
6913
3400
5200
380
2661
2886
8611
5693
9921
7300
9759
1789
5849
4931
3605
8053
6973
5470
9086
8571
8159
9975
3427
3241
275
941
2540
7661
8768
7181
3808
5421
1571
3874
5899
68
5058
4603
2558
2589
6686
9831
2175
6891
4881
7695
7137
627
2823
1008
9103
264
5034
5603
5842
9920
5557
6251
5795
4423
7738
6635
5449
4240
8319
3841
4883
5107
6994
6451
7042
968
4494
9108
8414
7775
694
291
7129
2793
2493
8577
5136
6182
3896
2125
8029
2892
9276
2957
314
2528
625
1675
3552
773
8968
8250
8989
9150
7625
8163
7876
9921
6660
8336
2926
8651
7049
1332
3567
634
9540
9654
1988
3466
3408
1832
9799
1007
2396
6008
8261
1740
3706
4770
7239
8367
6436
975
3548
9321
58
1471
2104
1437
3558
367
1141
2451
9505
7942
8440
9962
638
1170
9439
9768
5556
2234
6838
9279
9385
4671
3256
9199
5129
1028
4899
7297
4822
8999
6052
1927
5145
2475
7906
1534
1271
5187
6342
9341
8496
9869
6984
6029
6368
2457
2341
8100
2600
4469
5932
639
7127
4134
1544
5516
8945
3605
8487
7458
8114
4931
1786
1709
8796
5403
3317
3577
3515
8451
7878
6987
8010
4285
6034
7287
9647
512
891
465
5745
4286
750
2547
2474
1762
5144
6376
7399
8697
9497
6691
5692
9466
7840
8207
7460
3362
3702
6403
9334
2736
248
3345
4116
9194
5643
300
9165
7978
7492
6004
3842
4313
4831
2160
134
4423
7997
2966
3038
5588
7211
5913
9976
1357
1933
2016
1864
2246
2761
975
412
7152
4336
6612
8945
1992
2391
1281
7776
396
6500
2641
7472
6058
4053
3512
271
8455
5849
4139
2731
6409
9698
5417
8298
6386
5826
9925
1481
9865
4050
913
4162
5207
8834
6872
1958
2170
3258
9032
1290
7113
8799
4875
8463
3333
5490
5153
1721
7192
3730
235
689
14
7906
1478
9622
5740
6388
4529
3614
7297
501
8029
3722
6295
9090
7489
4775
3638
7416
2503
4113
6870
1018
6023
322
1630
9403
8845
456
9358
9867
6745
5157
3669
4254
2387
5360
8784
9496
6377
3336
7216
8229
6199
3737
2887
7093
6562
3287
366
596
1633
5287
4342
8632
3080
8573
809
2083
2370
3664
3004
9897
586
6810
4404
9051
7494
2460
2417
9554
3297
5214
5515
4567
8356
211
4968
7118
8944
5099
3416
3604
6458
8546
6765
7485
2259
246
5626
1008
7987
1781
2342
2111
9858
3525
877
9389
2019
2350
5076
9284
4957
9538
7895
511
2886
4508
4528
1570
1839
1670
8582
4346
7622
1956
4352
5422
1740
6910
8500
8964
8516
7084
3633
9345
2564
4281
4901
4232
1356
266
716
5140
9200
4920
7158
8209
3027
7656
1203
7892
4866
6604
4477
1306
1626
9811
7954
3278
3335
3099
3901
8724
5562
1991
2208
4611
7877
3771
5248
3616
2790
7860
2973
2037
3615
5413
4541
1104
3902
6092
532
7559
8046
9459
7585
9594
8296
5746
5112
5169
9479
289
375
7508
1703
9467
1256
6074
8249
9919
1234
1464
5878
9712
4844
8171
7933
1148
2559
3585
2555
9594
9735
5202
7894
7708
7878
3020
7590
1876
3349
3420
6433
723
9608
8472
2001
3005
796
5896
8531
5752
2111
4278
2127
3122
4764
7531
8015
9986
8370
6120
1038
7831
6224
4390
623
1406
7632
6869
3079
6463
909
2913
4568
1270
3250
7395
2299
3423
7600
3716
536
7706
9883
6140
3221
7343
7394
7768
5257
2683
1353
8953
6140
3688
2565
729
2509
4106
4451
2233
2191
1110
2981
4678
2289
9949
2058
1803
5897
1478
9769
4111
5548
7466
762
542
428
553
801
4950
1230
2586
6615
5752
4999
3439
3351
798
68
2967
3026
6444
3010
4733
4416
7823
6912
5197
9284
9874
7967
8231
8602
4111
7682
9292
6271
1234
6200
4517
9165
6377
5860
8980
6370
6888
9941
5474
2188
5690
7399
1463
163
4129
7829
1655
1587
3534
1880
1450
7316
5436
97
5812
4311
2807
6959
9123
9472
4474
5070
1448
2955
9334
9068
4012
8172
4302
7433
3971
9639
2975
4282
5742
6648
7198
7034
8234
9793
137
7422
4630
8446
4511
1635
1363
7141
9371
3351
2692
703
2075
2272
1380
846
4384
1373
1382
7387
8830
8151
2200
3981
8931
3203
9137
1575
2613
4087
6313
750
4803
9302
8680
3477
765
2234
7718
5976
5760
2301
4594
9522
9497
4372
1758
1819
9883
9833
6855
6513
7356
7395
643
1169
7177
5364
3011
9858
6394
1903
4392
6575
4433
7363
1858
7295
2395
1065
8211
1411
3225
6630
18
2379
2024
5725
2811
1013
4812
3765
8771
499
5948
4033
9338
3959
1350
6578
7529
318
4595
6678
91
1015
3189
1226
440
8495
6157
9940
8220
8202
5530
8150
1895
7439
6939
3423
9853
96
8230
8644
7549
805
5521
9670
8687
5652
9597
7424
5239
6143
3074
288
326
11
4741
4959
9615
568
2007
8639
839
4881
4903
5664
2598
1618
2712
6190
8682
577
9757
7883
8842
6395
5504
1877
8952
284
4866
8003
1744
377
3436
8369
8317
4910
5621
4310
3403
2687
9228
9550
4695
5453
8341
9033
2818
1800
785
1759
6820
5275
4917
8206
4862
3353
4365
353
9288
2033
3497
607
6488
1088
8709
1566
9124
1364
583
9266
959
3673
7890
2757
479
5554
6775
7732
6880
7589
3307
7252
1633
3555
9619
320
6523
7906
9083
6208
738
9193
7719
4967
6164
9800
5057
1513
2959
8178
6385
9175
2847
7576
8139
4905
9637
2451
6225
9254
4291
9053
8873
8179
5107
8492
3146
3062
4712
6188
6208
3349
4316
1944
9151
7088
4456
1365
7011
8104
7970
1835
9318
9547
865
6913
1995
8509
8108
5988
2888
6467
6784
8707
2577
4895
1040
2266
4062
132
599
4698
5246
6517
1273
3745
7157
2414
4535
7099
2257
8910
8913
7332
7642
6944
7014
1976
7576
2468
4935
538
7375
223
3482
3085
3941
2140
1595
7138
7076
8541
2252
5743
1066
2370
4684
7480
8205
6100
2358
9357
5469
5167
3536
8336
4002
6378
6036
6161
4996
6420
6876
2488
6538
3757
6022
7598
1866
8878
3431
3704
6718
470
2188
7104
4984
6402
8763
2514
1020
8695
8
9377
5356
991
1204
3
3681
446
4255
5360
8228
8305
2462
5090
8221
6802
984
2873
2995
9449
2522
2030
2802
8722
8507
5858
6619
3719
5017
9074
853
4331
786
2089
625
9027
8287
6530
267
9200
1162
7144
8636
4829
7345
5197
637
9729
387
7907
3446
306
9223
5610
2564
5591
4140
4535
9033
1063
474
2861
9548
2435
8807
4074
9282
269
390
6081
549
7172
7322
9423
0
5021
3817
8300
8445
2816
6795
6576
8421
4539
7570
1712
4839
8023
5219
6980
36
117
1122
6854
3910
5604
476
6728
6849
6803
397
7490
594
1133
5011
648
628
5046
5258
4516
7105
1888
133
9205
8021
1994
7662
9139
5262
5254
2149
5597
3264
5574
117
8753
3382
1122
9396
3512
6035
6696
7945
827
2950
1360
5991
3270
4251
5979
2744
2872
9342
5576
3573
1012
9994
6226
9313
2391
8096
8282
9670
54
7059
7196
7431
9395
5216
2160
3284
4171
8027
8288
9180
5264
9365
9169
8509
7678
5178
6496
5895
2076
4470
4218
9502
210
440
7047
9038
9585
3662
852
569
9266
4176
7708
8988
1263
713
8035
4320
3048
5359
287
9835
8788
6644
5123
4119
9509
4245
7705
5755
8517
655
6859
6197
274
6994
3566
3593
5012
9710
6763
2163
8487
1066
3611
760
9738
6243
1567
4075
9890
865
313
5883
6299
3430
8107
905
6493
4303
2762
5560
4519
8269
9902
8221
1866
4429
6457
7798
5332
1907
9745
5351
4136
7046
1820
7887
8215
8996
5367
7545
5565
3622
5603
1022
2250
9055
2364
1256
5851
7454
4167
2722
2884
1714
9256
2251
4333
2861
7086
1737
1478
3793
5883
9146
9272
1272
3011
6869
426
2912
4416
7983
285
162
5807
938
8836
3571
3516
9544
3235
996
1253
4925
754
8580
4141
5554
7806
1894
5855
230
7710
9517
509
3439
5869
1363
7956
78
1096
7577
2030
1777
501
1721
5251
5329
5214
9719
1724
716
1145
5942
4535
269
5285
1847
1680
6247
8531
3723
6466
3697
9086
8730
3978
7931
1369
6317
6915
6990
6756
9077
5764
7778
2650
3118
7282
233
2267
7838
5603
680
3488
7896
7425
6934
4864
7661
454
2685
3838
1362
8586
4814
7165
620
3687
5777
3809
2696
2965
7737
4643
9335
5895
6678
9345
374
9840
3652
4623
8252
2323
3009
1502
7789
1159
540
2279
636
3891
41
1301
7581
9947
7505
6684
9160
4151
9750
4057
8889
2972
676
5528
1876
7354
4834
8764
4549
1362
536
2943
6598
7649
7435
5686
4986
7213
4676
8831
7543
5322
478
9290
7217
3338
5374
6833
8560
6031
1229
8373
5347
6974
3089
5575
9726
9778
6250
8256
1615
6954
8360
622
2975
7584
9257
4635
9300
9159
1824
395
162
7472
4289
8194
7361
185
585
7279
3338
8627
8187
3497
9244
7902
2389
3765
4331
8179
9137
3025
9368
3150
6647
1712
6747
2646
9600
6243
4556
4842
1109
1728
2194
9961
8150
1969
1859
3630
3254
5947
602
1319
468
2185
1462
784
1269
4949
5663
9153
6044
7139
5907
4688
6027
6906
2463
3748
5635
4032
7305
7048
6440
7185
3434
8536
6224
7771
6521
5484
1978
4264
1410
4014
6763
7497
4358
7576
2531
108
1580
8527
3022
5162
6917
8934
5943
1552
7773
8961
9895
4791
6253
8967
8763
9810
7886
9490
7443
4036
2168
9031
2295
635
712
3708
1716
2125
7392
2411
5044
7773
3672
2658
604
6922
6402
9747
7311
6453
5179
4575
8607
6060
494
4618
6835
7656
7506
3227
8340
4751
2036
7475
3586
7607
1887
5591
5540
8360
9751
2603
1261
2653
8950
6829
5705
3847
7982
620
4646
9629
1309
2451
6416
5731
222
4069
3989
7526
4347
182
4887
7842
5248
116
2831
7392
2444
257
3759
2160
977
9006
9504
7182
4250
7989
6154
7620
9644
99
6914
2748
9077
1680
4717
7856
9889
3500
3411
7024
4684
3192
7055
3135
6418
527
5171
1899
9041
8991
9592
7719
336
6711
8643
3111
4601
1070
2498
2983
7297
3773
8662
5815
905
6651
1659
9751
2093
3828
8483
6603
1545
3157
6033
1868
2252
5158
7552
8411
7188
2580
3508
8162
7849
3338
4952
9529
2662
6939
4326
8386
6241
303
3526
8290
5884
8360
4126
6124
2004
2288
7975
859
167
5616
1456
8475
4291
7599
8364
4373
7561
2661
8374
3910
7712
1323
293
9178
2949
3810
7514
794
3328
6716
6262
2112
3411
6714
6793
1794
6187
6227
9957
771
7257
3454
8593
2034
7706
5965
4617
5932
4290
3894
2595
7157
5128
6718
8012
5790
1595
4052
9505
4691
8802
5992
666
5749
5232
8918
1280
8735
198
7155
8799
6951
5075
5923
1895
9171
823
5124
652
1124
3525
7722
9662
7684
7430
9416
8403
6872
3722
9880
1055
5234
4362
8503
3446
3797
4089
8720
4264
8053
1385
5107
9003
6667
137
5554
263
9331
9756
7336
746
338
2069
4262
412
4775
8606
1772
1756
5772
4601
9840
4249
8313
8077
4669
1150
6533
5234
1739
8389
9002
9655
8807
364
1748
8624
576
564
3270
126
6093
3109
4250
8183
7662
8864
8706
7172
1101
2861
127
9097
5121
4147
301
7407
6191
9398
7977
7245
844
5786
3872
8854
8852
7125
2150
6411
4272
2867
2144
5777
2840
7107
9038
2461
3109
767
8216
9212
4481
7689
1348
576
3966
352
4577
9076
8367
3410
6484
7616
311
3451
9916
1512
6684
1308
1348
3918
8904
1095
2532
6329
5004
6199
2596
5341
8256
5724
6735
8537
1883
5043
6848
7152
2252
453
571
6111
2883
8134
7498
334
8143
8525
6210
690
4709
9076
914
4766
1161
6469
2056
8089
685
4228
5440
7515
7235
3916
937
7425
6080
5937
1542
7264
287
6085
9582
9030
8974
4134
1664
4587
1769
3668
8486
6007
8674
4928
3397
3710
8538
7184
2815
5686
8175
3792
9781
5081
1793
8162
5356
1638
4658
5222
2090
17
9546
3572
2989
6891
4932
6726
6729
2764
5545
2211
7964
9468
9303
2582
3440
3922
4525
6285
700
580
1318
8766
4247
4909
9615
9635
138
1564
8679
8118
8529
5673
1858
4488
1966
8034
9066
6410
6825
4036
1634
8943
9096
2902
9848
841
2615
1662
8247
8608
7253
6775
6870
9041
411
2026
577
803
7688
6825
1681
8181
9582
9147
6763
9842
387
6913
5458
3367
6357
3719
4457
8907
7662
471
2889
2637
4383
295
3995
7676
3740
2466
6884
239
1316
6276
1130
8373
7867
8623
6278
1110
9957
9051
6856
6089
2897
6138
7297
4191
6672
3626
4050
4412
4129
4691
6703
3654
8171
3584
9663
8965
9414
1594
3090
219
4518
3712
2159
5229
1125
4755
9209
1631
6731
3406
5646
6511
5229
6515
9724
7287
5583
3600
9344
6533
8311
3056
876
8456
9936
3741
8724
8529
8599
1332
8886
5977
774
9137
7540
7905
9387
4249
1279
4579
420
5479
2705
1720
6969
2158
2822
4963
7909
3229
1176
7531
98
9792
5958
8215
81
4163
9233
2577
5475
9473
3571
6524
2775
8795
4540
1154
2033
885
3994
4470
674
762
9444
4601
3066
895
5075
7832
8743
1909
8046
4114
2568
9304
720
4999
4210
2453
6488
2427
5806
6008
4877
6970
3054
7859
7500
6310
8810
9178
1903
4684
2892
2315
4764
1653
8468
1644
5207
2392
9624
7325
661
4317
3739
4748
5086
6588
2056
4487
1774
403
7436
2699
1992
4934
8286
5355
9703
9441
9612
61
8931
9721
5107
7247
1580
4321
9866
9767
2599
6201
1084
9576
9234
8880
4352
3567
6212
5402
3015
7821
8294
2860
305
6848
7001
7348
188
2010
9603
7750
3882
5506
5945
8833
3789
617
9450
5649
7746
4821
4325
5405
808
2778
5912
5424
8075
183
3879
1349
7025
2492
597
2411
769
1305
7506
5000
6331
3761
5105
7802
6071
8253
3141
5560
8158
7773
9832
9752
127
3578
2535
810
8159
5015
9964
3344
7600
1046
7145
5265
9356
8455
8367
8211
31
1370
2393
1110
2959
9141
2216
9968
8841
7650
3659
3107
2584
464
2986
266
260
2730
3040
4418
4325
6708
2690
2454
2227
3073
3152
8978
6268
5010
9239
8969
8513
8761
4177
2114
8797
9499
5386
6589
5010
8964
1199
1028
1042
2325
3045
3372
487
9576
6003
1803
6127
1924
3198
7875
2408
6460
8943
2316
804
8625
8690
6848
3641
4472
6254
8016
728
1319
7756
4596
87
8680
6038
7888
4221
7200
9997
738
3818
6041
679
4951
849
7979
1203
3149
8355
8042
842
8627
5000
5449
9764
3149
7100
6700
2276
484
3172
2331
3921
2666
7068
2322
3282
3339
4111
9541
1734
7039
6962
7969
6701
8236
9325
7166
8934
3240
3847
5393
9685
6172
3165
461
3648
1236
4558
489
5831
8498
9462
5133
5295
7427
6405
3926
9529
6169
5020
2233
8547
7400
5795
1268
4842
3916
3706
4064
8170
6695
5050
9699
773
6393
3334
2257
908
4887
1332
2435
2252
926
5026
1888
823
5138
9190
4135
9870
5423
3687
7439
7561
7520
9441
8054
8099
4413
6985
9445
8148
415
2638
3845
7916
2527
1560
9754
1801
7549
8640
5229
5318
9485
7978
4648
9360
3243
915
1019
3429
2895
9620
4747
2443
1147
9504
6810
3051
4114
8288
8002
1560
6275
8936
5754
4096
6850
1798
3835
2670
6056
4854
6444
7848
257
9765
9594
8204
9283
2096
6804
9122
590
2632
1522
3870
3759
740
5253
7910
5246
739
9017
1162
8600
7549
7752
4196
4743
6740
792
4109
8908
8284
8916
3544
5727
6852
5945
9776
6974
6769
5318
1834
5905
4246
8791
7158
6286
2289
43
1784
8695
1428
9920
3661
8897
7055
3889
5420
8208
2359
3414
6282
7262
485
8073
1898
8075
7885
1497
4463
6815
5961
199
8815
8122
3602
8270
4295
1532
1163
1776
5221
9824
9514
6427
6102
4147
9779
3418
3436
7155
5282
343
3066
2226
981
47
8816
4746
2836
8238
7822
3994
8222
9897
2855
4399
9937
5051
7604
4158
69
6135
1841
6541
6278
4748
344
5185
3933
3047
2424
1074
8474
3905
6161
6635
9807
3897
7615
7166
315
8365
8673
1636
7826
5346
4725
2594
3206
483
5106
2535
197
2773
7729
482
750
7561
984
9456
8944
4395
8276
243
9618
9848
7219
6910
649
6508
8428
8092
6889
7545
6011
1345
858
2788
9693
6296
7638
7065
3988
5932
1853
3310
4615
435
9862
1093
4074
5619
7682
5771
9221
7320
6990
5550
6163
7502
2613
7948
6218
1161
9135
7638
4929
8276
9099
7123
2499
6694
4372
9889
1999
9920
194
1526
7993
6307
1584
2453
4817
5487
5638
8204
7838
6711
8979
5689
5766
7184
9896
4909
2621
9063
5827
441
2423
674
3543
3381
1675
2991
7845
1983
3303
6296
7865
785
8330
9672
2483
779
3234
4856
2415
383
5091
3378
7316
8940
6064
4407
7382
146
6393
5820
1097
757
2081
8526
5731
9644
7866
2374
5035
7016
3327
7448
4484
3778
6958
4037
9184
9453
6097
8961
3827
1387
4680
2127
7734
9564
6788
5320
5891
7168
7682
8490
9476
8734
3250
333
1411
5149
7971
3121
9277
495
3356
8067
2232
318
7082
8174
7101
1311
6017
1550
1700
8787
5073
9984
8796
7195
1527
8150
2547
7404
2796
4871
7464
4232
8142
8994
6602
4556
1273
4546
9628
5625
3298
1309
3689
5689
6624
8919
1054
3971
9383
1157
4296
3594
1730
3643
8154
2463
9900
8486
8906
9783
6316
3333
4137
4104
1659
3922
5998
1037
3282
4559
3999
9416
4197
6764
7531
4215
2550
5396
7862
5471
5223
39
913
5061
6064
3
9813
8108
6873
1739
5148
9288
1940
1354
1117
2449
1851
512
5522
3
737
7707
2295
4402
9736
8401
6609
8107
4446
10
5305
5414
3732
8698
7924
4328
8366
1644
5040
1332
9136
1098
2845
481
5274
9832
629
4599
8514
7729
9113
2595
5147
7306
4266
7898
4911
9746
1057
7755
270
731
3995
3724
6675
1042
7109
8614
7343
1881
5232
7197
5109
7255
4864
9191
8865
693
103
5967
7958
5625
7785
6161
3842
9695
1963
2277
4512
9971
2013
937
8777
8396
1026
6806
2040
658
1896
4389
1865
5696
7608
5818
125
7140
7371
1070
6605
2036
3222
2859
6713
7451
2084
8145
4156
3648
6767
86
4173
3559
2139
9017
3172
6241
6527
3879
6790
6927
5905
135
3904
1060
28
1680
4284
3624
2608
874
259
6568
1031
3441
4255
9819
3999
4262
1467
7312
217
6529
4074
5363
1341
9233
7793
8910
8488
851
1298
2924
1155
4449
2614
3433
9585
5809
1974
8805
5669
511
5349
9479
9501
1733
2781
5694
4159
1846
4021
179
350
6794
1565
3946
2937
6787
6022
6536
6704
7071
3632
8830
2228
1974
4336
7955
7610
9939
286
6256
4620
1456
6601
3108
8092
810
5047
8136
8470
2067
7965
5549
2657
5334
2648
193
4081
7509
8517
2753
5932
1374
2819
5240
9142
2780
2787
7510
6572
3658
7337
2524
282
5938
8018
4835
7481
2563
9393
8636
4521
978
9976
594
1142
8103
8063
5963
282
7608
1732
8734
5471
9252
1840
3743
9967
3221
8690
5782
6218
4488
4074
8397
4643
2489
756
8936
9224
8679
6350
3630
7548
3894
9416
3270
1298
1348
8103
3677
9592
8595
3110
7508
5246
9317
7962
9286
8369
7542
3377
9831
6073
835
8694
2136
4459
2024
7523
4358
9995
7095
3379
7236
626
485
3362
1421
7640
1454
4724
1227
8303
3753
9391
3349
6427
9942
8215
6162
7249
8259
9940
5773
4475
5150
2657
5297
6198
1125
8291
243
8712
4281
1188
1343
7137
7793
6571
9675
5997
8779
5226
7816
1603
717
1476
646
4093
1546
1129
1191
1092
5392
1999
2220
1271
2797
1198
5803
7112
6658
5368
1826
931
3936
9124
181
9340
7487
3622
292
2116
5118
4044
8904
3031
212
3335
5948
6181
4597
6580
9704
1564
5424
966
472
7854
6549
2738
5627
2116
7604
599
1255
6127
1504
7560
9402
1926
5635
7639
8156
7729
2443
4351
8304
6321
2642
5726
3129
7194
4075
8125
5897
7246
1000
8094
5173
5591
297
2657
1940
8688
9295
1107
806
4144
6878
8403
6930
7093
1296
4834
4311
1177
823
3175
3972
5907
8139
5708
8099
3725
4241
728
575
1325
2924
8794
775
515
5821
7982
3819
2158
7302
7984
1827
747
2909
2730
3871
7419
9404
2107
7289
895
3013
4567
8247
7939
3522
1909
6620
7444
4458
5577
8798
8703
9376
8910
9410
4648
4182
5375
9715
7956
3055
1762
3250
1523
8593
7361
4360
141
3401
343
8390
9000
937
756
4493
5619
956
7357
858
1666
7898
163
5609
9303
7431
7854
106
889
2870
21
7777
8964
5452
5421
1495
429
7935
8556
5455
175
4876
9944
1107
3015
7895
529
1835
328
9869
6296
7967
2668
6022
1115
5573
9033
2615
4638
4692
3579
7587
1607
5049
6995
9489
4053
2518
7372
4425
3710
6104
1013
5657
3828
5442
9712
3732
4660
1701
5319
5033
8571
6593
133
6753
7572
5669
472
8178
642
578
6289
4369
8359
8574
2085
5604
6655
7140
8804
5797
300
6040
1539
9731
2654
968
1560
4659
5726
5294
6130
8979
7048
3
9506
7487
7315
9294
2281
4045
9055
361
5280
8098
8169
1044
622
2376
4701
2979
58
8855
7289
4674
8829
1151
9402
9241
9746
3336
4294
2747
1694
2209
7205
1592
7126
9221
1804
9155
3617
9259
2807
2637
4779
1372
4147
5392
9282
6176
4485
5208
561
2817
9194
3579
647
9057
4300
362
7235
2792
174
6031
3102
565
7861
7030
101
4437
1011
7497
9154
6802
1888
5171
7798
6226
6423
6758
8741
5249
8122
7559
5518
4633
1795
2615
277
4221
5449
8205
2862
7765
6523
8959
360
4052
7724
2416
1540
709
9995
7235
4657
20
7389
7517
6198
4201
9209
9753
3323
2495
3856
6613
7636
7138
4968
5993
8218
6231
1683
3192
8168
837
3616
9998
9503
1873
3214
1914
6054
9001
3512
1110
6674
1558
6690
1409
7102
6692
1407
3101
3943
6205
2204
8228
1671
257
2700
3749
812
1378
9248
9261
2563
4220
7090
4065
6758
2562
7375
328
2512
7683
6832
5525
3721
6476
6323
593
5859
3639
3403
6871
6991
2464
1392
5369
908
9640
4691
9633
4909
5651
6243
1217
9478
4445
4229
9836
2259
2089
2900
3389
5989
4905
933
9701
5242
6105
2325
6547
9000
6022
8241
1547
7445
7133
3234
3609
5510
3629
7027
5214
5698
3966
8048
8857
8946
1771
6477
9682
664
4491
1648
8527
9801
2894
8508
5737
3001
2579
5562
4713
2801
5878
9110
3468
8879
4085
180
7078
5514
7780
782
7714
2463
4503
2411
3351
7534
8973
9053
2295
1467
1164
8278
3217
385
2631
4344
6822
8361
3020
6312
6489
7379
121
254
3743
9455
7631
4444
2101
2987
6767
3225
8641
1145
5505
2808
4065
5643
244
442
9008
4318
5632
9564
2999
1312
4918
3806
6352
2000
8057
2050
5381
9905
8246
4077
8247
1162
9294
8429
3035
6125
212
2615
4254
242
1906
8636
6682
6751
3958
9927
4560
6742
9562
3094
9781
5563
3585
5570
1546
2336
3773
844
7155
1600
1934
9094
2857
3284
661
4524
5914
4277
9526
877
4142
8111
2524
1098
6357
8493
4726
5001
5084
5111
607
9078
4271
3413
7916
6231
680
7215
7854
7018
5909
8435
8679
4078
7880
865
2361
667
5128
6790
8682
8111
5268
2659
2500
7557
296
2026
9304
1284
8904
8949
2563
4257
7065
3043
3433
5522
3871
3359
2814
657
1441
8318
836
5625
6905
6597
6398
2575
3303
1845
3298
512
7781
7028
5485
9011
886
9721
9921
1499
1719
3780
5338
6076
9143
9463
6638
7863
6659
5557
2610
7491
9834
1862
569
2986
2959
1220
5559
2685
8941
3573
2708
1765
2645
9429
2829
3319
2722
4655
6980
6019
6366
9319
7367
9082
8317
4408
2558
5465
7143
8085
6206
8166
4388
7998
3883
1734
8271
4641
650
1160
6189
1178
3044
8914
87
8969
4278
9542
8434
6671
4597
6112
8976
676
8655
3359
7919
9127
7069
5069
5792
9507
6405
2349
8834
8587
6764
9152
1213
9346
329
5508
6010
7977
7892
7114
4463
1174
6749
5458
9337
5645
1865
1461
7698
6654
38
1535
8610
7082
9456
3527
7985
4307
6589
3164
1962
6800
7026
8589
3324
7914
6889
9429
3274
677
7274
7922
6290
3950
4486
8081
3819
6862
4242
3095
8759
4840
2944
1470
7960
6021
1498
7834
7471
2361
7176
7415
4271
4753
8945
9057
8928
8492
173
8512
4160
6819
9593
8350
691
6902
7284
5333
2571
8053
7030
714
1572
23
5377
8464
326
5483
4911
9547
8781
2537
939
5186
5349
7491
6428
2976
2942
9789
5547
4343
5023
6918
8261
1569
5719
5682
5644
7204
5071
4902
3561
705
9292
7632
3932
5850
6384
4384
8148
3646
6096
6966
8985
4290
1392
8921
4391
8221
5994
1185
3653
2512
1581
5715
7651
1088
4386
5095
1155
1713
202
9286
4525
1393
2884
5093
8390
3215
1195
4153
8844
6246
2955
9318
7352
2329
4260
5992
3254
3725
9367
2493
5168
5629
1309
9069
1142
3998
1159
887
282
6705
6368
6665
136
1678
9823
9035
6803
6786
8153
1129
7259
5944
9107
7387
5210
3613
6341
8467
2589
1267
2793
3299
2752
6468
8995
776
9186
6625
1099
294
6920
1862
8325
1746
5309
6907
7250
1350
8695
7322
7007
9796
2789
6711
8459
7931
36
5441
6695
1407
6817
3524
309
2904
3529
9768
6323
569
5948
7482
5473
4922
4815
6549
925
6133
513
29
4224
7578
4166
8392
2354
3519
7007
2537
4040
5816
1690
1129
4078
1486
7477
7364
9775
783
4046
2398
1905
2035
3254
7232
1774
5078
2277
707
3228
1414
3623
4312
8430
4843
2051
3121
9716
7998
5868
95
4878
4471
6160
7817
2190
615
1198
8934
6810
2110
6020
7592
5344
7130
4887
3109
7381
1038
2300
2387
1158
9642
2035
1599
6576
8588
339
2138
7642
9395
8704
1280
3792
5116
6329
1014
8027
9611
462
1167
5227
3800
5247
4844
7286
7907
9120
478
3163
1173
1321
1049
2543
9381
505
4711
5593
1699
1050
5509
7385
1668
6255
6462
6850
7547
778
2162
7993
9313
2907
8611
933
3040
3187
1980
6070
7538
4311
6031
8963
3360
5151
5737
2459
7258
6285
5379
6589
4051
7499
8600
3059
8437
5486
2206
8329
2152
2183
6467
7116
4442
712
1030
4909
7980
7252
6670
8612
441
30
9051
2546
7844
9075
3607
8127
1437
9172
6457
8785
9983
364
3670
6814
5945
6272
3364
2057
9015
6452
7516
5080
2076
282
5147
7206
9134
3637
9989
1668
9822
300
7975
2315
9731
538
3208
2477
1538
1681
4938
9721
796
1791
1875
7053
5156
3801
4083
9893
9323
8885
6625
7249
1242
3780
7174
3413
5788
747
358
4363
7957
6962
5958
3491
6594
3285
2702
2554
9534
2121
4797
9096
9631
73
2771
2611
8459
270
3328
6593
906
9997
5334
6971
9689
4730
7821
1326
1096
5162
7779
1227
3889
6918
5261
3469
165
3163
9327
6714
8037
8863
5220
9011
8666
8590
1387
3766
4689
2162
6478
5587
2550
4849
3568
171
5436
8176
6322
1972
4199
5493
9265
2041
4822
5035
3472
8878
8672
2655
1774
8418
5914
8327
4068
413
6946
3681
1165
2584
1467
6953
1442
8300
9749
4741
945
2163
1976
3835
4377
2475
4557
8658
9157
9225
4921
9029
8547
7226
4215
3428
4879
3284
1297
1461
5792
1483
8635
2200
8943
4831
8556
6216
3680
8995
7337
524
7407
9464
7184
8526
7096
2584
590
5107
8866
1343
9565
3673
6505
3892
1598
2223
8998
2053
975
8525
5518
5872
4601
5157
1204
2158
2184
1793
8315
7609
855
2876
5101
3823
6952
1597
8433
9263
4190
1885
5036
8623
9719
7914
8070
4656
8552
9204
9800
2090
8119
4132
5823
3697
1855
3885
6960
3833
7684
6618
1288
949
9396
8775
7822
7594
5109
5852
2824
7651
8592
9108
5367
6350
2826
3084
8784
6275
7547
8838
6519
6549
4637
589
3210
1569
4307
8643
4615
3475
8499
9415
6651
936
2578
354
6313
4991
4538
7952
2131
3864
8602
2507
151
3102
3690
8611
1705
4353
9802
4059
4153
7755
8086
2445
1857
5381
4200
2445
990
8034
9050
9578
4664
5673
8069
5361
8271
8320
3644
668
9716
7683
9454
7640
7825
1332
3644
2468
3590
5741
2648
7541
9649
5409
6037
278
7193
6592
6753
4621
4199
2585
1132
2297
4274
9578
6067
2823
7877
2802
2126
5428
6191
728
3570
973
4343
8325
8067
1826
9194
1756
3818
7209
147
3465
5007
8270
2853
9511
7123
7720
584
2908
8765
1959
45
3375
1487
2090
7456
3674
8580
1437
3241
6410
1480
9935
6703
3011
3828
7505
6218
8753
8948
6971
8867
7385
1303
8440
410
6670
7987
9682
7380
7535
4818
8633
8879
2349
1357
2476
2979
923
1875
4010
7222
6190
7814
7138
7452
9652
4258
5926
2026
336
1418
2622
8581
1939
9266
8665
4252
2360
2147
2990
3775
2038
6894
945
8474
920
3568
5474
898
8200
8942
4079
9082
4903
7806
7209
3346
5482
9585
6740
6541
8815
2833
279
9902
2909
9538
3588
6399
8857
7528
9922
669
1973
5942
1093
1939
771
8942
6623
4353
183
1754
1504
7704
2522
4405
3209
5125
5227
4646
8783
7736
4639
298
5386
1744
5690
4734
3085
1190
4454
8134
3008
9634
8880
4125
3673
2381
7186
6537
1705
3284
2346
8010
8610
1333
6618
4959
2006
3066
5113
3252
5355
7887
8615
9756
603
3905
5213
9720
9032
6133
5123
4689
8893
1395
7771
7303
8271
3517
8938
7686
9074
9455
9191
4658
6584
6069
8556
256
3012
131
922
5120
3357
6069
5049
1642
750
9924
4412
8356
8682
3570
5155
3949
5517
1874
9434
9353
8717
4039
975
1514
9839
6327
7585
6071
1286
4331
6051
9627
3863
8198
9184
6749
2568
6831
5657
5304
2854
301
7770
8502
1878
5791
4266
6750
5523
341
5041
1222
7030
6110
8772
3639
8772
4654
5851
1276
33
1212
9204
2870
2290
5398
1601
400
5136
6049
