3755
2913
3311
9384
1922
9571
7426
6292
3099
2813
3540
479
4473
4798
3236
2060
9947
3410
1841
3608
9181
7072
8593
5332
4426
7902
3329
5408
2331
7551
8938
9577
3473
9756
3340
4602
107
8784
9130
4382
6484
8524
5090
5461
5805
9468
7958
164
6882
7713
9932
647
4700
1197
7054
4434
5539
5406
8383
8965
6589
6129
3211
109
5079
3320
8906
6007
5134
3846
6785
4736
9834
1558
9796
3977
8889
9820
220
5094
8692
4771
929
9428
4224
2342
9844
5018
2659
4986
428
5081
7856
4920
6219
365
3681
1497
4908
6198
3808
3290
7963
4192
6018
1246
6048
1101
1216
2083
7210
1909
8116
9836
3076
1796
8252
2622
3239
337
1166
7911
7260
8399
1177
2536
2716
1565
3427
4467
9718
8200
4468
7807
5772
4416
9038
5656
5626
9671
7720
820
3651
6838
325
9648
7018
9034
8982
7561
1723
5276
3225
2551
5860
9086
8667
6164
1107
2880
6609
2074
1661
9043
2703
5113
1351
917
244
6200
6469
5627
4178
5332
1789
6125
9837
3796
8167
3322
2800
908
723
2956
1574
6864
4279
4599
859
2880
9476
1147
256
2738
2788
5369
5205
7598
6834
9059
6854
8850
9077
8971
7685
1334
58
2749
6896
7322
3758
9321
2654
2203
9781
7512
9003
3108
8074
2592
7213
2817
1475
3826
8643
8991
7311
3745
2521
9856
3423
797
5194
9578
4847
413
5171
2831
7808
1212
8672
1127
5347
5946
7653
5273
2819
8354
8155
4745
6880
7692
8181
3179
6212
5401
3166
4421
6515
4892
9008
6179
884
184
3411
5588
870
4564
9121
4674
6817
3708
4402
7263
8827
8401
7817
9354
2371
6016
9850
4753
125
6575
1718
3985
6922
804
8261
9256
4547
2496
2494
3596
9443
3241
9030
6052
4783
5173
