3185
6818
6096
7862
3403
9203
6426
5728
378
1150
8529
9028
6519
3867
1804
5307
9284
8389
8873
1786
3101
343
6250
1665
3562
4214
3182
3840
8416
4010
1611
3062
840
9609
7127
4584
8103
1586
9430
9307
6572
7123
910
7886
3401
9944
582
6758
9001
5089
6301
1815
1551
1150
7671
9340
7919
729
7873
9284
3350
3424
8118
2873
7139
1054
5818
30
6329
597
7347
1156
1725
4107
376
1865
6826
6510
178
7950
9124
2468
7583
7363
3481
3651
6629
4785
1251
4970
5187
8099
267
42
2515
2866
3672
7157
1612
9164
8804
3617
6420
4512
6831
8761
2051
361
4317
5217
7059
9893
5530
7347
7651
9568
3198
6571
9690
8114
780
8811
5400
9905
3908
5932
2536
4260
2456
8850
4034
934
9756
7546
3022
5987
8038
9427
2675
4274
4853
1174
7181
6959
2063
5523
444
6708
3106
3993
2745
6211
571
8834
6324
2707
1829
729
6552
9364
2970
5673
8016
7824
4181
7331
1299
8673
4343
251
6955
3721
456
5984
8980
1185
6294
7958
8671
6242
8441
8930
6518
3530
4823
7953
8170
6267
1250
5653
5800
4038
1839
813
2602
383
4563
2800
8217
5213
4614
1254
6273
2464
5385
4483
285
4767
499
6545
9617
4382
6023
4345
4966
8233
5586
381
2495
287
3488
245
4011
3725
2574
4052
260
1941
4410
4678
772
2412
662
8168
9927
6301
5852
4292
3547
8541
6411
3272
8947
6076
7088
2386
1100
5380
544
8906
2967
6626
9681
4716
8293
8270
3368
656
7809
3720
9485
5256
5062
4865
8700
8085
9681
867
5460
6
2162
1486
8018
6127
572
9808
8728
946
9484
3696
9830
9964
5622
5384
6122
3262
938
5836
3188
4406
6198
3899
7618
6362
9301
4849
1563
3937
7797
7862
3991
6558
1590
7159
1659
4762
8959
5391
3059
7612
6026
321
6407
3863
9999
4085
8176
1104
8015
7501
3092
7643
4471
3298
4444
8337
2452
6512
3655
448
4709
2587
9208
3567
1564
1020
3355
9372
335
5756
3109
2837
3627
8203
7384
4559
1656
5309
3669
3430
6999
1763
1372
3553
1767
5969
432
81
3975
1857
8550
3254
5607
7188
939
6158
8503
2112
4245
5563
9057
6330
82
7664
6066
7825
8893
8232
5427
133
6767
4418
4838
7026
6641
7245
5404
45
3840
3628
5555
3737
8489
7734
8541
3334
9252
5822
8076
7272
2446
7961
9209
2879
174
7025
6675
7928
5545
7765
5733
3663
4016
2762
3296
7647
8375
5539
5912
4440
8609
1560
8523
9692
1959
2902
9547
8838
9367
2339
7149
5351
9369
5228
7722
8815
7229
9485
9027
2452
6160
3324
9265
9089
2766
7138
9194
2542
9057
9063
1936
8520
887
4601
7859
3870
5729
9464
4839
5463
664
2098
352
7490
3275
9350
8137
4492
5763
6199
6053
8232
9479
8831
2013
5710
2571
5597
4759
4531
947
5901
2904
9376
9542
3682
9056
482
4286
242
819
2573
5259
1934
7912
2813
119
796
3307
3403
5492
788
7405
8921
9922
9955
8795
1706
8973
319
1804
6833
5522
5656
6147
308
1794
2199
2501
3580
8192
2998
3060
4668
2308
443
9866
7596
690
7955
8609
8465
8804
9367
6319
6010
5908
3533
7008
1018
3094
3453
3435
2189
8354
7774
2742
4216
4591
1101
8966
3090
7947
9145
3102
9225
8359
94
8840
1490
447
7021
6818
9665
7032
5140
9184
1617
9170
2959
176
8608
780
9386
9594
3594
3014
7697
4965
897
4626
8503
4375
8790
5028
9455
8677
8550
6265
9643
9208
8292
4835
6175
7249
5583
4258
448
6371
2831
6751
9614
3950
9714
9442
8923
9052
3069
7715
1623
1652
7361
3405
378
8381
6908
9358
5772
5532
3705
5292
1941
4814
9173
9058
9260
2785
8031
8039
9726
5900
7835
1983
2958
6383
6658
2555
6243
9958
410
5564
2866
4231
1246
6245
2248
7754
7498
3966
4068
1608
5141
4645
6384
4012
1274
2383
6458
9431
3269
7788
739
128
1815
5576
1251
8888
6950
6461
3302
9546
7957
4726
9527
4305
3595
7263
4536
5349
1714
5000
3627
5645
6350
5352
3360
3160
1591
6094
4588
8327
7285
4403
6850
1618
56
1083
2704
5114
9761
4811
6889
4974
7233
4084
5530
4616
140
7469
7148
7519
3400
8239
277
2735
3288
5433
6858
2133
6224
436
6037
7460
3060
3233
271
3798
4481
7663
7259
2284
4632
5321
9599
1686
7138
699
9439
8846
2901
8741
1368
7118
578
9080
8454
3234
8695
6397
8130
6408
328
8853
1099
1380
6485
2747
815
5520
71
7462
679
4081
2333
522
7117
3716
6590
4398
2874
7511
6634
3721
4640
8597
5010
2534
9201
5097
3008
8294
5755
8340
2483
3108
1632
9657
1563
51
3862
5685
6622
2740
3735
4236
4053
6228
1046
8830
2487
7938
5887
937
5599
8766
8057
7736
5196
4125
524
521
8405
3401
1353
6077
9895
1110
6250
3352
8732
2383
8422
6360
5786
1406
1953
3442
1109
474
1950
1943
2946
651
994
9126
1529
2009
3095
5372
2037
8914
9209
3174
6748
8587
7920
7079
5174
7374
9659
5765
7052
9777
5237
5149
8862
3223
9495
6951
1216
1936
2282
3380
3154
364
5111
4259
155
3517
8477
3860
9681
8713
2301
7028
7816
1582
6645
86
309
7137
696
2819
5869
4655
2263
5928
1759
7956
7262
7390
5034
9642
1405
5415
1084
8809
1905
1844
7049
4221
3327
244
3636
2837
7212
4022
1565
7832
3644
3583
7751
5938
53
6103
8596
7180
9375
4366
704
665
5130
9085
3175
9580
2396
3654
4884
7063
6646
2733
5671
9647
7873
5936
5009
7995
4314
6034
2447
6779
1400
4597
449
22
9398
3653
6774
4827
337
9922
534
2457
2047
4886
6059
3418
3514
1285
5533
5546
7816
9201
8377
1461
1384
9325
7421
6302
875
8378
3154
4957
5789
1165
9943
7616
1951
5153
7190
2194
4930
4521
4677
7576
6625
6398
1531
8712
5227
6278
9420
5685
1228
8246
579
309
6584
6782
44
547
5587
7618
5963
4048
4848
1482
8812
1157
3635
8655
3880
2307
229
4997
416
3244
996
1176
857
3930
964
5119
9829
2620
902
5422
3274
4578
7780
4711
1425
6638
7270
4560
8909
9402
7844
9551
8485
1208
1096
4290
7648
3716
2862
8444
3148
5702
7996
618
8715
4020
1528
419
3755
5924
7851
6589
2369
2207
2768
5533
8753
7074
1336
8838
9564
2573
8797
5635
9638
2270
6641
1391
6002
2600
5954
1457
5917
908
7020
5766
8036
7274
7836
4119
5875
2177
4813
3161
6379
6674
3856
4707
4943
1475
3260
7753
5532
3375
9232
9543
4178
7578
7345
842
9667
8899
2453
8633
6998
9666
1322
5569
7896
4368
5555
2813
5009
2982
4304
5124
9982
5198
7130
6157
5760
9078
4280
6701
2417
8787
9280
2385
894
7553
7437
711
7621
7465
5849
3079
7356
1867
5864
7647
1675
3419
9826
427
4216
8360
8970
1220
9710
55
1903
3327
5832
3822
7742
1142
399
2189
9650
340
9854
887
4842
9946
6142
4173
5525
1711
5203
6124
3916
4212
3794
9917
7291
8420
8797
5578
7950
4186
7133
5761
6533
3230
9035
3040
6868
6520
2875
4048
8297
8517
6821
7519
8298
758
6241
581
7594
677
430
1208
6904
499
2127
8907
6453
765
628
9841
3792
9517
9728
1376
2527
589
3308
4400
2092
662
8167
8338
4441
4262
2904
605
402
1776
6050
6372
6862
2862
7090
7476
3825
9297
1704
2169
3569
7273
1344
288
1731
224
6524
2071
6898
5920
9024
6321
6299
7653
8841
2294
5399
9613
6794
7543
3110
6364
2549
7646
8741
108
8451
4563
1339
6098
8672
1292
3110
2508
918
5148
8573
5926
5076
2300
7409
8299
9770
296
9637
1609
3956
960
4407
5901
5073
2814
5514
4286
9998
9223
5793
2934
3748
4602
1530
9530
5547
6566
3877
8714
6969
5033
7584
8084
1340
2818
9584
2883
1407
5864
334
6389
6348
3188
3963
3851
1454
9896
1250
6777
3250
211
1800
7661
5626
9005
5762
9580
8493
12
4148
6904
2991
7018
7585
3070
8168
9181
2148
7707
6243
70
6986
5215
3669
9845
8409
6778
9512
393
2897
9554
4932
1702
4782
5639
3049
9695
2679
5694
1419
7875
6134
8313
3785
8883
6164
3271
8588
577
4225
9832
4409
5109
9548
6217
804
3353
6485
3870
8929
2228
9533
8285
6695
9492
7542
9879
1124
4980
4877
8194
3863
9949
7696
5089
2526
4009
8029
6037
7580
8243
1785
8876
3318
2345
7210
2488
6171
7667
5010
1851
6990
9662
3976
1054
6097
6353
948
129
8288
6225
7143
3100
9351
1088
1493
9332
2192
80
1136
2410
8765
7861
578
9901
7838
5336
503
3472
96
2295
9844
8742
5491
2362
3320
7881
7542
6497
13
778
1344
6330
539
3922
7533
478
5978
551
5108
3979
7009
1947
7698
9788
7232
5567
309
980
5702
9908
6374
9465
544
6818
9235
3469
6319
8177
8040
1353
4725
9076
8682
4546
5339
7783
4095
397
9234
5117
3214
4014
7076
3676
79
1372
7782
3044
4110
4401
2525
7546
369
1805
665
1315
1715
5898
6770
7835
3260
1307
8014
6198
5935
5805
1709
6766
7153
7199
9249
491
9137
4814
1309
2192
7512
3449
6264
5618
6125
5476
3294
8740
7477
5751
8932
1037
4262
9526
6581
8971
6631
7820
2254
6721
3478
32
5459
7116
1413
7322
7036
1443
6114
6719
6527
4492
3585
823
9787
8220
9112
8144
7166
6599
5542
3708
6052
2005
497
5541
6588
8357
3324
5968
2889
2843
1
3263
2610
4596
8832
8225
7942
6459
8836
9732
2544
9237
9390
5979
9074
9414
2961
1498
8529
662
3049
174
637
3950
6136
6266
3419
7436
3647
4651
465
8775
6037
9565
8910
3244
4327
3399
404
1670
8556
1026
1490
9324
2884
423
2786
965
3164
1765
5051
5943
7617
1090
2532
668
3151
2281
7750
342
2132
7362
4525
8105
54
3951
9099
3798
7037
9618
7481
3081
878
1596
7818
8920
5109
4672
2846
1148
7231
534
6256
796
8385
8092
5244
3348
9289
295
4961
1605
1567
2247
5758
1349
4359
2440
2077
119
7589
5541
2057
7270
8749
4583
2301
956
135
459
7066
7407
1948
7649
804
7338
9775
9632
4970
1273
5595
1144
5424
5389
6372
1919
970
3632
8172
4877
2168
819
9974
8915
2249
4035
31
3686
1293
1787
93
1578
75
3698
3191
5753
9835
7861
5359
6067
8593
6447
1992
4895
2598
4548
9976
5391
901
2685
6043
4081
2639
1454
5761
546
4940
212
4725
1486
4591
5514
7579
3314
724
9066
4694
8563
3480
144
4051
2551
5573
3834
1813
7840
6169
1196
1534
8553
8962
6033
598
1273
4376
7467
6715
5093
9526
8139
2198
4082
9367
6268
4917
6856
4969
4426
6651
4434
3441
9840
7360
8609
2587
2687
2502
2128
4875
1579
297
5283
3781
1198
4290
3369
5045
2288
6793
8640
732
6254
68
2119
7289
4759
2672
3230
8879
6934
6938
10
4264
6090
8011
9158
7334
9969
9038
1747
8033
690
5679
9663
2659
4154
66
7492
2476
9695
2653
4855
690
2560
2835
1777
7720
9133
3134
6698
9002
931
3113
5649
1507
6096
567
2200
2395
8388
2466
3980
2160
7544
2260
595
1535
5385
1035
3582
3119
5116
6397
6158
4683
9158
6905
2962
458
7395
3189
494
973
804
7833
5256
484
6710
4248
4332
5677
2061
326
736
6282
6544
6842
2241
1405
9725
7169
4348
6483
3773
1148
9833
7915
7074
1688
4769
2786
9549
2840
5680
6428
5965
3313
2629
8256
2962
5170
3863
7136
1375
5837
7234
2356
6797
9510
5791
7474
2748
3832
609
8300
580
8046
1852
9591
7562
5221
7312
531
3183
5131
3971
859
9634
131
4908
7019
5478
5241
9851
3849
9822
9804
6919
6258
3892
2269
2592
1234
6457
867
8322
9662
4199
5272
9291
2610
50
5859
8003
2498
5948
8082
8394
4367
5960
3188
8753
857
3095
7649
654
7019
5694
4103
82
7400
2313
8850
4951
687
5176
5398
7603
429
5415
108
458
4224
9260
4023
5152
916
666
3298
8875
7820
2834
6616
2006
254
9769
1023
4738
3563
8452
6945
6008
5401
3968
7641
1018
799
750
7079
599
8477
8043
464
909
4886
6286
5429
8696
9595
7323
2253
7273
3797
4932
7586
5250
3486
8431
8293
61
2332
7123
6079
6940
3499
2892
2134
5564
7494
3342
5032
419
4162
4022
4838
9880
6423
1659
3424
3809
6348
8516
2777
1127
238
9619
8263
6135
8604
9279
7753
2066
9506
4319
2821
6643
768
2290
3549
2016
119
9788
1965
8090
9808
5627
7156
5311
2872
9416
7405
9743
2299
968
9561
3211
5100
3074
4762
9961
5006
5819
5294
6724
6866
1469
9558
5121
9454
2342
1923
3228
6518
9309
2684
4097
1578
8239
1933
3878
6988
5175
3040
3301
8028
493
1345
5192
8434
8469
1552
6685
8294
5352
7080
1129
6399
9536
2551
761
39
3180
8426
9843
9272
8659
9639
7131
7318
7510
7014
9617
359
6974
6812
5928
6739
3845
4709
4402
6292
6128
9213
4166
266
5449
2332
1956
5086
6492
1036
527
8721
7559
2504
8217
1024
52
4898
6477
9478
739
9345
2021
3662
5520
9542
3403
4259
6853
3721
1069
7463
3848
6693
4202
4764
3924
4780
1480
5202
6629
5144
152
4510
2477
4016
7826
2611
3924
8083
2554
3199
2524
9268
5556
5237
7330
2465
4691
4050
8496
6194
541
3102
3920
699
330
5137
203
8014
9579
4672
2032
128
2504
499
1296
8182
114
404
8245
1660
9207
2053
2979
5953
8659
4142
1623
6883
1635
2947
2076
8498
5845
830
5596
8516
3708
7566
5731
6533
7872
4827
4128
7768
6770
7460
2117
4718
9405
7399
5261
5985
5095
9068
8349
7838
3078
1663
4819
7182
8624
2729
4347
6047
7131
906
9793
8899
884
1397
5776
8117
8091
8215
6457
1123
1354
4437
1247
4364
7142
3393
7599
1448
7775
8120
7710
2318
2002
7292
6090
2022
6749
7705
7970
6924
3330
7814
6530
9229
581
2651
1078
1906
2464
2873
4815
2006
6646
8841
3732
3125
3731
789
3568
2371
2290
4125
425
2197
5705
3976
4849
9840
7119
6616
3685
9421
7870
8391
6371
4262
5908
3587
88
8608
211
1236
1319
980
2311
4486
1814
7676
6280
6792
5475
726
6101
5615
515
5176
3153
1623
4955
6976
8538
6648
7816
8950
6611
3601
5544
9378
1108
3683
9163
6547
648
8220
9492
6307
3780
63
3162
1060
423
285
1724
9718
5820
2338
833
9961
4076
6094
8972
2010
6225
1902
4782
7100
4421
8614
470
7188
9146
5726
2531
9712
6867
5702
6923
948
7582
23
6900
6979
3461
5096
2751
8119
5690
8889
8740
7310
3232
1984
904
5425
2200
3966
9532
5601
1273
1132
2448
1472
8425
615
7380
2586
9672
6294
7998
4878
476
1444
1415
1533
6982
1598
9920
8125
8819
666
8899
8634
3247
8194
9108
1834
7524
1404
518
6907
6033
2599
682
1644
5750
2692
3314
3461
6683
1630
1507
1795
3903
2344
6201
3556
8222
4690
7316
315
4748
6791
256
4817
3423
3510
2963
7528
9977
7835
2464
8733
5186
8474
5592
1834
9364
4711
1520
7109
1696
8068
6557
1144
4814
3288
3708
8893
3489
5529
9198
8486
2345
774
9201
4615
6178
6995
4442
5185
9818
6097
2509
7099
8432
4105
9519
3342
1880
9701
5475
6878
6379
3372
2289
897
1003
8552
5237
1245
323
3414
7651
6178
2813
841
7864
5968
7566
8251
5195
8358
1932
6529
6963
3337
31
7081
6770
6990
7749
707
7839
4388
6944
9865
7921
3873
5514
9756
4951
5319
9145
9405
8597
1186
8973
7189
8585
9473
4613
5202
2060
7726
8882
5806
6964
3244
8916
1405
1061
5308
9808
931
2408
1356
8435
335
2820
9292
8272
824
8056
8319
8917
3875
9898
2715
5340
3374
3530
4892
8493
8236
5504
9003
3873
5438
4757
6422
5489
42
1485
3693
8477
3658
1441
776
6824
9587
7835
8808
4064
1760
6970
1849
5132
5787
2278
3808
4735
968
4109
9831
3577
2670
6492
1538
4620
8915
6985
6141
9771
4691
6685
2340
2863
812
4399
5774
8723
6856
8555
9655
463
9288
850
1337
5459
5786
9627
9126
8265
247
3671
3205
9740
4876
2514
5062
6312
6770
8598
4788
5415
8524
265
2550
4394
7517
166
513
4313
6579
8761
1214
7633
4420
4868
7635
3932
5731
9439
4353
9135
3199
9180
5466
2188
6728
5816
8060
9944
2991
254
2415
599
6154
4534
7462
3299
1776
5274
6885
4236
1095
8744
2464
5241
2295
1076
3436
1180
9210
5317
4597
1716
6211
5216
6330
3708
4665
5250
520
7041
5694
7158
194
5616
80
8054
4458
446
8267
207
9743
1601
8744
1821
2850
1260
9079
8901
5510
6712
260
3266
1717
4317
489
9670
1961
2688
6112
7618
1134
2454
1859
3154
4129
8151
6386
1663
1044
958
2784
9816
8721
4300
1323
9355
8504
1645
6534
5596
823
7234
8725
56
2405
989
388
2708
5196
6140
9587
1838
5233
5436
1858
4613
1792
4558
437
9109
2408
6023
5269
5466
6849
9602
6931
8694
5526
3536
3529
9837
5762
2576
863
5373
9787
553
5831
5532
9686
4964
406
5977
9877
7846
3455
3924
9444
7771
877
3450
5292
6479
9836
2233
4801
133
9349
4898
511
9466
885
4332
2892
8452
3080
1444
361
197
759
6194
7082
6923
60
4664
4272
7801
3709
2900
3936
4848
9165
7268
5154
2695
2570
9593
1943
4715
228
2675
9895
7791
316
5356
7175
6020
1844
9282
4340
5347
9432
1436
7326
5511
3913
1949
8148
2473
7778
3078
1352
4931
5529
4854
9790
9078
5380
2701
3958
2470
4036
1294
196
5890
4835
3875
5128
4498
246
6874
2271
1418
2287
6508
9142
4635
8913
4542
6421
9849
8192
2177
4080
7527
5989
1861
4485
2029
2076
5274
9027
7324
4058
5110
8008
5128
9726
6419
2628
8004
882
3984
9775
3580
9646
9271
932
7435
3273
8735
1945
1405
1165
7560
1916
8623
8502
4355
7003
6179
3351
6708
6128
1055
4793
6944
1719
9397
7680
9313
7406
861
1597
6200
5608
5710
7817
1329
125
5515
4405
9458
2514
3866
6891
7614
656
4433
7344
1558
4372
7849
6681
8095
2706
9573
1766
7327
3111
9195
3567
9952
5610
7936
2266
2887
2429
6547
9270
2494
4678
8527
8696
8573
6101
9988
8767
4744
7425
2832
3094
4338
4915
8422
9589
6127
9998
5040
1380
934
4186
8225
3358
2374
3180
7235
6077
2496
9267
1247
1672
5938
6674
5244
6022
5155
5749
9374
3901
1674
6321
1615
1804
3865
3709
476
4321
4951
9479
2038
7240
3484
5780
4697
2688
4341
5752
5625
5627
3671
78
5687
2771
2208
4437
4852
1508
5145
9047
3725
3353
8423
8918
4452
2343
9553
6245
7471
1280
8620
7921
6058
7461
8642
8699
2455
4171
6018
2435
9526
5272
7360
6833
9807
7786
7453
2275
4332
8373
1105
2798
5764
151
9077
3187
5410
4810
9981
9041
6212
2933
6082
9920
495
7503
7038
6497
1280
7985
2992
5407
9677
999
4592
593
7226
6291
8749
8608
4296
2621
8641
9440
9896
6907
982
3756
8477
6313
9330
4802
9199
4726
8653
8088
8683
8586
3651
922
5240
7447
7109
3522
868
9388
6330
626
1325
6064
5523
6320
4428
7873
9276
2303
3836
393
1855
598
3897
2281
578
2783
2467
917
1664
7198
3601
7980
4470
5356
5634
4338
2595
9711
6686
3019
8866
2455
299
8454
6069
7976
2925
1092
3639
5455
3733
6660
1203
8915
1257
8653
563
6394
7908
263
8721
7621
8036
6630
7881
2664
4818
7444
8239
1578
6399
5097
477
2197
4905
1402
1221
4891
8237
6699
3813
6854
6614
2050
7896
7593
3043
6218
728
5064
1895
2032
4722
4736
1482
558
3570
3765
4493
7090
1213
391
5099
3226
3614
7936
1659
3150
5016
6604
2113
2521
9642
1477
2804
5813
1920
7899
6698
8403
1750
7948
3104
9972
7720
213
1126
9591
3444
8021
5815
7472
4113
6778
5158
5104
7289
7387
611
8215
8610
6097
3997
4003
2442
6963
4594
6739
7824
7101
7282
9324
1968
5531
9218
4039
4134
3847
2412
7974
3588
3277
4915
5921
7422
2248
9876
3378
5251
7195
6568
8504
4134
2574
6726
9436
6186
8274
5013
5038
8700
1395
6751
8250
8746
1193
9186
9005
2930
6459
3568
4206
133
2321
4838
9979
3306
6340
3977
5105
8686
2164
2300
8583
3577
933
8174
7096
5277
8519
5553
4587
7256
9281
9237
2305
9992
8906
4483
7306
2078
8627
6054
2756
7099
7220
9107
4097
4823
8785
3593
9571
6608
7881
5203
6903
5711
6107
5963
8812
8855
4214
4809
430
2967
2363
2136
9235
5087
2657
4042
7825
3983
4261
1810
2171
858
8203
7247
9558
3769
4597
1208
1532
9949
5039
3122
4012
876
437
8111
5435
5340
7634
6209
7579
5374
7542
6717
4902
9490
9426
9946
680
616
1763
72
3431
1975
8649
2877
3216
2054
5923
2922
94
5911
106
5501
9433
8276
1318
9584
9689
6209
7264
4766
486
2513
6629
5606
5294
5109
1875
2328
4417
4783
4627
6268
6333
965
2740
1874
2145
9120
6832
7843
3040
6980
1085
999
9988
3018
1074
8304
9979
4601
6275
6564
8403
8196
59
6024
5966
829
6470
5975
3682
6502
9496
7906
8944
2376
1101
4993
5230
5484
5806
9800
1363
3015
1517
9492
5023
1892
4269
3413
6165
1273
1680
918
9525
5498
5327
3543
5194
556
6864
2364
9293
2002
2023
3486
5092
9140
7227
5023
6203
3262
1171
4011
7373
5173
3341
3242
8623
899
2779
2177
1705
3619
6235
681
9266
4377
4914
775
8071
5896
7172
5290
6087
8647
7362
3684
9390
7950
7424
5695
5372
1050
3282
545
3954
6560
1394
682
360
5998
5601
2794
4126
2045
5480
7104
1901
6435
5433
1053
3496
9173
503
1110
5876
3417
6574
5688
418
7609
6945
662
7397
4852
591
3678
7381
6606
8784
1146
7742
1816
4401
4771
85
8458
234
5551
2569
9357
8841
7979
2114
4725
1981
2452
7352
9211
9680
3454
4962
7593
8705
8696
7754
6063
7886
9799
7658
2034
8363
3150
1669
2884
1361
2623
1476
5759
3414
3884
4539
2954
7684
1734
4312
7726
5129
3831
3687
3635
8955
171
2309
9459
69
8952
655
9152
291
2158
9701
6273
6022
4553
6289
3671
1684
804
8830
5806
5823
9112
3303
8528
7840
7731
8350
6803
4640
5331
5317
5731
2659
8401
396
2234
4929
6106
2008
987
4850
8760
7452
4398
1846
3456
1046
6533
4750
4517
3048
7565
1802
2010
274
8081
2576
5540
9497
537
6150
8189
9606
7903
764
7973
9453
5122
201
2851
3016
5267
4224
6154
1664
7453
3086
2855
4296
9410
8179
2838
3493
5360
9259
9171
9790
7666
7752
4766
2812
4115
4974
9257
6510
9437
7466
4251
9260
2303
3024
2263
5173
1310
5263
5414
9559
6082
9715
7920
7354
8737
536
8538
3594
9321
1445
8570
6672
6119
2812
2134
1531
8917
4813
7498
3824
6015
1234
1448
107
9766
5210
2937
8465
6174
6997
7682
7332
5170
7897
5026
6466
9399
3295
4807
6330
9470
7581
9601
4251
7923
9393
2686
8283
7795
694
1125
6674
7322
7862
8078
8465
4106
1101
5886
4753
3848
8901
6480
6412
3328
6164
2703
6146
3416
5918
1376
873
8338
5223
9580
5781
7692
1129
6924
7184
2337
5535
1229
6582
642
2140
1106
3631
655
6187
7721
1658
4127
5876
5942
9746
3392
8695
4219
7615
9448
4904
5657
2892
58
4311
2848
7137
1732
1898
34
9837
4884
7418
1718
3841
5115
2391
473
5323
8170
5625
6671
6078
5849
9860
4870
8186
5063
3878
7499
6030
1851
9473
5302
5879
1512
2832
6193
1138
2864
3623
7190
326
2528
1307
2790
407
360
4571
1365
3193
14
3514
2051
930
5224
1802
9414
9737
3959
1863
5971
5377
548
5693
7403
1548
6434
9702
5250
462
3267
5092
7291
5871
4103
4183
3534
1500
2927
188
3228
7404
9327
1123
1978
4346
4065
7563
7112
2419
6471
2796
9206
1357
6936
2896
5468
5041
7788
8319
5335
9335
7059
7637
7236
5661
1871
2850
7269
9620
7106
6479
9216
3720
561
4936
1959
7497
1224
2282
5906
8234
5608
6890
5560
1926
3179
2063
8701
954
5928
973
5013
306
2530
1007
7479
8996
5243
3408
3981
9027
5461
7702
4279
4241
2297
8236
1599
6645
2977
6923
5335
2645
8879
2340
2846
4879
5777
4604
9746
5930
7756
4884
9632
7908
7893
2324
3511
2423
7439
5028
1978
5341
1838
5863
9091
9948
9258
9812
6773
2993
399
6930
1883
4069
3777
1423
5340
3102
3469
5949
3919
8565
7995
8970
5707
1983
3040
5370
4983
7130
5007
2819
5841
8438
4079
3621
6266
9837
3592
5252
9918
4880
151
4819
6513
9024
2322
5519
9893
3206
4821
3173
4200
3039
2410
3297
7163
6024
1974
7412
3469
9922
6752
1345
6965
4929
4766
3796
1471
9031
8312
8063
4845
8728
3069
2179
7167
6345
8756
2647
4734
8314
1083
9192
1234
1006
315
8333
5123
7059
5037
7302
7036
9858
933
2641
8779
3940
8829
3768
2357
4430
1629
4330
5207
5019
3589
1140
6280
2453
4541
3116
9130
5872
8740
3706
8399
3555
9156
9460
4968
547
8967
3828
1576
9422
2691
2184
4551
6113
128
6597
514
5815
8043
841
5600
1278
6035
6892
5968
9479
7312
9570
334
5130
8147
2592
5284
628
4728
9640
7885
7646
5001
2626
5301
9467
8109
2057
7036
510
4093
6912
4873
8821
454
5807
9963
1846
9850
8030
3643
8772
9025
7724
9501
2494
2926
4044
9061
372
6044
2765
4279
3959
7511
3349
3638
1516
7430
6665
2606
5549
8246
811
8142
9036
9715
6705
8972
53
3583
3358
8940
4687
7125
2575
1372
2766
8967
3988
7095
5944
7859
9624
2489
7009
7028
4447
1889
1014
6805
7404
4514
3379
4336
8780
5636
1489
2629
4354
2969
4624
2278
6400
2025
1052
2191
5167
7390
5551
547
1067
8140
2387
5009
2781
8552
1426
4757
6454
985
9820
5531
821
7804
5588
6591
1670
6193
312
1040
7768
5635
1050
7395
4728
4149
496
6723
2127
7992
5797
2533
9957
3145
9065
7114
8672
2087
268
526
1933
2770
9650
5486
330
6191
7620
9687
6045
1832
1219
184
6997
6864
9081
3657
4171
3108
6574
6885
4948
5757
3956
5923
3318
6403
3935
7923
3076
1467
4068
6819
9336
9328
6525
6049
7628
4240
6551
1899
2597
7741
5800
2722
7693
20
9776
4781
8780
1898
7819
6202
9201
1250
415
8655
306
7116
7961
7599
4750
9704
9535
712
2715
1015
753
264
8754
4082
272
9856
4867
9124
8747
5681
1909
2034
8547
8963
142
2395
4586
3157
7148
6075
4828
6110
1838
9689
9609
8018
2434
9488
5151
128
8043
2059
7920
4744
4302
5802
8965
5770
89
9313
543
9434
5073
607
3301
1359
6231
4812
3231
8042
4871
3211
7134
2292
7948
7951
6662
9936
2723
4490
2793
6240
3498
3920
8128
1620
2389
3179
9049
3437
3997
8392
2968
5935
2853
9646
6811
5381
4058
2175
2271
4526
6454
2806
6184
4341
18
6208
7281
5054
6854
7096
4352
6412
4606
9995
7173
8016
6858
4858
2127
4956
7746
3085
3835
2646
4196
9236
4058
6520
3628
4361
1277
7892
3502
2417
5344
9620
627
8962
3808
3599
5518
5119
858
2472
3338
6190
5026
145
1746
1946
877
8109
5148
1620
5355
3010
9795
68
8388
1341
6767
4318
7166
4224
4531
1760
536
7894
8147
3672
3926
8568
6240
3058
8362
3176
3010
6494
6267
1402
5585
912
9109
3378
9327
7281
2685
1672
3893
2403
8190
6168
2537
6546
7813
3558
4169
7574
8661
8783
4503
4069
9272
1963
5264
4213
4435
9167
7018
2527
2405
4143
3722
5615
3244
5408
6032
9512
3396
1658
1519
7733
9548
8365
6701
2361
6710
7755
6819
7336
347
1603
3201
2879
1289
3918
8226
1950
1563
9554
6199
9974
611
868
8722
8412
3494
7754
17
189
9828
3727
1893
3213
354
8127
9663
8360
2246
6674
3782
377
1311
7782
3111
4136
878
4756
9929
3566
2900
1797
1915
3589
7178
3678
6077
6619
5511
7350
792
5557
7778
7544
4427
5023
6756
2867
2803
9777
5192
2847
7541
2574
5218
6603
6155
5862
826
6418
8442
6843
340
2267
2108
6257
8205
5839
8814
7231
9859
6982
488
2386
7249
7738
5492
1792
9302
6701
701
4345
1
3511
2213
2778
2587
6103
4531
2332
6497
3994
9928
5801
9533
2954
4140
1214
5952
7166
6602
8764
2078
3839
7573
1817
4949
5562
8725
4372
3179
1585
1
8341
3364
189
7514
8354
9165
4718
6306
350
4840
1090
760
9003
9108
3300
6961
1969
6072
7724
5509
1351
8684
9589
803
6222
9667
8939
5969
3662
7209
851
388
5831
3878
4821
6312
7049
1420
788
1356
5935
7058
7310
1998
4246
5773
5486
879
1740
504
895
4962
436
2816
2059
7126
9414
9647
1778
1885
1266
7059
9798
2200
3765
1673
611
6386
9732
6923
924
9462
8789
8660
384
9389
4158
1036
3084
6776
597
4901
2058
9142
3062
7712
3047
6306
1635
7996
6258
5549
1845
732
3279
9939
5665
2804
9420
2253
6758
6304
827
7794
5283
2353
4894
7626
6294
981
9377
6465
8462
1585
4737
853
7890
2526
3947
2204
7898
4814
4383
7476
1819
5577
3986
3224
7649
6296
7651
6732
612
4813
1317
9622
1933
5485
5755
9993
9554
5900
1891
719
3117
3
7913
5362
6987
2336
7644
8887
4752
4650
4269
935
3543
2158
3139
5403
9271
3259
4908
564
4066
3448
7758
8757
8343
5869
9116
8749
9687
1220
4820
1141
6772
1629
8901
1314
9333
4136
925
4343
7559
3251
2992
5034
6654
7760
5526
6097
8585
3249
7499
1897
8259
3459
3754
6163
9685
1204
4499
6315
168
8979
6601
1607
8585
8723
3753
8776
1638
6075
3972
4560
5525
7069
1469
3040
5827
2289
6942
444
265
2557
8485
7470
9819
9475
940
4196
4187
6887
3286
8951
4058
8139
917
8009
4798
3081
6057
6250
5455
7277
4147
8726
1564
173
9543
8830
3003
1925
1520
7698
3229
9891
2445
2728
3439
4124
7641
1932
1917
8361
4921
4069
3937
7090
5678
6623
3881
4981
6778
3865
679
4546
7679
8445
1810
262
5811
2216
4137
8818
384
3814
6984
2088
1384
9035
8083
7746
3621
960
3039
9022
6750
2744
2688
3226
9766
909
6717
1176
4383
4732
6272
1422
5644
906
8201
333
3060
513
5010
4059
6673
1628
3693
4511
5352
2651
3114
4073
52
8610
8437
91
523
3028
732
8360
7890
1400
6125
5800
9660
1397
9950
5061
2429
528
1527
4853
6686
878
2505
9284
2841
5848
9922
1485
6915
1627
1704
5588
7337
8952
7923
3204
8179
8591
2216
272
502
8610
8863
2200
694
9641
3478
8170
4856
6322
5790
642
6021
7939
3059
1680
6890
2926
5034
1413
2220
9055
1459
6617
3690
2981
5277
8619
523
7211
5768
1974
6278
2561
9654
4029
3600
6572
6907
9715
6479
7862
6676
5097
4045
435
7524
3029
1961
1282
88
4635
6728
589
2316
3387
8857
6573
8295
742
6133
3660
7986
9694
5205
9096
2166
5386
6126
385
6418
674
2551
9664
6748
7229
6363
8563
5903
2149
4730
873
4466
3268
4842
8311
5322
3709
8474
6820
5541
7369
455
9735
6759
588
8696
8219
1203
5747
9588
1853
2175
1277
7460
4050
3801
2403
5858
9383
392
2325
6336
2166
4619
1075
7030
8881
430
1748
2755
6943
2700
1783
4180
5024
1118
9988
3955
4639
896
3005
8391
179
3429
2342
2825
9857
3377
3534
3911
3874
9108
5657
8481
8237
3383
732
8832
8033
3423
1461
6742
9584
3870
3988
5457
5771
8200
137
8202
9510
1411
6699
8698
9640
5400
6338
7131
1378
4295
7875
6348
297
9063
7110
1919
2498
2362
1124
3021
281
910
658
1129
6925
5984
7493
2337
9883
1084
6705
3376
614
8815
6786
2929
1536
1517
790
6958
2200
1055
133
5959
16
4420
9005
5791
1433
8392
271
9871
5805
9042
5504
9358
1881
55
8877
4456
7333
348
430
9882
1154
4536
3285
8816
5983
5800
9380
3398
4823
3036
360
3387
570
2111
7925
9220
9318
2261
2751
7885
4434
3005
7523
2457
2472
2837
2096
1306
3997
12
7494
9868
2398
2450
6185
3340
2664
6828
7425
1831
9635
5844
5473
1885
2156
7326
8529
9156
654
1509
8299
8152
7740
1987
9151
1920
7278
7087
1795
1628
8998
9921
8539
8602
2110
3665
6224
4056
2367
3614
6800
1476
608
7818
5411
9504
9465
1762
4245
609
9171
9004
292
8102
3647
473
856
1381
9471
474
3241
8449
1029
8030
1954
8216
6950
1769
1217
7065
186
6017
2407
5603
1299
1266
9410
1496
8823
945
1236
2192
9963
3022
832
8202
3614
402
7873
7165
6656
1192
2215
7005
3581
9960
9455
9417
3370
5774
5261
2369
1259
8698
9161
5029
5678
2512
3267
4745
6088
527
180
1221
2777
2159
6787
9672
9758
4259
1088
3036
3620
5887
5040
196
9156
339
4038
4755
4239
8932
667
3990
7367
8668
8633
9713
6567
1384
8473
7816
800
1776
1319
4243
193
6211
3103
3397
3603
8080
1175
5702
9134
7105
2345
7867
3323
1410
3067
6199
5848
7008
7356
9484
8769
1100
1629
2682
6193
9262
6937
4920
9204
5110
7331
9840
5208
126
8171
787
4640
4444
5132
5470
2148
228
3781
7141
2233
5193
898
2396
2408
9844
390
2197
5950
5901
1351
4627
8944
3990
3926
6317
9992
9992
5818
4014
5456
276
9144
3961
4298
924
3361
4825
8249
6282
7416
2119
96
4798
3934
2117
8229
3205
8620
6583
9314
660
7100
2865
6120
7940
9301
9931
9744
4872
8673
5282
5087
1098
7436
696
2420
2979
9019
4043
7410
6121
87
979
933
4690
8053
1029
5619
9319
6995
8261
1616
5428
6673
2712
7469
1868
8857
5879
7439
5130
252
5871
5976
402
2411
470
4564
1493
8991
7432
113
5891
1477
5151
3003
5531
7385
2785
340
1470
8926
1475
6461
8338
7528
3100
3908
8403
4774
7492
7850
7555
4175
1803
1998
8705
648
6086
9099
5576
639
6612
8540
1166
3751
478
9384
2685
1008
8013
8333
3519
674
8598
4941
8466
4774
7568
5135
1323
4417
790
9412
1862
7054
6248
9128
8044
5303
156
2432
3645
6544
1714
2358
2365
4912
9509
8525
923
5580
7629
931
5356
4722
3505
4819
4119
6159
3833
6548
825
5533
8690
9090
3224
4621
7307
4807
8581
7389
3533
2133
6267
1493
9623
4162
1540
6772
4838
8129
4698
4002
404
9449
3290
8002
2408
1380
2021
4823
7915
7526
5393
6975
7179
7256
7501
191
9064
2336
9169
7965
347
3727
2547
4628
8247
6822
4102
6648
5463
3590
5549
22
8503
9219
9070
5463
2079
7300
9217
7985
4138
8073
9783
5002
4469
7801
872
7290
7875
888
6645
4139
1356
5393
4764
3024
662
2230
9209
959
4188
8001
5897
9804
9978
2053
7482
5652
251
7702
6687
9059
506
8594
5968
6050
356
3546
9597
960
3007
8641
8131
6924
3892
9840
6552
5709
6103
3028
6848
6206
8855
8485
97
3096
177
6387
7188
3662
7871
5183
7570
5567
3726
7203
62
8604
5725
3359
530
3367
497
5329
8433
5603
3893
7872
3787
1134
6367
4550
5471
904
3822
3143
2698
8526
8224
1266
9998
1368
8943
6499
4399
491
2187
4642
582
2475
9555
4572
2568
3489
2429
475
9617
8421
7125
8181
922
4136
7170
9982
2682
5841
5252
6219
312
3218
2538
4356
9870
2326
7760
3557
1753
1305
7765
8610
1613
9076
7962
4404
8997
6387
4839
2931
1913
8965
7880
2354
2712
1632
2212
1154
933
7998
1118
4820
7166
56
1300
9343
3990
3149
5477
4442
757
558
8288
7462
9189
4506
2503
2907
1581
4113
2802
7054
7867
6168
2528
828
2346
3464
441
5125
5459
898
6910
9143
3200
4675
6546
8166
6156
4944
3266
2261
4406
2383
2479
6036
836
9041
3213
5991
6483
7823
2388
8286
7693
2576
9491
9462
372
7397
9540
9355
7226
4290
6058
9912
8675
2937
4152
3581
1554
5700
1035
8620
6497
2302
1911
1904
892
8622
96
8074
1948
1537
9791
3625
577
8260
1348
2341
9081
9131
5450
9721
2573
4593
2406
9194
8619
5420
5561
7512
2766
2860
4613
3153
6921
7568
5436
4444
67
4500
6516
7528
4155
1819
39
9602
8253
5557
663
9101
7821
3886
6223
1825
8816
1971
5508
8434
955
8625
4586
540
7171
9548
6739
2968
8803
7145
9682
4478
1595
3944
5630
9991
8485
2497
9234
685
4404
7706
1601
7409
7285
7474
7447
6921
2088
2893
4474
9044
951
5085
9471
3659
4756
4505
7337
3814
2690
7628
269
7656
7978
5581
9665
6217
2606
2727
5538
4254
9033
9252
8901
918
5669
827
2821
5587
1943
6354
971
7379
2869
3010
1916
6587
6391
4854
5836
3727
1899
5295
32
3696
9858
9320
3057
2402
3081
96
2637
1401
2450
7513
7111
1424
4752
4828
9950
8037
8210
9367
6060
4164
7110
133
5957
2799
1551
824
879
2999
3025
6661
7840
9625
3593
1851
4915
4104
3930
2482
2069
9842
6786
5948
5420
2034
5963
5899
4118
5570
5549
703
6447
3707
7280
5321
8269
8539
160
4114
4918
2161
8425
8001
9009
2263
962
2269
9802
3565
8582
4943
4382
8062
5373
9394
7334
7249
4601
2010
4449
671
7548
1887
4442
5803
5447
7220
4681
8435
4830
7272
7957
1570
2231
3385
9143
1199
8513
2191
1498
3349
5664
9020
926
8864
7895
2158
427
7569
6751
2847
4403
1774
2995
1161
4496
1897
14
537
3645
9675
7212
6847
4289
77
6318
9775
6742
1939
9049
6135
8727
6086
4542
8957
5399
9564
563
677
7279
5733
1648
7004
7487
4917
871
3764
2758
2169
8282
5708
4029
4680
9216
8362
9453
3415
9938
2536
1937
1321
1808
3689
1158
8754
7393
1958
9694
5238
8551
7274
260
8306
2145
502
4474
7350
9274
1521
9439
4174
7839
928
1756
4908
6573
6014
3709
4372
2008
6120
3181
2148
3017
7208
6426
8493
2927
1035
5847
5090
2374
7537
2800
8892
5221
6801
424
4263
9425
6871
4191
5933
3583
1899
5232
2349
9159
6894
1142
8216
9764
7043
9118
9272
8664
6984
2839
6604
6508
2704
8630
3508
8548
3263
3670
6694
9649
1905
3213
2187
5489
9031
6186
1642
3713
3119
6907
7678
7186
6287
3643
7078
73
5693
2871
6665
5073
8158
529
8659
9339
2681
4254
3425
421
87
5051
4949
1001
2730
9165
6326
3932
4599
725
9000
5671
8785
1873
6787
1442
3971
5808
7826
7116
3946
5294
8635
6151
637
1805
9974
7585
9258
3365
6251
6925
1502
4434
1869
1104
4208
4651
1869
599
6522
1619
8220
8485
517
4360
6944
4939
9585
2009
3490
960
798
2389
4866
7504
5225
5358
6376
7841
8198
1085
9400
688
5671
2191
6993
5658
1414
6684
8274
2727
2213
920
6425
4128
6703
4898
7546
5777
6410
4507
6280
3322
2044
2513
3123
2751
4647
7097
5742
4432
2739
5818
8747
6642
9702
6630
3702
5484
2322
420
5787
8670
859
8888
9956
4316
7603
9045
4147
6008
4229
5369
9577
5165
9610
1526
6721
5768
7131
4704
6715
4817
3091
6050
5848
2008
3888
3771
5247
5930
9223
5527
331
3522
9873
2376
6657
924
1253
2179
6273
6309
9523
4151
1640
3374
5994
3127
6959
7839
6647
7065
8069
2233
5772
7783
9156
8404
2456
3667
7890
8023
1592
5944
1574
1493
4186
4267
1604
3604
5129
1392
7431
7466
5002
6553
7338
80
1074
9849
324
4376
8546
3767
4429
2923
1488
798
113
3579
4419
4273
4848
8727
6810
3916
2080
1485
5626
1334
2688
6553
2131
6162
3625
5916
813
7892
2419
7416
5780
8289
641
1143
2653
5823
3594
5068
1780
5547
421
7153
1748
2682
9120
7535
1378
1063
5037
3069
7846
4091
586
7887
1638
6923
8539
2447
9665
8619
390
1401
5429
7824
1419
4513
2718
4708
78
8655
5420
754
7827
1386
3055
7552
2644
6627
6338
77
4145
7416
9441
7776
4117
9929
5576
6208
6273
2247
5529
9938
8424
2072
6281
5341
7735
408
9673
2490
6734
8937
604
710
4974
5019
8377
793
9745
8310
495
3457
2769
5940
5455
5320
4454
8588
5083
4853
8048
6233
5306
7006
8445
2745
9988
6139
4647
4449
5824
4053
4365
2590
552
9629
7597
4838
4869
3961
7739
621
541
6521
9968
3059
6133
5096
7425
1755
1381
9006
1995
9255
9479
466
7240
111
330
8141
8817
3616
7337
4873
352
