1226
801
1048
9162
3851
3137
343
9671
7931
7809
8239
4320
5116
9049
9954
2779
6430
4694
2874
4567
5829
1705
7150
1500
5878
9324
8269
7265
271
1665
9353
6215
3296
7459
83
1298
474
7053
9840
6935
8978
2281
1669
3313
5937
544
4356
5566
3867
7568
1890
5895
2363
1149
1572
5484
5655
7598
9078
5501
1029
3976
5431
8102
2666
4200
8276
5538
8730
4361
8720
4160
4146
4309
6237
5443
2701
4056
9162
3347
3814
3440
2457
9313
331
4385
8476
3351
1723
8582
7163
8174
2652
146
4452
5801
8923
5588
7551
7615
4465
3240
9485
4550
4782
2761
6909
6155
8852
693
6106
3886
2723
9994
8901
1465
9292
8828
2154
177
2389
7976
1025
454
5976
2946
6052
8229
1064
4587
1560
5644
833
783
7530
1245
1306
9498
4727
1452
5642
8155
4855
8482
9140
1056
2696
3956
1953
9985
6035
3854
1529
3753
9740
5273
4013
9262
2795
8892
3556
5586
5778
2494
1023
9634
1387
8441
7563
2571
8400
1994
8995
3917
1462
7397
8032
2424
6118
4294
5854
8035
793
6482
779
8123
192
2716
879
6344
5070
1139
7139
5772
9282
5353
7935
6436
4228
1214
1780
3233
1067
3371
3187
8128
1577
6730
9800
2485
244
3186
9958
2407
4642
9841
1824
8692
784
1346
3042
7749
5439
5647
1466
5869
5436
3504
8742
4347
9274
208
5706
5870
6093
1104
9646
9928
1334
5621
5714
5691
1142
5421
4719
4289
2081
287
2492
2632
2945
6688
5657
7257
1444
2914
1532
7337
611
5063
9365
1817
6463
9619
224
9048
2762
9952
2695
9833
3935
9370
6145
831
5696
8986
699
660
4826
4209
4578
41
7223
8810
410
3416
7855
1522
5005
1637
8300
6515
1011
5571
329
5451
5627
6771
8981
4284
1236
2838
3914
301
3450
388
7509
4942
6896
2613
258
2905
5606
1277
8245
2595
6551
4773
7382
7873
642
6084
2074
6744
6611
7021
3595
6125
1886
9905
1188
3707
3719
6645
1562
1714
7664
110
7034
2828
2336
729
2987
1548
8668
9815
2256
8880
5205
4789
9885
5349
8543
9882
6642
5497
4857
1114
2105
3483
2765
5128
2328
5167
7301
9656
6916
7693
6840
6961
2594
5065
9136
1090
6651
4046
6073
6252
3643
6516
4297
1084
982
4816
9606
3916
3288
4714
3080
7679
3591
1434
6285
379
4216
6780
2050
6932
8506
8019
1957
6338
2114
1353
8708
2820
8820
3747
4033
2558
9452
707
7557
9902
118
9272
6013
9085
9760
4161
7030
8848
3177
7006
3489
4190
4182
727
4867
7676
7889
9750
2011
1316
2910
4895
5088
8149
3436
4640
1847
5587
7476
8627
5918
5727
6130
9712
8072
2865
2653
8159
3829
3569
964
668
3693
1526
9062
6099
8330
9734
9070
6491
2735
9404
2186
4847
8584
8583
9062
151
4959
4350
1402
485
7704
9762
2269
7835
1274
2524
8836
7579
8315
5366
7290
8246
7910
9030
8894
5413
6683
7508
6404
4582
8196
5788
4777
718
64
9839
1959
3389
9806
4916
7632
5056
2839
860
6970
1055
535
2099
3960
2790
2554
6370
5489
3057
640
306
9568
129
268
5003
8215
491
6975
5034
656
8400
9467
5713
6737
4983
9703
3544
2939
4293
2335
2609
4080
6911
3828
3321
3534
2951
4151
3659
3132
3154
1725
606
4512
9834
4384
4175
5371
9599
3923
2921
498
7208
9295
8000
8314
6007
5358
8254
1918
7947
8147
4629
5984
4383
2052
2067
3914
2479
1382
1859
79
9851
4564
2623
3444
9492
5787
6515
3684
9012
4740
2142
8436
6794
4206
7938
4020
3922
6424
4298
7966
8084
1833
4619
3631
1907
6412
4163
2207
3045
7115
9006
6655
2066
9094
9672
7309
7653
2544
5485
5863
2719
2359
971
5450
5883
1006
5705
3493
7245
1192
2401
5007
1844
2883
968
6626
398
3103
7791
7858
8155
1450
6786
9566
2185
201
9165
8674
5550
1653
287
7286
645
863
5670
2775
5599
6625
1322
1424
8762
163
7382
8149
4112
3847
7872
2907
9462
7137
4170
9495
4197
9366
8609
786
5734
2657
771
8165
1509
9068
6846
4855
5576
2033
451
6896
9897
9196
905
7145
1007
1404
9549
4275
2875
6071
7495
5936
5774
2663
3081
881
5848
869
1136
6749
811
3360
2973
1771
4606
7498
253
733
3997
1184
3060
2537
7886
7123
4313
725
8511
6952
4587
3326
4634
8712
6401
6740
5594
660
2206
7414
8872
3306
6467
6053
510
4589
2559
6216
8092
2019
8754
4572
7497
6704
5103
3845
4321
298
2751
5894
5965
1130
4450
7625
6961
5534
785
9947
6750
3005
9295
6311
2824
8072
350
4765
9441
6425
8861
6815
7492
8987
1215
1448
1726
7814
2567
6153
2679
5669
9519
5026
9519
726
408
2025
163
381
1516
2794
3806
9445
3807
6539
9132
9493
3892
2938
3498
7498
6332
1653
9529
8182
601
1110
8642
8853
4737
5929
1939
2376
717
6220
6679
737
2497
4802
2580
7865
7030
5411
6350
945
9491
8644
7449
1603
347
3198
5356
2068
3759
1886
3712
8248
6340
5640
4535
3554
9663
4136
2426
1927
989
3511
5707
3854
6527
9239
9449
4486
6035
1388
7762
403
2670
806
2787
1831
5397
671
3210
7305
4522
9309
3933
4421
1875
7492
9459
432
5319
2251
8879
9014
6386
3658
2798
6337
9528
9741
5398
7544
6310
3255
8862
4466
5364
9271
8093
3397
2518
7679
7274
1520
8898
4519
1906
9681
8284
6877
681
3571
5420
4390
7047
5480
8754
6982
3220
5871
7072
2280
510
7442
3189
6362
3926
7039
1161
5929
8684
961
5492
3300
5599
1498
8346
3279
4966
8063
6849
2231
9292
8176
8227
3036
5878
8579
750
3856
5648
2156
9977
8299
8262
2250
6962
8616
4287
6736
5106
4880
2931
4991
9633
1473
8733
9165
6438
1722
411
7749
7575
7334
9090
3403
143
3714
1343
9673
4285
6189
584
8538
329
1323
2433
9170
3617
5910
9707
7913
7282
9665
3862
3971
995
4778
8295
6413
3530
6924
5973
6437
3954
4206
1310
9830
7572
1244
7622
1695
3234
896
4671
5567
5795
540
1300
4752
5320
2470
9231
7261
1229
8656
5259
5329
5355
9604
8723
877
779
1849
9545
3669
6501
9956
3395
9751
870
3181
7216
4473
4976
3788
1673
9103
9611
1681
930
6598
2457
8782
1567
3312
1592
4769
6900
5964
5056
497
1300
2849
3436
1076
9611
6375
533
9402
7399
3042
6682
3210
3009
8683
812
5576
6778
8589
9942
7583
1984
7337
6378
7952
9536
9479
2006
4151
4181
8794
5621
5911
414
4894
7953
1842
9406
4080
2022
7062
2285
6666
3187
1463
6556
377
6954
853
4854
829
9367
6986
209
3741
1805
1538
404
6485
4107
1079
7827
2541
349
4200
1157
6119
255
5862
9207
8276
1212
9499
9513
8003
2789
7623
4550
8855
8046
3800
8257
2036
7266
5717
6922
3638
3590
2055
2048
8334
3003
9125
4449
8490
3629
2650
1853
5632
3225
4581
1273
4151
8779
3389
2655
8162
2309
6495
7986
9449
6795
6054
7775
5381
6107
1525
1167
7032
1387
1171
1481
8487
347
292
2484
8598
4105
8640
6170
654
5363
739
7512
141
5414
7600
979
1818
6149
7987
3156
7075
7894
8449
420
9653
4279
7774
1987
6775
6766
6475
6369
6052
8462
6777
863
4211
8452
1135
160
4628
3249
7011
2634
6186
9235
7337
2729
8927
5899
8870
9810
6456
2515
8591
7524
6935
9993
4307
8730
5335
6500
6753
2573
295
3704
6231
9543
5334
4884
3369
6995
9175
3288
5434
9888
3457
8499
2298
3188
7430
8443
7885
2077
4878
870
9587
8867
2335
7269
9065
3225
4763
3697
1131
7506
5175
8301
4116
8048
6723
9147
4100
2167
9690
9147
7548
5953
9144
4861
9609
8794
8771
7799
8971
4812
5383
755
8257
7109
3682
2048
9571
5524
2633
5097
7660
8434
9477
5074
1442
6813
2766
7550
7218
9088
1010
238
861
286
2705
2868
761
3326
4408
9125
2565
800
6969
2269
4510
2718
7731
6733
7879
6926
3187
4463
5896
6739
4279
6858
4069
9379
4731
1537
4521
9619
6850
3189
1440
6334
1778
2699
3454
149
5148
3609
3951
2448
3334
8649
2892
8386
6471
3104
6326
5627
7039
248
2451
9816
4128
1641
5634
5493
317
8343
6972
8770
6606
8949
8233
6259
6717
8215
5436
3825
2400
4709
6973
7166
8755
2203
4369
5702
753
1773
1351
592
671
3000
6881
9748
7429
6996
2973
6823
9226
4150
6159
8802
6747
3697
5406
8465
7623
124
5128
8599
3082
2591
6690
2638
7924
3783
8511
1308
3077
4601
684
7233
7192
6227
9734
3405
8665
7390
1401
6414
212
2496
8967
3847
5916
6333
1809
7709
5412
3518
8020
6379
4685
6122
5507
2149
4669
64
4156
3561
3240
6359
2378
241
2430
6877
9047
3765
1713
795
9916
7102
8625
3177
550
4870
1109
8958
6710
8938
5368
528
4198
9697
8574
7786
9187
6134
4770
4236
6699
4081
430
6651
3572
2821
3093
2921
8999
6322
4992
63
5303
6250
1779
7479
4178
5153
8379
6503
7123
77
5687
55
817
7821
1568
3332
9991
1094
6583
973
4801
1561
9001
6490
4608
9552
6625
7036
7962
5767
1226
4543
4289
9703
351
2941
3022
7885
1906
4892
8682
4890
2965
9911
297
5956
9400
4331
1459
2025
2239
5767
6560
595
7999
9719
303
935
1494
5498
7764
6936
6468
8094
8236
2744
8425
1630
1518
751
7596
9298
7311
3028
1862
4276
4290
8664
9401
2771
5850
3970
304
2064
5918
8181
1652
6390
4696
8989
7975
3991
585
7800
5489
3009
2365
2162
1445
6319
6918
7081
5056
4443
7960
6383
9821
7090
2544
2606
3175
5856
7697
8038
6172
3690
1229
3345
1851
1803
8349
2647
1386
6054
4237
8477
1846
7498
3751
1801
6471
2739
3930
1185
1375
6077
4119
3697
7856
5348
2007
7146
391
2839
8252
6536
3113
5227
547
9036
5128
2091
4659
1368
6753
7500
1557
2410
6198
8143
5727
9903
211
688
9679
5081
2351
6124
896
9579
8145
7519
1772
753
3500
9227
6047
9868
6457
7412
8947
1739
8912
7353
1437
6101
3922
6989
6292
8035
7413
627
8361
7371
9485
5800
6215
4567
8228
6426
6040
3555
406
8087
1906
549
5211
3152
109
7016
2081
748
9857
5104
5110
2153
9600
914
2463
941
3101
1676
1112
4235
5208
5103
9465
9232
7944
5869
2400
1581
867
3645
1553
8160
8125
7788
3495
9115
3882
6957
2629
1302
8562
5905
3790
3567
912
8450
7837
6240
2294
3753
1810
5833
865
2127
6106
4364
8357
8113
7354
8472
9269
6188
359
445
5761
5528
4628
111
9100
9090
5193
8229
2280
4817
3245
5776
6353
7001
4656
1049
9491
5278
7096
7491
5608
2000
6
5056
866
2597
8019
2320
5553
341
940
3939
4162
9535
2007
7264
5765
936
9569
3758
665
5059
2982
2079
3542
2220
2140
2477
9206
4831
2701
8044
9888
7286
799
5520
6115
5183
5201
7415
3196
5979
8532
9206
7684
5843
292
4194
1145
9446
3377
2869
1928
4109
5806
9937
7619
3279
3845
3168
1476
5952
7717
9369
7806
5828
7578
2559
7980
6434
3592
6387
5130
4515
1267
7146
1580
9786
7085
8890
5950
1341
9517
2734
8568
5842
6344
7896
3758
837
3359
5814
4290
1365
8949
4717
4086
7935
9851
370
5234
9457
9978
7672
1294
4065
7069
4707
2717
870
5480
3835
198
8948
7912
3740
6848
341
2441
7434
1497
4995
7790
9170
6227
5730
817
7164
7195
4410
2631
541
5288
8082
4158
568
2317
6456
8309
1252
8842
6157
1305
3769
6405
3181
3112
2036
3969
620
9348
1146
8696
4108
6406
7529
7739
9819
3579
122
5154
9145
3008
3539
1154
152
1797
5929
3034
1548
9825
2002
8089
1505
419
6297
705
5660
5231
4602
80
7818
7597
6797
1089
3588
7882
6287
2638
9572
3337
9036
8431
8914
6394
3642
9412
2919
133
7006
1450
5970
5508
241
7022
1320
9770
1757
3852
822
4179
5842
8802
6835
8265
3254
502
5569
944
6248
4448
2930
479
9477
8101
6774
6827
4532
1394
6258
5490
5116
1057
1869
2849
5653
4459
1445
8498
6075
8410
5135
9798
5759
1626
4346
155
4857
3147
8548
9962
2392
4037
3431
8016
4665
7577
1868
2470
918
1856
8927
9167
4517
4003
3858
7949
7906
8309
5276
4561
6519
7713
1034
7181
6951
2731
8885
1544
7802
8598
2500
4893
9490
226
1464
4720
5869
3247
9989
4367
3651
9794
5345
8800
3871
3155
2197
1996
3531
881
8432
5176
5843
6403
7019
8844
5884
380
8711
6675
2126
4921
4771
1581
6651
1674
5113
3684
8452
442
5144
4729
7217
525
6364
6202
685
6774
8761
99
1701
34
5703
9965
8405
4516
2343
9239
1235
5070
1060
1280
8535
3816
6037
8159
9783
1744
2303
9199
9042
1967
3767
5898
1538
4372
5972
5264
3156
1263
8435
7940
6132
6924
196
611
7489
1385
7170
8962
9215
7926
9872
6500
9900
25
1647
2885
154
4650
6060
2837
4699
2898
6150
8836
875
3915
6573
5398
7703
7347
2214
7140
4811
2291
4763
2399
2713
3078
1663
9409
4070
8553
4079
3714
4750
6142
8420
4307
7224
1868
3909
427
3204
9702
9722
412
5968
8790
9259
577
8490
7030
7622
1142
1392
8523
6576
388
4067
7903
3379
4424
1098
5001
2613
5886
163
6299
5897
1103
1220
2536
9439
1060
6288
2928
8582
1158
4213
4457
5362
8372
9937
4107
6377
5344
3589
137
327
4759
9794
727
1825
4282
1200
4028
5254
9821
7470
661
1282
6940
5523
7779
1644
9701
3043
3395
5839
870
9565
3929
5830
948
2977
3576
3824
5861
1231
6511
6340
1739
7130
9139
2958
2893
7004
4405
5862
2227
9107
5264
2482
9614
9609
4418
2802
1825
1681
7236
2201
3872
5757
888
5403
7940
653
5406
98
6184
2386
8451
8251
868
2432
3014
8269
1923
7809
1464
8617
339
9367
2544
9309
9672
9098
1784
4115
8013
655
7271
8183
6584
9369
2940
1909
3993
1241
8292
7760
5183
7249
3352
4784
7031
503
4854
4755
4626
7061
8346
7460
2705
1564
4504
8312
1551
9
8745
2597
8684
4480
1472
2701
4754
1621
712
6841
886
8698
9516
2929
8524
2817
4194
23
7063
1427
9060
1107
108
3098
8349
4201
7234
4649
8461
4823
5144
6475
5721
7610
4450
9736
6690
7040
3938
9076
3696
5385
4319
3458
8314
55
3205
5447
7141
6020
1816
6728
231
9506
3654
3381
6823
2413
3049
8111
3539
2285
7045
6308
3260
7704
4596
8604
9602
612
5995
9548
4392
9754
9881
2455
4676
3014
7260
5828
8501
379
5759
203
5793
9043
2084
3881
3338
932
4202
8916
7037
1503
4123
24
2775
4273
1173
7983
6563
4924
5187
6783
7556
2784
5431
4765
3260
9859
6
4687
2871
5104
5552
2671
2119
1915
6106
5468
444
6787
2602
9563
8848
4464
414
4074
8556
8475
5002
5205
6906
3805
284
354
7753
240
2669
6598
3702
225
983
2778
7118
2311
9805
3161
5116
6910
8524
3696
3776
6796
908
872
8447
788
6338
4832
9121
2009
5398
2162
5275
2778
4523
1752
6345
812
656
8280
8872
4517
8483
6891
8253
4852
8765
6843
8758
9999
1326
6538
2395
1428
3013
8608
8047
9697
4763
2188
8889
335
7213
9547
1050
7400
2389
1911
8938
6457
6628
9622
3028
4931
4206
276
5258
2860
9633
1163
6326
5058
4979
926
6703
6256
4360
6709
9396
4601
4109
1203
9320
5296
2548
8691
7626
7098
1532
1281
4703
7852
5115
7285
8878
3662
8315
1785
5864
7089
5599
476
2307
8988
2961
7232
4018
3090
7017
5181
3906
2272
2764
8904
258
6402
718
1631
6080
9861
7061
1467
9932
9239
1660
8776
5484
251
2384
2144
5276
9000
3083
8067
5103
5073
8490
1619
7126
5887
9437
1884
1836
3691
2299
4417
5324
6104
4656
2417
3279
5132
4484
9289
2534
1919
2120
1955
464
2461
5567
3515
9032
1286
5511
9378
3231
8036
5556
2812
8609
4572
7063
4516
3990
8653
2128
5312
5752
5622
1101
1247
4380
1076
1501
638
751
8201
2933
7658
350
5352
7726
6079
3346
7965
730
8975
7750
7338
8625
7551
38
3627
5868
27
8822
3003
2829
5402
9100
9232
7097
2540
5179
4769
4675
416
3773
2103
5079
529
4300
2129
2127
3568
8509
3042
1285
478
9113
406
2870
6816
7881
3074
2271
6101
1102
312
103
7811
3691
9098
9465
5837
8847
1222
8732
1313
82
3231
6416
1085
5132
9532
5096
7442
8956
3194
3886
4001
4716
8573
8615
9922
4159
5283
7749
7364
5059
1849
6451
8670
6169
6808
2464
5108
3469
9799
2491
5030
2420
8340
311
1522
4546
412
8891
5561
4646
1847
1609
2798
5458
9298
2648
9259
7578
2164
3473
4494
5560
3698
2531
4209
202
862
9123
1959
7609
5129
5539
1522
6710
2425
3565
8162
2019
2742
1533
3144
8012
1887
1753
1992
3952
282
2813
2077
3888
2904
8695
6278
8226
9334
5436
5758
994
9104
9125
761
4790
6096
8969
555
3133
6564
3480
4947
707
7566
8914
6340
5075
8676
1858
9348
4442
2568
1354
9277
3059
5602
4700
9168
6645
8537
3810
9914
5541
4274
4010
4031
1545
5807
3074
6819
5627
4456
3148
2616
4198
3382
2094
8209
7664
1836
9480
9764
4371
2705
6003
4894
8521
408
2371
6961
4052
3521
4472
393
1400
9096
4215
6220
7078
2346
4640
4655
2725
7480
3292
7173
2159
8661
3236
6242
4117
41
3905
3694
8480
6728
7115
7046
5798
7485
2752
7148
4820
575
484
8558
8494
3670
8143
7620
960
7799
264
2563
2224
9274
9516
3102
3187
9709
8490
8781
9480
6337
7022
5766
2917
498
792
519
9676
8244
5688
5509
3113
7865
1529
1054
2139
9568
4839
7627
2572
759
9262
9330
6239
833
688
2216
3717
4098
4099
2020
8636
2007
6021
4494
1749
1730
748
7302
7136
3299
6863
8321
4998
3459
330
4477
8163
8938
4098
6358
6686
9824
9894
8882
8342
1361
2733
9958
8859
4857
6754
2268
4341
6366
3609
3020
6197
8509
3341
7687
3271
8141
9399
7394
432
320
5981
3375
4778
9496
8421
1032
9849
7862
5188
8629
4729
6941
1671
7469
102
1029
2589
7032
1976
2412
863
6595
2745
1255
5117
8493
7556
134
4679
6254
587
4245
4116
1640
2901
3582
8754
7061
6690
908
187
3840
9228
5899
3137
3680
6717
3723
6758
8526
3655
148
6666
967
1140
6579
2577
7277
5946
530
1360
8329
458
7941
2244
5467
6742
4865
8432
7554
8653
8791
5281
7270
8692
2798
2783
4114
8738
4751
4498
7888
6232
362
6254
6573
5867
9317
8925
7307
7663
9557
8216
1685
8578
8869
1922
9709
6627
4643
7248
4818
5485
250
1769
2109
7764
3850
9638
1610
7034
8052
8997
9123
4318
7969
2576
1048
4802
6195
3157
411
6167
179
5170
7672
8487
2408
8784
2146
4783
6745
8328
6633
103
9914
1750
7479
3087
6243
9401
6441
1576
1951
2627
5515
717
2031
9588
2828
5804
3326
9661
4113
9284
6816
6259
4213
9068
7715
4019
6558
7822
2712
6892
3579
3374
5179
8365
2665
5947
1709
7052
6485
6657
3251
8640
6700
3641
7223
1068
9550
2382
3468
8393
4880
1644
4496
8094
8417
5702
1866
4511
6549
436
3122
3695
5725
2408
4944
5891
8487
5291
2124
3988
1377
2425
7573
2576
7273
7814
9277
9486
6592
7291
8865
5565
9310
8273
1079
8488
8559
1225
1968
9959
8042
9429
1788
3893
9426
7687
1901
5594
7397
8244
292
5284
1297
2676
712
4135
3351
8712
933
510
424
6968
7616
2204
1421
8489
4633
3284
659
2296
5561
8673
5362
1670
5147
4355
8078
7487
5735
1447
8838
2888
8297
1617
4218
6005
8944
521
8906
1508
8211
4735
4794
3081
7278
4044
6945
7431
106
8758
5377
7336
6410
9392
1393
8729
5585
8156
2037
1141
7170
2542
5215
3949
9023
8478
8719
640
6579
3081
6278
5037
8139
8709
9960
2082
6702
8463
8320
2351
3854
9523
5981
6220
215
5431
7674
980
8900
8341
7900
2157
3873
6179
420
2501
6314
992
9860
747
8115
829
7535
4118
449
5061
9240
3766
2277
9114
1132
8437
5833
9294
156
5194
2195
268
3171
954
6630
3585
3430
7611
2616
2377
9785
2358
1007
6026
1438
6408
5764
9015
6232
8662
2489
9090
7774
7834
6054
5714
4106
5742
1279
6220
9233
1780
1890
5569
1086
2639
8061
3940
9959
7394
5996
7046
3537
355
5600
7200
9536
3324
5099
1068
4614
302
5399
4593
6716
7569
1110
7049
9598
4701
7348
6608
449
318
8761
7835
7184
40
5212
7539
2196
3255
4593
3053
3570
4256
8322
6247
3406
4298
6187
5456
7693
8403
799
6021
9656
4352
6777
5508
2092
6405
2077
9439
1086
5613
6076
6542
9677
3431
198
1025
1984
5933
7210
9953
8174
3746
5961
4562
3868
2327
153
6040
2512
4666
2389
1762
3637
107
5826
231
984
8764
60
8459
238
4629
9246
7374
2504
9474
2065
7426
2175
4921
332
6088
1034
7963
4329
165
4703
8999
3801
8166
8197
8853
6173
109
7687
2470
5989
4486
2181
7413
4918
9659
2453
3466
4084
2367
9239
4427
4912
3979
1621
4303
8234
9460
889
5313
4535
2149
3193
1917
9789
958
4702
4890
7484
9993
1619
6948
4375
2740
344
4277
5904
2544
757
6031
1521
3253
8620
9464
8326
1984
9463
1347
6905
858
5457
1703
2549
2422
1905
8254
4876
70
5872
6316
5684
763
3964
7210
2572
3591
885
3710
2108
3280
7108
5289
6714
4548
5180
8140
3705
260
7832
9416
9692
7646
1556
9985
7289
3867
5144
3678
872
17
7807
1167
2026
9430
310
5195
2759
626
847
8869
3519
7039
1269
5259
7314
7952
3386
2315
9100
6987
5613
674
9208
3444
9367
7011
4565
3224
180
9296
7446
8995
7758
9047
722
7902
2533
1116
2876
7384
6716
383
8862
5856
8877
3834
7070
1084
3228
1178
1843
6089
6968
663
5680
2944
4782
9185
6974
5793
1384
8441
1161
4095
5507
2905
3041
4040
1134
6929
9840
5663
5694
2415
1099
4759
7118
5402
8594
238
3780
1419
4289
3763
2815
1593
1561
1798
9532
1040
6009
9323
2776
7004
3653
1707
9168
6776
153
2695
1300
7805
9239
617
6618
3737
1612
2585
3246
3342
8753
9224
7399
6868
9100
6845
7877
9277
5287
7994
2119
9602
1864
7146
7961
9023
5232
4793
522
935
3600
9632
8299
3557
5780
2859
2579
2673
8387
8233
3280
7868
6751
9663
5545
7512
3991
1322
9871
5382
3052
6415
6513
4493
8177
4960
1294
2164
3835
5230
3012
6540
3432
5558
3080
3469
9276
185
5887
5980
3702
8907
969
8197
9553
2648
3341
2443
7910
7278
9679
3065
7983
5835
8015
3812
4583
4980
3739
8463
5901
1262
2100
9690
2342
1021
8014
3784
5970
4279
9200
2668
5943
9332
9644
8320
7162
1973
5769
6785
8445
2093
7307
762
7314
32
7828
3995
4077
3847
644
501
4343
3661
8156
261
7343
7898
8385
1307
9867
8121
5483
2583
7276
2823
2445
6143
7007
7803
5423
3486
9712
6429
4230
7596
618
4996
3846
6278
8201
8735
814
7290
3856
8767
2657
6642
2021
3632
373
8842
8586
6483
3188
3567
5320
6169
32
2583
9252
14
7188
2615
1603
8591
9765
4116
1450
1065
8391
9961
8093
48
2908
3714
745
3064
7863
6051
7294
7348
1951
8505
8276
8073
5663
3386
798
5421
314
6875
4732
8450
2843
9294
2090
4265
4779
1942
38
4804
9340
5801
7711
2173
9362
5344
9017
5452
2498
6302
9901
6137
4050
9579
9404
3470
9439
7532
8260
4552
5662
8048
7468
26
6106
905
4665
9214
9292
629
2227
6889
89
5385
9394
5434
1413
9385
178
4703
3621
5846
9525
4035
3698
8836
663
120
2281
1783
6413
3261
7552
6266
3447
1932
3955
91
9653
2883
6604
5206
7445
8652
7489
3340
1594
7979
696
48
8344
5556
37
6079
1772
8471
948
7161
233
9593
8225
2416
6941
5760
5988
7756
1282
7082
8523
6344
3360
2139
4960
925
2239
3697
9450
8232
3418
6037
4655
187
2720
5409
8118
301
8821
1288
2490
1470
5973
9079
4139
6700
9288
8838
4591
2187
2784
138
550
2324
1231
506
1147
5037
6358
9244
7798
6289
8760
6940
4878
1819
9966
2472
2940
212
1475
763
3530
7399
1087
3380
7051
9150
4049
9826
4932
923
2582
6846
4472
1460
2358
6597
5281
4027
2509
7009
5402
1113
2519
6739
2074
6567
2869
7103
3594
8249
652
83
4456
9047
4380
6549
3812
6313
2206
3033
2887
2319
4135
5708
1300
1354
8937
6271
1175
6923
3385
2867
314
821
5595
1662
9254
5921
1865
3784
166
7455
8499
469
5894
3267
4912
2270
5179
7315
7554
2430
4365
7900
3848
134
2319
3756
3437
349
592
5824
2237
7000
2409
6442
2920
7682
1686
3182
1791
9928
4882
4361
3420
8868
6682
3711
1246
9283
2228
3744
7681
6453
9273
982
636
5761
573
9517
8948
5106
4032
8991
1662
5522
2460
4347
1074
7570
2350
8881
8779
739
1282
4125
9322
9476
216
5646
7931
1912
1779
3538
8143
5411
3103
2528
5480
5553
3986
1057
5363
1027
1755
9259
3232
4487
3703
4284
7181
5250
7683
9759
3328
893
4044
8542
7011
7946
7362
661
90
1169
9563
703
720
6411
7700
5935
895
7226
2753
9692
9679
9875
390
4074
3445
7129
3134
625
3741
3863
3416
2988
819
9578
5746
9969
8730
6713
7758
2136
783
5426
7809
3353
5688
2786
6810
2566
1334
7648
3776
6946
1178
5430
8020
973
6068
6189
8949
1102
2038
1252
8946
6652
6311
6942
2538
2712
9571
3013
4959
3306
6480
1662
3401
7718
1819
7387
3655
2571
1745
5910
4769
8840
8986
2545
3913
9979
3487
4071
3119
6744
6892
9982
851
6418
3137
1068
1334
3033
3794
7075
1737
560
9758
8171
6807
4121
397
6730
9631
9280
579
7842
9
8753
6257
7159
5785
5206
7162
8075
8353
1313
3635
5720
2113
4818
6852
3658
8618
6614
5179
3126
2881
6749
8368
8651
2399
8790
2498
9828
6788
4297
6496
7430
3995
7856
7685
5452
889
2435
4394
6173
1951
9119
7375
8391
7088
4962
21
2714
6188
6405
7010
4915
8266
6902
9751
4243
3188
9665
1102
9884
4156
4283
9517
1576
5677
2107
8232
2325
9100
7670
5939
4209
397
6917
7188
7918
8274
7668
7079
2866
5790
6297
3259
2413
7768
303
1802
472
8027
6959
2822
7847
8906
1258
5870
5274
5313
6117
7760
4294
8070
7186
9128
8234
1919
5943
1655
6513
8973
6685
8143
9172
9893
2214
6698
4793
2928
1452
7323
364
8504
5011
9996
2344
3939
10
4454
4721
6364
8051
7007
2657
4844
3036
8190
8270
3176
9929
8506
3669
3268
6512
9248
1269
3925
8225
7267
1754
5044
7264
254
9780
8303
1728
5109
9843
6665
4430
4426
850
5426
9511
9467
269
5073
7463
3592
4368
4045
8655
6434
4045
9883
6418
9775
8169
9234
9244
4666
6788
6250
4096
1832
2436
2387
2844
3685
253
7986
1083
7101
7135
7318
231
967
5739
5049
6168
5067
7875
5714
4782
4659
9949
8087
2471
8064
1764
351
4989
7684
3132
1734
2895
4044
1856
409
7402
8689
9913
1393
4276
1556
9725
798
3973
8662
5841
3096
8851
954
412
8506
8920
2898
2122
987
1298
1510
858
6497
2407
1139
9077
218
1346
5727
3835
7109
895
6107
8268
9691
7550
5618
9007
3196
5719
1518
5347
5667
9547
3802
5215
7611
1635
1793
520
59
1864
7557
3903
8332
9358
5228
6788
8428
3325
4197
7595
8011
445
5560
3817
5363
6669
3260
3499
149
8176
4786
1411
1853
2230
2414
1857
5959
1922
9158
7994
2475
4381
4706
6855
4356
5830
595
1420
7455
6163
3041
6627
7519
6697
4109
4564
2205
789
9141
6244
3308
1333
3014
8104
8955
9973
1099
4964
291
1545
1267
9508
7776
9940
5233
2437
9037
4643
1213
8337
280
4410
3688
7286
2180
6936
5900
7746
3437
7017
3202
1517
567
7000
6365
8307
7407
3983
7940
7261
8963
7869
3613
4122
2061
3762
629
9119
8698
506
2172
6856
8617
451
5965
8025
4719
4909
9483
5943
1896
4910
6998
9580
5896
7087
3581
1994
9471
2406
2158
3087
234
6064
1177
6161
4102
2683
6178
2311
7248
5037
6101
6804
9848
6101
420
833
4052
9052
3788
7877
5761
8007
902
9971
9124
6044
6361
9169
7278
3599
9676
2464
3246
4408
985
4685
9920
9906
8126
7171
7091
4610
29
5130
9753
9410
6115
1552
8775
6601
5429
2898
9196
7193
470
1784
8847
7989
517
250
1937
8365
7651
1171
1233
9767
6899
7553
2926
3180
6330
3621
3399
7804
6278
9917
5326
3134
7467
7003
1228
2457
9128
4610
3934
4616
841
9085
7164
5165
9365
5468
106
1109
9095
3131
5544
6307
1146
145
3476
1052
5997
2034
7215
271
166
3505
7869
9503
5634
7206
8678
2990
4059
1960
1177
8615
2067
6711
2145
7560
3885
6280
4463
1723
4571
3406
3910
3439
7265
9617
6694
3496
2056
1134
6513
31
5375
7611
4393
9335
7052
1829
6842
5550
9665
3944
7284
4619
8953
7690
3744
1978
3361
532
4339
2866
9523
782
2097
8752
1566
5574
1465
3313
6274
8445
9727
9361
727
6606
8359
8283
2989
2556
5116
1963
4685
7175
5984
9752
1823
5626
3118
9560
5493
5732
123
7039
8676
1792
7099
8424
6931
868
5936
6510
4300
3779
4413
7111
3680
5503
3321
5662
5319
6975
3199
8683
2021
6248
1811
833
8968
8587
9854
1813
6045
8075
5258
8102
6882
6217
7369
3436
2438
6110
7839
5201
7341
9860
2161
4791
4288
9873
5909
5941
7777
5681
1321
7282
2204
9679
7231
2188
9208
1728
8006
628
1613
1357
1060
6234
2576
7659
9183
5281
8842
9720
1323
7727
9991
5987
9437
2260
9529
3865
3471
2692
3549
6312
6316
7938
8245
4049
8283
3450
2485
1295
8280
331
3817
3391
893
8288
4035
1019
4497
5450
947
742
3063
6716
3630
8838
103
4482
7281
5817
8345
5198
5519
8086
1309
3280
854
1010
4856
1650
8672
5595
9033
6541
1077
5140
6346
636
4590
5981
8594
9019
3012
30
423
8939
7063
6304
2224
4117
539
1032
5049
7656
2044
7873
432
6161
5970
7092
300
8694
6319
1943
7885
3423
870
5472
6286
7409
3350
6452
4759
1192
99
3249
6191
8529
2454
228
5487
7185
5866
2951
4898
2789
8888
4875
5256
9544
8077
4494
3098
6778
3254
2344
3208
3971
638
4984
7101
1236
6766
3318
4148
4165
9875
2133
6180
1041
5934
5959
199
9851
7636
6092
8136
1579
5878
6841
5323
4920
3131
5601
1382
7444
2520
7843
5165
5295
1762
3679
5820
312
6523
3142
8093
4375
2936
9565
1641
1008
1747
9725
7835
6517
5420
1979
800
4828
666
3135
2267
2839
9152
9443
3173
5846
9242
9850
4865
7621
3126
4074
8878
1619
3808
3831
2901
9937
1830
7374
4546
5746
2698
2955
6832
4581
950
9527
9085
3548
8841
2033
1693
7369
6304
5400
6746
308
6592
146
4952
1131
8687
8972
5655
343
8962
9903
1681
5766
5889
8779
4036
8874
7911
5235
1674
366
3638
7492
2915
2000
3159
7587
2164
4560
6526
2610
4025
51
2556
5967
7238
3812
4639
5738
7659
5576
2916
1872
8662
4428
7469
8264
5730
4814
3245
2458
9116
3604
4719
1367
2551
8732
8183
7065
6662
5666
9952
4759
9510
4423
8517
5653
3790
3364
2347
5110
7887
2219
491
8079
1349
6422
6702
5034
8560
2047
8081
7251
412
6747
4551
3283
3451
2980
270
3494
2789
7185
2633
9611
2230
3956
3341
5736
4934
5792
4520
2871
422
916
9003
1585
7077
5257
4952
9429
5410
1828
3814
9060
5132
3640
9473
3661
5125
9067
7679
9600
5574
1075
6590
6753
1468
2109
920
4939
9760
4266
9976
7119
2916
6903
615
6664
4680
2903
7727
8459
3981
4831
5201
2048
4769
7741
8049
327
8233
7926
495
1434
9021
9899
1041
7261
924
5063
5115
5028
977
88
8833
6386
6605
9719
3651
7673
3268
4630
8055
4994
7812
4069
3285
9002
5103
8640
651
8568
9193
2153
9729
6103
1069
3213
8791
3460
6651
1382
3674
1398
5788
4989
2629
2548
966
9945
228
8455
1530
9624
9316
4430
4827
8585
3063
1176
6585
5412
1123
2162
4123
8183
1770
3788
9196
7821
7444
8714
2476
6077
1192
2276
8407
9053
410
9162
4146
6800
3102
4120
5089
9107
6778
7714
2390
6112
3674
3308
6197
3805
6253
1833
4739
117
3773
2910
3068
208
2940
9201
9331
8193
3066
9427
8596
7276
562
1768
8037
5474
6820
655
8972
4010
7646
9026
7178
30
3203
940
2725
9327
9213
3745
4531
1606
5343
8639
9602
264
8051
5727
1940
901
2003
296
1848
1742
7795
8208
1828
848
1739
3135
2590
5553
9810
3587
9674
8118
6133
74
9998
9567
1752
4463
7729
335
7507
100
3313
1531
366
5624
9412
6063
4583
4357
1127
9735
4928
1864
2898
2721
3414
9198
5388
2557
8171
4584
9018
1149
7173
1963
707
7007
224
2311
8656
5972
3390
5377
1775
972
8879
5630
3318
4128
5099
1727
8228
6524
5228
1252
787
3767
8249
8398
5802
9072
605
9286
1535
7607
5031
3891
9130
7429
506
4379
5636
7064
8068
7098
8126
5391
2907
3112
2254
3791
4723
8810
5076
1376
7805
647
8508
3591
7482
2117
5484
3216
7037
9807
2316
9319
8910
3190
789
5156
5802
4402
3410
3297
120
4882
2467
9960
5831
6359
6721
5214
6194
2554
988
5543
8950
5317
5039
932
9994
5829
6021
9024
9789
5770
6965
1330
6718
904
9257
8479
7796
6269
7517
8448
478
4719
178
5276
3989
2289
5890
434
3837
802
6093
645
4778
8723
5298
9251
768
9219
8906
2340
8114
1609
735
9980
2476
5980
7066
6397
8125
306
8009
2364
1211
2500
2767
8285
9466
7002
6453
4382
3688
7608
862
2798
2527
8788
7513
7768
990
8659
5423
3248
3057
7536
5244
2520
844
56
2939
7407
8471
6004
4186
7271
659
3540
8477
8225
8843
3605
1726
2263
3413
1935
7186
5254
8552
733
9958
4935
24
3753
2488
3480
12
691
2594
3051
8961
878
3138
9626
2055
5752
6901
5814
4041
8148
8945
9947
1498
6550
818
6737
3291
3210
6508
6786
3225
6273
6047
2771
3635
6377
3817
5904
6345
8999
9765
5529
4592
2676
5345
7427
1858
1378
5533
4380
6642
8585
3855
3199
1869
5122
7236
4032
5212
1902
6689
7636
8886
3844
6887
8352
5010
2023
5285
2509
1162
8864
5815
261
3340
1644
5981
4925
4698
8980
5238
7198
1649
4773
699
6593
6790
3436
3912
6343
6268
8960
6981
6754
3747
731
2195
3204
5690
8918
2785
1762
5557
4625
6670
3956
3113
9196
5337
588
9476
8340
1573
3024
1515
8701
9832
3878
7739
9464
3074
2219
5904
2034
8907
6591
9796
6217
6917
7265
7407
9580
1697
3651
6892
9150
4589
3257
1309
5734
4379
6676
5733
7910
2685
8949
1139
1221
2876
8544
8974
699
6311
1343
3996
7737
7016
1759
301
163
9859
7115
3828
9195
3321
4916
8965
7131
2393
7114
7353
5967
9365
9113
5423
2620
2530
6802
110
8481
2633
8853
6117
5193
4762
9192
6147
7161
257
3623
4018
7324
1537
1480
3341
1849
8332
4665
5395
4925
4260
1001
2564
1915
5436
2063
4200
9037
5304
7611
2175
4277
2835
7671
6979
4644
5040
7034
8969
7430
5800
3209
1703
6969
513
6394
671
56
9087
6662
5113
9448
1284
2682
3600
8398
4372
3883
370
2378
1716
6771
1067
1221
4816
9900
7291
6514
9867
856
7987
7332
9025
3707
6624
5532
7081
5894
5070
2013
8950
2816
6621
8207
4413
6994
9457
2571
5776
8720
4307
6425
2953
1871
8149
6068
7650
247
5171
7239
4321
6455
245
5463
7714
3040
1969
2812
3660
9663
8285
4044
6821
634
1634
4742
9569
1349
5836
5944
3510
305
126
7998
9195
1219
8994
1848
8879
6701
9534
1894
565
3579
2114
6914
6989
8859
4014
9306
2542
4314
8977
4409
3152
5527
1964
4258
7334
2967
1156
4088
824
580
7686
9724
3935
5026
9205
2515
4105
5296
5360
6595
3596
9879
7215
1531
7527
5379
7595
8044
6580
9866
7981
424
2234
2493
4030
5606
4799
9531
5358
5182
875
2269
3345
8327
7431
1
2819
9818
6356
582
8444
9235
3593
9200
5199
1780
2756
1673
4764
6614
6529
4325
3542
8829
5848
5472
3902
758
6577
6166
478
8144
8643
8174
1026
2148
3273
244
5232
3506
550
7377
6056
3897
3872
8042
2279
4771
1079
4658
1974
2859
3913
9933
4687
2172
478
9602
5375
7799
4334
7595
2119
8512
5395
8892
8268
9590
425
9790
7071
3869
545
2823
3431
9962
3685
2712
8154
7530
6150
3411
5035
4303
4193
5638
6461
1144
480
5752
3989
7884
8188
3919
813
4051
5632
7244
1909
9505
2841
4036
3412
9392
9546
8651
8061
6649
2029
6287
6445
8318
2291
4638
9904
3127
7340
3942
9523
7527
6577
5239
7860
5722
2974
3462
7109
5405
3742
7601
4016
7098
9295
234
293
6735
7429
2114
6990
7786
4410
8275
7059
3907
2435
3017
297
6630
6830
9486
5382
2139
8551
9522
4320
6596
9209
2756
195
9986
3137
8159
3809
2708
1455
515
9395
2174
6134
2542
2846
3778
8051
3143
1121
5597
6618
2807
5723
6080
7931
2853
7753
6106
7716
3741
7965
5278
560
892
3770
3750
6045
2698
1852
3284
7835
1972
2612
5377
8336
7380
5713
148
8969
2368
9594
4848
8523
8797
9864
9162
5224
4333
5905
6310
2780
636
1807
8653
8023
7490
7343
5261
5781
7174
4565
7677
5881
7632
3964
2875
8649
3033
9963
6117
6690
882
7299
6704
2587
8525
7750
7976
1304
9259
4130
8628
4549
3843
1594
4821
482
1260
9365
9403
3326
2967
191
1108
9916
1788
2334
6578
9987
1536
6928
9624
6369
9744
1440
5665
3615
3836
9495
892
8367
611
6847
4408
9409
2390
5122
7672
5622
9468
3905
2564
4492
9554
4144
9676
56
7852
2383
1848
4226
2045
2660
625
1930
6863
1060
2870
6136
5599
9184
7948
5441
4936
5372
4854
2614
7402
7419
2540
9110
4487
9158
3819
2339
4778
6747
393
9570
4340
7218
2643
9916
8964
3291
4485
2290
2994
4531
6677
8045
5865
454
2796
387
2847
1006
5826
2230
4466
9033
965
2246
3824
7737
4758
9367
9011
1300
5040
621
9735
2892
7029
9683
8665
5353
6343
2236
6735
9042
2784
1264
5902
3435
2911
4840
4715
6393
7840
9109
1858
5728
5590
6123
9116
6909
1783
4827
8801
8064
5764
1981
5482
4656
8819
3756
5553
6659
2876
8028
2087
1637
5868
343
850
4885
6233
4740
3521
4016
1075
361
1726
4933
1475
1415
2255
5207
7059
1812
4408
3153
7338
4311
5968
5987
1474
9659
2942
123
3143
5078
9489
4015
8062
6196
3769
487
2415
5692
1269
3783
3697
1540
7130
8058
2945
2112
6828
8986
9102
2294
4940
3484
9268
4573
1231
3833
3524
2484
4358
38
3308
6703
351
4549
1640
4251
3736
340
2388
2963
5131
4228
2476
7755
5690
2404
8739
2042
9400
8059
7549
4645
9266
965
921
6261
2184
3925
6270
2154
8700
7768
8560
7658
598
282
6799
8562
9553
6754
2541
909
5398
3736
7674
2674
9907
2455
9054
4391
9751
4926
3922
2628
3580
2864
2027
7939
1154
3259
1235
4227
6644
2342
7958
3211
4889
6963
2695
7611
1162
5092
1677
3391
6811
4329
6573
909
7863
8056
8997
8749
9196
5782
225
6056
9344
8721
1614
1929
463
9936
713
2961
98
8018
5667
4071
9838
8371
6276
3387
438
3277
7176
4427
8045
5595
3034
1951
8716
6697
8524
2767
5036
6071
8944
4805
8689
3308
1382
8749
7268
5576
9955
1577
9243
3921
2282
7664
742
6255
5322
3910
1321
8131
9475
2679
929
7522
6645
8429
7621
6079
7032
2290
7675
5110
2754
9775
9379
9910
4792
8978
3620
9558
3396
9374
5329
8760
9023
7036
3544
3210
6572
2800
9463
1993
7377
3463
8763
5248
3426
2267
38
6319
5244
2585
5756
3367
2811
7338
7243
465
3432
3453
6548
7854
7810
3334
8362
441
5543
6223
422
9001
7936
6636
6612
899
3703
1757
8830
8252
3301
573
5476
1611
9052
8856
7492
2461
3230
729
8027
626
9785
8320
5944
2613
8799
1043
2297
9834
2486
7708
8725
8751
4152
3136
7221
213
8936
991
495
2264
8178
4967
4257
6009
7949
563
8247
2413
9553
9393
1449
4382
9295
7473
8003
8223
4097
9994
3362
8477
1310
4598
2600
4705
58
8062
2621
4514
4264
9168
1954
3864
1517
8748
2787
8651
5411
5967
1608
1610
5158
3510
1831
7239
590
9716
5658
831
6554
910
6841
5032
7925
1108
4436
5267
7304
6474
2704
5072
5452
8069
8923
2401
3786
2097
4540
2167
1169
5070
4828
2136
4498
2828
3643
8979
6763
8971
7953
698
3119
5557
4146
2029
8991
2471
9821
1256
5975
3658
2593
2386
6919
6144
4813
806
1292
7818
5090
655
8955
903
3286
9709
8745
1622
104
1316
3050
5452
5724
3539
5268
4241
2946
418
4863
9525
8663
5796
603
4976
9527
5372
5838
6247
5420
2924
1849
523
8264
7065
6261
139
4732
1674
6495
8777
1155
2432
9214
9866
7038
7279
9885
3895
9468
3593
7913
7057
5365
476
136
5409
1891
3858
900
3534
6174
8919
8275
3783
1746
5688
5924
1120
5248
2326
5000
6825
9902
2761
7387
4122
9883
8865
3614
5979
7379
1800
3714
6127
6923
7972
3122
5185
2250
2312
1101
9015
5525
7882
4271
6003
1237
7695
4188
8505
9590
867
8344
4218
4911
9413
7318
3182
3673
7310
234
4145
733
9794
1501
6516
3727
5407
7101
2516
9697
1346
3790
6936
2917
5002
9889
5203
8387
4372
8832
858
3251
9397
8851
1152
5432
5622
2610
716
1642
9497
567
7004
9837
3930
3598
5715
979
5937
8365
9598
4427
452
2730
5092
2772
2410
9374
9947
7426
6346
7428
152
5243
8961
4493
7678
6127
2354
6131
5896
2066
1399
7416
3489
1192
4278
602
3584
1067
9440
645
3010
5292
2163
8134
3567
3044
8926
488
8111
7445
7685
7421
3381
1666
8442
7769
8073
2967
3995
2766
1284
6727
172
3728
2372
4000
745
7413
6384
5613
6701
1467
3733
6744
6625
9413
9934
8985
5372
675
8146
7712
2216
4574
2583
3643
5989
2349
3973
8500
4567
8630
9990
1018
8955
9572
1673
5211
583
7602
1749
1163
959
945
3451
8883
7475
4492
7460
5001
2549
5653
1961
3367
4025
6891
354
5227
3286
5771
9046
9371
2361
1280
8497
5650
8904
4089
4932
8555
5444
5109
4933
2809
7527
141
8583
2305
5421
5486
5317
3590
9136
5777
1112
5902
8283
7721
8489
5541
6944
857
7151
4014
5221
3679
4297
4705
7576
3553
3720
1990
7796
6034
4228
2269
652
8209
6959
2407
5011
5407
9910
3332
7774
1067
4611
7674
3426
6219
9424
5486
5447
2105
9206
723
6014
2680
4483
1644
4543
769
8906
79
5258
5998
5764
361
6815
6402
3157
7544
4522
3124
3610
4776
3910
3318
989
3901
1090
1590
6075
9626
5920
9168
2589
3309
6042
7741
1970
7895
8768
3277
9918
9371
652
5709
7499
2065
5143
6276
7438
2184
1732
2048
149
6310
5402
9448
2796
8701
911
1853
1902
8045
3743
9778
9385
2543
3228
1461
7274
7749
6991
5721
8168
9532
5245
2097
7164
3275
6966
8395
8750
2971
3766
8023
2827
5234
5822
7331
3714
6845
1325
36
2078
7978
6583
2451
8925
3312
4472
2913
7792
9371
1858
6313
7659
6663
7025
3201
8460
8233
1664
6187
9432
1541
2821
2702
1265
5167
423
7596
4340
3073
9824
1376
7582
7174
4797
4183
7279
8481
7506
6584
9110
4813
4826
4880
3404
2369
2044
7662
270
5151
7082
3944
8721
6730
5955
3416
4490
9602
8488
1431
1397
4558
4492
8757
2163
7972
5428
1442
2929
9431
3134
2219
9235
6270
8830
6772
9599
7581
4434
5150
4246
7922
9863
9846
4173
703
6182
2186
4458
8959
5526
7048
6811
4438
7013
