3654
3977
6287
3326
3497
2873
1108
1039
9305
1332
5759
9372
4243
5261
8459
1419
4715
7478
4195
7943
3702
7618
9933
945
8948
263
7876
1217
8733
8914
6560
6507
8903
6309
8820
9645
6705
9131
2548
9493
6607
4013
9313
8143
515
4797
3315
1467
6068
9743
1154
4621
8126
1383
352
2942
8342
3181
1366
256
759
9693
8074
5695
9774
4635
3978
2883
6766
1604
6216
9938
513
9088
2321
6482
5660
1620
491
4764
30
4564
8811
316
7365
2885
7681
9493
7437
751
3648
9970
7701
226
9598
9782
1471
8528
6212
2293
8596
1384
2818
1804
8482
9667
9331
3819
3524
7223
9656
2515
2332
793
2099
5977
9119
6911
1602
6810
6845
756
4230
1338
4715
2676
9856
4053
8607
4727
2327
7206
8600
3419
232
4869
2887
3625
9514
8091
6781
2378
4572
5922
7747
8755
5150
8440
1984
4443
8361
1938
7035
5405
972
4348
7965
6408
4948
7006
929
4388
8470
8891
235
7792
9436
3827
6147
5847
7115
5944
9597
1344
2925
4302
4550
9924
623
4204
8572
4059
6873
5135
7194
1855
1445
3309
5231
7474
5982
566
26
5244
2470
2519
3732
1564
6196
9609
3306
8943
4521
9302
8998
3039
5389
4603
8041
8659
5035
8569
8279
3316
3254
7366
8670
3871
1350
145
8980
7990
1586
4242
9773
9298
2267
6351
9190
4883
3955
251
1857
4967
601
8264
5853
5705
4274
4974
6961
7793
6758
5732
9637
4234
3012
2699
4940
5520
8290
5051
770
488
1589
7204
3167
8954
761
1718
997
2377
717
9340
6299
1955
3551
387
2806
9363
5056
9609
7201
9812
1219
5185
7849
3216
5303
9331
2504
1431
7198
2559
3516
4043
169
546
1138
1512
5811
1297
4692
9633
6199
5074
893
2405
3470
8043
3573
6353
5593
6834
3822
6479
2167
1651
9081
2380
1203
2816
2773
4487
2878
6594
5221
8212
5588
3806
8701
4801
2878
2643
7033
5904
6611
5952
7962
7539
8507
1219
8382
6006
3778
5755
2250
8630
8374
9695
5463
8960
4045
9815
2311
1028
677
7416
5042
9431
1273
4510
2945
2936
4829
7313
1206
2842
1479
6954
1814
1600
858
6767
7941
9176
976
9674
8604
1598
6531
2680
2265
8017
2824
6749
1235
786
3208
7556
807
888
9836
5492
2148
8753
7909
4431
8897
9331
1862
724
8086
993
4446
3780
845
9721
3078
3601
3782
4570
1219
2754
9425
2146
6856
8836
2668
8789
5323
5051
6169
5675
5618
8070
7546
832
1226
528
204
7071
484
2754
7757
1832
572
949
8700
318
9112
4070
4924
862
4841
2483
788
1913
7025
5122
2246
9426
7841
5664
1914
6115
9341
166
9862
2730
7935
8552
4060
3073
2325
1576
2256
3963
8072
2887
7252
2522
5578
91
4162
3198
2747
3852
9334
7752
4759
5641
9622
7756
1295
9704
1502
4613
9539
4874
396
5858
1705
4092
6501
7374
77
3898
7570
7038
7798
7358
1723
1155
8464
2070
7566
8015
5610
820
7531
9892
4766
7279
2591
5816
6665
5126
9819
9733
9607
5861
4977
2685
4876
3344
6731
6026
8865
5692
391
4131
7017
9709
7203
4827
6398
4570
9489
2884
7005
5453
3687
7041
3739
7302
9702
9817
1538
7935
7908
4742
7981
378
2472
4653
9196
6535
2802
5529
3251
8098
692
2704
5429
105
3249
6071
4185
9610
7121
4977
7286
5035
5182
2146
9169
4516
78
9507
8799
630
8349
9502
7721
3711
9814
9352
956
8629
2381
782
9049
4000
7021
3096
160
2421
9897
5035
3827
8540
9617
6043
906
8995
3107
573
7779
5515
4299
2202
5204
7136
9193
3055
9087
279
9822
5233
9648
9008
8674
9887
8102
5642
5652
6384
7900
9589
4223
3723
4178
6195
950
3141
2749
5976
4860
756
6775
8561
8034
1554
5188
4833
430
6862
2467
4421
4
6397
3726
3961
4948
9758
2590
3860
8815
7754
4141
7903
215
5434
7129
8099
8291
4003
594
8031
715
4700
8353
8777
7670
5712
8340
5772
6302
9551
8890
5135
7805
463
8936
6279
5158
7775
1365
3890
8530
6540
7800
7764
6357
4877
8780
3728
8700
9097
1198
2124
5654
6233
675
1094
8700
6439
1976
5941
1918
1493
8999
5768
7772
3803
2002
3179
477
2232
3920
5369
6816
7305
6449
2459
9357
4424
4448
9981
7702
3724
612
4290
1647
7342
226
1822
5031
1276
7379
9121
3010
9958
4206
9684
2469
7029
6882
6748
1918
9883
2865
9035
4221
6646
7068
4309
3698
8207
7703
8016
3332
463
6361
6517
475
512
5347
532
1308
5841
6682
4324
9983
3140
9011
9943
8829
2434
1770
1771
5211
5006
7566
6685
7550
7398
3756
6153
3690
7893
8791
5820
6795
7190
7505
3578
3487
9955
1833
9756
7790
6348
6113
2289
6054
3012
5498
1173
2024
5332
9630
1615
1785
19
8170
7828
2134
7613
4486
1017
4167
1711
1539
5781
4814
8021
4672
7173
5533
1675
2552
6889
2833
4144
5291
5564
1454
3401
2647
6530
6536
9250
8531
6906
1996
2206
793
7698
8841
3423
8590
9945
3567
1505
2351
959
9538
3601
9865
7193
314
5948
8308
1073
6170
4114
1949
6827
9002
5001
2415
8610
2868
285
93
4960
9864
3893
8511
8460
1980
2897
7751
9790
3892
2223
527
7982
8377
2429
5296
5835
7193
1465
1649
4983
3308
8629
4714
1599
3038
2086
500
9913
4269
5451
4096
5670
2897
3178
7152
9879
8290
2022
7734
5499
6699
9309
9719
6886
5866
4238
5643
1534
7664
3656
2868
1727
4507
8189
8360
9214
5149
4277
3068
1979
5465
1135
2959
4607
2474
7186
6081
469
3184
7218
9150
4261
2328
7710
7883
411
3686
886
4732
8455
8690
74
1775
7469
4748
8558
6297
1004
1485
1770
42
3948
460
5405
2511
6928
6489
1409
3653
828
9017
5257
6133
2256
5151
552
3088
8225
1780
8235
8488
1337
8402
1046
9784
9157
3810
5405
3777
2957
2272
3976
2338
8848
4088
2330
1556
2269
2672
1563
7663
7438
610
784
1340
559
8420
7660
6745
4381
2213
5665
6770
1177
566
9951
5874
2571
994
8141
6453
7491
9276
5973
6745
3083
84
1080
4209
7737
6885
6947
5189
6897
910
5706
762
7302
1483
6465
9177
6049
3999
2922
7823
2874
3152
8760
9345
7235
7119
7746
5993
645
995
3891
7441
4465
9105
5166
1035
4473
2906
6318
1754
5079
9441
6188
2961
8043
4839
4506
8022
4546
9989
844
2563
5345
5685
6054
6457
9889
6702
144
8353
133
9322
3655
3280
6151
5173
7389
6469
672
4612
9856
1779
7670
7248
3400
9062
6975
6622
3498
8020
3988
6348
8714
9713
7249
4346
2045
78
7529
2002
2492
48
8823
421
2180
2649
8303
2068
8587
6117
8050
5880
9053
4834
7520
6382
8100
8940
9064
2322
3126
6469
3179
7751
7128
7006
5311
1377
8785
6053
1712
4415
9737
9787
6384
1528
160
2335
3774
3537
1147
7500
2069
8408
2697
1165
2299
7776
6387
4633
314
4185
978
9006
6076
6235
331
8766
4479
4831
8325
4464
9720
5034
6795
805
4579
5623
13
2089
7865
8064
897
7041
3834
3625
6311
3143
6394
9065
1050
3470
3416
4789
8562
5764
5353
9163
406
5092
8916
856
2414
197
7942
790
8167
1267
9669
262
8128
6824
1282
7446
8242
3318
232
622
1212
5987
4865
4445
5851
8434
4375
3819
2521
9610
8327
3803
4461
5413
3074
2800
6496
7575
9278
2472
6944
8201
5882
8744
1453
7233
7054
8982
4144
2784
7616
9245
668
8887
707
1777
940
5655
9914
1855
9228
4644
4091
7248
5684
1061
7118
4490
2543
9706
5588
7379
7482
3018
5045
6387
3784
7225
6178
5124
7121
946
5497
841
395
1863
4294
8072
3905
4418
2214
6405
5519
5142
9351
6589
7264
5863
3372
6812
9839
9203
525
203
3001
2459
6346
73
3572
7874
9920
4037
2249
9649
8373
6054
9548
197
461
7639
8300
6198
4430
7665
8214
9220
6433
2679
3828
6576
2655
7512
2707
5492
5515
7733
5090
1120
9551
4672
5206
9970
2750
316
490
1585
7560
5815
2532
1911
3436
6849
1475
6200
8135
7463
7077
9299
3627
5905
2100
7684
2460
5252
8080
2435
4371
2596
7064
8461
101
970
4514
3196
4494
1214
6266
4550
1991
2897
9543
7391
2935
8858
1625
1228
4245
3339
1967
3637
6763
1087
965
7110
6902
4994
7306
9011
3754
9069
303
3749
2402
8588
3148
9316
9606
6542
9805
6579
6421
8553
1449
7475
802
4823
4275
9109
6683
8641
8969
2912
3123
614
2506
1579
5682
9527
373
7607
3202
9683
4316
3724
9322
1354
839
6463
2952
6913
3397
5421
3079
1473
1646
8278
2592
9787
5155
3512
605
3980
3415
7863
6585
473
8807
182
4947
440
6388
9845
6433
2138
8962
7256
4464
5896
2889
3903
7994
2953
2312
9703
8833
78
9545
3532
2279
1291
5215
3145
7824
6594
2701
5502
6047
8989
1616
8669
1630
8055
3644
3649
2201
9719
3109
9067
1737
3514
8356
3322
1742
973
2313
9030
9574
7124
95
9082
7434
7242
9451
811
8552
2949
2478
3817
1435
3045
9530
8978
630
5289
7697
2445
4672
1069
3561
2345
2968
5268
2412
2339
90
5006
1020
3070
9178
9399
340
7714
6589
7452
5849
7795
472
8186
1695
2205
1104
6069
8040
3273
880
8578
6455
9263
9704
2657
6899
3000
2818
6826
1287
1022
1809
9091
6694
5922
9202
4331
2140
618
725
9846
9231
6213
7652
5286
3716
4988
4241
3506
6158
7815
2495
5685
7746
3769
519
4118
6054
1162
8219
3696
551
5103
5622
3085
5450
8535
5986
8036
9098
7412
7876
1275
3312
3172
1378
4715
7233
7964
6308
8287
6977
9312
2808
3976
5653
2449
7647
5473
9798
563
518
5273
4930
9482
6895
6018
492
3697
3085
277
9651
5510
3631
4768
3073
4661
5411
5566
8666
6144
3244
4609
3732
3128
7950
2046
1221
7258
5430
8980
8856
697
9319
6699
4282
7491
1039
4869
4241
2723
4632
868
2603
6163
9338
3272
884
6652
4941
7170
8002
1820
4125
2651
8859
5730
2502
8170
9222
5400
6447
3814
6687
2254
3747
9400
1107
8687
7354
9803
5179
1074
8614
6627
8822
9024
7961
8888
6591
1468
9012
5853
5310
5716
2587
4433
4218
9811
100
5762
1996
5952
7086
5368
2303
1702
6221
3093
2339
2401
9716
8615
5024
5666
1084
2488
3496
4335
2240
8594
5813
5834
2171
1346
9618
9276
9401
5896
9590
4718
3051
4696
4763
3012
7270
2800
4236
8327
5419
4710
8188
637
1216
2222
6836
4758
1229
3157
1844
9862
5092
2765
5851
666
2311
7269
4946
3689
1117
5651
2338
9432
4671
593
5302
5578
637
2146
8299
275
5518
7839
7043
6855
1188
51
9801
4947
6430
9871
7279
3687
5831
4634
1700
6063
4076
9513
8705
2877
1738
8199
1826
853
4277
1729
2402
6901
7798
5905
9199
8606
4508
6388
1068
2211
2531
2138
2389
2621
7234
6762
7485
8232
526
3632
2372
1694
1164
4228
4421
9454
9396
7335
5819
2057
433
5788
9619
4905
7349
8081
5948
7645
7961
521
2443
9445
5889
2888
4747
5223
5150
3258
1186
8124
5470
4944
1791
5211
8798
9112
7888
5583
6191
7800
6224
6551
8614
4246
5916
7626
3614
1223
6662
6852
6328
6818
8419
1650
7906
2352
1360
8742
3878
563
946
6711
2889
8480
2826
3225
1428
5130
230
3284
5727
2396
1285
3571
5241
3763
675
7004
6724
9862
7970
1831
6894
1779
5258
5852
9850
3895
8359
542
653
4297
7600
8190
1668
8659
5896
317
8722
5310
8989
8577
3816
3834
9950
8435
2605
3575
9354
4051
5789
9474
1107
6857
7358
239
9090
7833
3965
8304
9332
4770
3863
8383
9905
3779
2068
2526
5997
3434
4221
5720
8935
603
4990
3923
5392
5689
9223
6933
9750
5076
620
8320
3566
4655
429
9964
7551
2700
5727
3471
5787
7575
1593
8747
3801
7292
9099
5300
8205
549
7545
7996
2554
8228
2309
5486
2462
9210
2842
3267
5387
1986
9509
3860
133
5932
4638
8444
9287
3993
2885
2281
576
432
9143
7440
1612
7324
9087
8586
4173
7538
9401
9710
376
4338
3794
8092
8892
505
3467
8035
6668
9184
844
6512
8542
1574
6166
1285
3148
7605
4865
7953
5160
6931
4772
9153
6269
8023
7458
6963
7920
4725
5553
9682
8277
7608
1207
4755
9486
5851
4573
5883
3758
2661
1717
827
2748
6478
6888
2793
9043
4226
7208
3004
1590
9425
9956
9235
9937
8241
7962
4659
1931
8001
6294
8556
7207
4666
2889
5974
3241
564
3269
4317
8166
6610
5908
1286
820
7819
1545
5453
8480
7558
5550
8365
8335
2801
2332
6667
6844
206
8650
8591
9712
2443
9468
671
944
1628
5164
9322
6976
5063
6886
686
1461
7660
9678
1751
4921
1295
316
8901
7575
1860
7207
8008
5
5397
9504
4075
514
4818
6453
7018
2181
8486
4406
6609
757
3186
8740
3682
6487
3353
1349
8738
2706
9464
581
1426
6031
2751
5926
5893
6235
5391
6904
8194
3502
9746
2835
952
4262
5394
9473
9160
6173
1671
1305
4324
5386
4849
4630
4435
4211
4238
2198
4013
3008
4760
1390
3641
6986
2382
2507
8721
9682
4958
8339
5054
7246
8716
9402
9190
5150
1809
1504
3134
301
1298
9624
6366
6979
6252
4116
592
1703
6841
9276
1395
7026
8754
5277
1042
9438
4177
9934
6269
6270
5394
8957
6673
5063
5926
7576
6537
3084
3091
632
2960
1991
3467
1928
5809
6947
7622
1891
1117
1335
2383
427
680
2429
9145
2326
881
6432
780
9923
6108
4820
3808
9611
2686
1151
7924
1586
4132
2437
7580
60
8481
2001
5861
7692
4498
1423
2853
6888
3071
2808
6740
2504
3488
4532
1937
3790
4953
2419
7235
3007
3460
6487
4301
1071
4730
5353
5356
5243
77
2460
3424
3952
1653
9983
1381
3497
1893
6507
7485
8981
8121
5228
1019
6791
2527
9837
2014
6727
1406
8076
3673
9158
8023
7085
1899
975
7111
330
9280
5592
9911
7511
8531
6328
6688
8467
7166
4002
5278
5131
7888
3392
4528
361
9273
9979
6920
5562
7861
2742
2133
5262
2419
6459
7675
6520
9680
4781
4684
5396
6613
1948
7589
6888
6138
4151
6439
3443
8005
252
5169
9939
6179
1899
9255
1571
7874
5913
3409
5377
3624
7104
4737
4077
2276
9907
3682
7053
4287
814
4586
9549
3550
8636
7965
964
3607
9827
8174
6866
9598
1595
5729
8726
2811
8108
9202
4620
6617
4644
3740
3011
8973
5607
3735
9117
753
7313
897
2191
2748
2151
9784
4808
7856
2172
4353
1391
3200
3295
2888
357
2556
9266
6612
9545
2059
7637
2566
8890
9603
1441
4158
4775
2775
2768
7274
3234
1710
9801
2172
8996
4988
5163
1879
7802
3855
2959
182
2188
536
7183
3065
2718
4500
4661
877
7424
7079
8844
4854
5856
8788
7571
9323
4416
6202
8576
3903
7921
3646
5889
8823
7374
337
1389
2077
1670
7231
7913
5856
4913
563
3447
3974
4867
9242
6569
9743
6287
5155
227
5847
9747
7311
5631
7511
5121
1674
2105
3096
6477
8006
9210
2486
5490
1633
8771
5069
5392
6051
1247
6995
6464
278
235
9762
5064
417
1074
9775
2361
9683
6480
2972
9237
4553
6648
1878
5759
1100
2753
7724
7579
4474
651
4781
5812
4127
4319
8364
3308
8895
2405
4115
9214
2595
4831
4033
6959
318
9731
8658
3859
4235
4998
3993
2956
6501
787
6780
4126
898
9274
140
6094
6157
1542
2960
5512
6575
8039
4541
3007
7449
1342
6516
6479
3328
8711
4280
3358
597
8528
2586
1073
3360
5496
3283
5212
9608
3475
9213
9025
5378
8202
1166
650
8372
2079
2546
5617
3493
1934
1653
7996
5251
9199
3962
5846
2016
311
9034
216
8985
4990
8604
983
2756
6444
4573
8359
1718
6077
5309
7598
6079
3716
1878
7635
1651
3515
6777
868
1477
9320
5607
6039
7265
6187
6216
2184
7751
9219
6044
5282
9647
785
5724
6057
7005
6485
252
675
259
8340
3711
535
3933
9723
8151
6413
237
2045
2087
6565
6563
984
9879
4852
9257
7702
8484
7817
1561
8896
9649
1566
9675
5180
9358
7306
3150
2551
2419
5459
8322
4445
7785
3361
7392
9621
6261
973
5751
2698
2290
6120
7540
2724
1674
4536
5277
5766
240
6845
4602
4336
3645
3698
4624
228
6166
2607
5355
6741
9542
1180
8008
828
4573
6671
7964
1909
9477
86
1749
7750
1500
7361
1243
8655
947
2774
6721
8684
5378
4744
334
3928
6997
7217
8307
3276
7751
9276
5545
2597
1482
3664
5304
5844
5297
9607
774
9966
5578
5789
4394
3252
3994
3187
5564
493
9398
1234
1387
6175
8444
3181
8730
9772
573
2640
3512
2153
5719
965
5930
2714
9858
7573
9527
9321
3671
8635
7121
8502
904
9300
2139
8328
2688
6515
5387
5442
7864
8513
3149
4337
2323
1745
3649
6657
2951
3282
8866
8494
3689
1517
228
2360
5027
3566
1593
3136
5636
8752
6528
4160
6276
1745
4347
1639
7378
389
4348
5330
4621
7798
7051
4326
9995
7720
5894
2457
89
9739
3670
1040
2560
7738
538
2419
4880
976
6722
5197
3260
4458
5385
4688
257
6903
9744
4261
7012
2381
8707
7185
5608
9317
4203
7363
1512
3718
6607
2473
7703
831
2775
8019
7201
1822
8191
6575
126
8190
7045
2691
9235
3149
8719
8490
8884
7691
2044
5141
6314
9694
4341
2355
8397
9267
7487
3307
9646
4175
1872
3302
3732
5795
5659
1258
1921
2702
4042
9712
575
3004
9463
6039
7309
6524
3159
3810
9088
3856
2707
8508
8200
1261
4772
5180
6192
3650
731
3811
2385
3350
4011
898
5540
7402
8244
4921
9122
7053
828
426
8730
1502
6107
1164
5069
9820
5603
60
474
2586
746
7501
4193
7710
8806
3856
1110
4824
3156
9855
9637
7728
4101
8867
9772
9976
806
5029
3097
6513
1338
4881
6256
1625
5590
9767
6441
5409
9561
3243
1605
9261
8837
5037
2523
3861
1086
9091
8307
6601
4702
1282
7853
8977
3875
5531
4239
1169
2278
8065
9834
9964
6889
9241
6824
4192
3212
6971
996
9759
7195
2709
997
9358
5672
2911
7736
8278
7536
3065
330
9479
3805
5184
5903
2124
3432
6767
2593
8506
1448
6850
9129
9331
3356
4390
9123
8743
64
4269
8385
1930
1743
1998
9103
1440
6246
7192
830
4276
6561
3478
7855
2424
2404
5342
749
8071
6456
9380
5367
630
2800
1852
2713
2329
9414
4637
3543
7651
4743
9840
2422
3669
9288
3720
8518
4007
276
1723
2655
8932
2419
2494
4982
4895
6232
2400
3565
8484
3127
5645
8517
5210
4785
578
3872
1300
3149
6944
9847
9638
3141
8761
1093
101
2666
296
3422
727
437
8045
7840
3674
9772
5238
4820
7185
2205
3209
5521
4216
9593
7581
9150
9656
7072
649
2945
1830
5461
500
1336
1574
1661
460
1763
3902
9322
4258
7244
341
6846
3426
9285
858
5807
4128
8557
9248
2982
1038
494
3271
1491
1450
6054
4854
9536
2836
7151
4756
80
9517
829
8727
6756
2539
7716
5475
5882
4410
2260
7780
5011
2477
466
2999
7311
1009
228
5010
2280
9282
968
7828
8615
2790
2001
9943
102
1304
6304
9714
3907
7312
9611
8827
8702
4557
1644
5674
5744
612
1065
7256
24
2418
6427
3398
1555
5933
6045
1642
2758
8057
6387
6229
2699
3703
1668
1872
1622
7464
6
7476
6787
783
8069
8120
1822
868
1551
9109
543
7124
2687
2790
6928
9222
3524
7531
9404
1033
6589
3373
2901
2409
8355
8604
5394
5952
4163
4243
8548
1161
8982
7613
3363
895
8479
9457
713
7076
9825
2713
9355
6463
5162
2593
6512
9164
8800
5018
5087
2935
3559
4734
4585
1507
9100
6526
1248
1845
1040
6343
8051
750
9780
9411
7079
725
4894
4267
3731
1906
7430
3130
2600
6279
2751
77
8091
3962
9877
4119
6305
7437
6687
2113
4230
3246
2321
8062
7241
9993
9058
2397
1879
3340
2660
6216
9091
4915
8821
6441
8143
6322
5985
3819
2730
5937
4082
2238
6774
497
5413
5045
9092
1901
8858
970
991
9692
952
1570
17
1554
7466
2778
1718
1222
9082
464
2843
5887
6601
8335
530
1719
248
1938
6102
7873
7766
3721
5141
8599
9734
7561
4926
5324
6795
7838
5832
8881
4467
172
2381
4179
8158
4627
9874
9281
7098
5665
1796
507
7853
6929
7088
1718
6717
8577
5150
4060
9759
273
2923
8944
6138
103
4466
5183
9143
6096
9399
5714
3240
3217
1136
1856
5890
5227
6176
3184
9048
9997
6464
4461
4117
1972
2012
2082
3590
1485
5400
7380
7377
1274
4749
8879
7206
3315
7060
4776
6337
180
9006
1890
7849
8421
670
5981
6760
5751
9251
5848
4327
5113
6373
4247
70
8058
4715
6128
5893
8441
2903
8927
3169
9081
2239
8505
8254
7680
6889
877
4350
863
7138
9414
2603
171
8571
2446
4071
2346
5904
7389
941
9129
4150
6063
5059
2218
1601
963
5615
3115
2735
9263
9091
8385
3348
81
7782
4756
4995
6465
9281
8019
5414
8674
9682
2857
2651
4551
8784
2055
3931
2402
236
9537
3463
9607
49
6373
8433
32
6072
4277
7924
5738
1482
374
529
9452
258
2497
7832
5655
2174
9063
4655
89
2770
2369
3522
3564
1961
1621
7495
859
7722
8420
2876
9589
5571
4497
912
1210
2212
204
2267
4578
4458
6220
1546
4573
5766
8652
1691
7237
5626
268
4881
6687
4959
7096
4932
6177
5318
1925
7961
669
3417
1112
4490
3100
749
7217
3137
7430
2455
9268
8982
1741
4232
2536
5586
1337
1174
7432
128
8638
4136
8360
9647
5658
861
9793
2486
5018
3882
861
6213
8572
1934
7407
2835
5631
5908
297
4282
3799
2821
9233
7723
5021
7127
1565
4734
3923
7221
9659
1739
8501
8268
9453
3966
2715
32
4482
7291
1467
8537
896
9486
9051
3037
3261
9629
260
4491
6925
4908
1842
9761
982
253
4792
2299
3471
7906
6912
3481
775
9984
3344
1483
146
6562
8152
7436
4093
7175
7064
9720
8707
1705
7807
2746
3288
7019
5342
455
6578
6094
4698
1
7304
1776
7889
857
531
9329
4628
2884
8561
7955
930
9016
4200
6526
4757
3460
6919
5406
8037
6538
5864
7258
7019
457
6562
1969
4561
7547
1339
6434
8628
2599
9755
7160
123
500
8012
4080
2370
5068
4381
6137
4207
5784
7605
4439
4709
9086
1924
1700
311
6099
1589
1924
8820
5662
6752
7379
6432
7835
8797
8077
2644
8025
3283
1993
1004
9393
8718
7091
1102
8339
7646
4165
2778
3630
6524
5057
2941
6956
9208
6141
4928
3672
205
9132
429
5277
2854
4469
4273
3884
635
3474
925
1337
8931
4888
727
1907
701
6637
7677
5870
4634
7339
4937
7599
3745
7295
3936
3955
9334
4318
4773
1292
7013
6070
4795
7737
8840
3532
2919
1937
376
215
531
4140
2545
6503
7615
2654
9454
6707
9587
6049
6179
9023
63
3310
2489
3894
3235
6167
9699
2922
9002
7204
6160
3237
3969
7832
2970
1482
2262
5231
4251
7517
3788
8887
1423
2396
8650
1447
2324
5609
2291
704
3245
6037
512
1599
9527
138
8729
6156
579
8197
4308
5507
5042
3038
1508
9116
4127
3317
8482
3721
3909
9867
2313
5468
8993
4474
5035
8434
1187
3586
1201
7359
6782
5217
7648
7911
6735
3326
8423
7094
2810
6611
6597
4878
7183
4516
1127
4363
6188
6592
3855
5700
2140
4067
192
2992
8125
2757
854
7457
7215
2899
835
6786
985
4040
9123
713
2773
4823
8113
4873
8795
4984
2082
1144
2460
9837
2751
5479
9285
8047
6145
5011
8803
4506
6213
3846
9877
6433
415
6763
9437
8800
5786
5405
4497
524
301
5610
6846
9209
1754
9641
4204
3528
4448
693
5804
9610
3872
7685
6269
9606
5628
8266
2335
4419
8763
2004
9951
2643
5034
9809
8912
268
9820
275
2187
6259
3282
8477
9885
6951
934
7082
1231
9288
5889
7738
2435
8210
2765
3289
2682
8410
3460
4014
4306
9955
6151
3613
5981
1853
7563
9785
4125
2460
429
9882
7691
8832
4662
4294
6870
6070
6090
9375
2425
9914
5051
4298
5093
1575
2554
4183
8142
7981
5101
2034
7666
7534
3356
7236
8067
4485
950
7878
1046
6339
1504
7380
9236
2663
7245
2298
4814
842
474
8350
4445
5828
3552
9449
2391
8526
5244
9475
6654
1541
4011
7162
1682
359
431
6511
3671
2366
8191
7949
4289
6246
8778
9894
8940
3021
4012
348
9048
6790
4921
2089
2257
8249
2934
1292
3756
8347
1191
2657
7518
6581
5939
5131
8807
1875
6387
3264
3163
4140
4426
8609
5761
8297
7839
2725
5381
1140
1701
337
5304
959
2667
4678
5959
1149
191
887
3609
9985
8542
1205
8801
6993
4423
5640
6356
9190
6749
3052
3268
4691
9611
5351
6299
3200
449
2435
2356
8754
2877
7276
8210
7528
3205
4679
884
5300
7377
796
9424
1173
1766
2194
8588
1869
3116
4742
109
867
6465
8456
8454
6632
502
8194
7378
7070
9799
1333
92
3977
1256
7537
7339
2358
4299
6065
2092
4483
2623
7361
9975
8218
1906
8334
676
93
4038
1752
4614
2799
4594
3846
7509
6621
8751
3158
4042
6664
9459
2463
755
7295
1867
3605
742
4637
5744
1400
3074
8380
6860
1226
2865
3957
6870
3787
2634
4310
7114
6291
3524
206
836
747
772
3880
1962
72
6151
6257
9513
3413
9115
3495
6360
7035
4967
2993
2233
2880
6028
3045
8446
1594
8595
6378
7096
414
1845
683
7402
9034
3929
3251
1132
4539
7144
1771
4379
1371
8957
5422
4510
3210
8457
7478
6804
6984
5395
5061
9849
4813
2812
4401
4424
6037
5807
6220
8537
3676
9431
1679
9147
8945
1676
5139
4029
9050
7157
5916
663
4788
5649
6435
5062
4516
9889
6702
6260
2479
7517
3278
5189
3955
7479
2020
6861
6736
8476
2672
8208
967
8518
1000
1170
2333
5134
9234
7197
5323
8527
9151
8352
3126
3814
5411
196
790
9462
8581
7146
8373
6777
5071
2704
8453
304
9714
419
4974
3323
618
815
1252
6740
4233
833
3921
1845
3251
1053
8148
6010
3958
2475
8053
8337
4963
780
8499
8830
861
1803
7741
7595
6573
2911
1129
7981
5328
1341
3956
2017
8814
2410
3607
9429
3543
3006
5154
9972
7883
4179
2295
3737
8918
1549
7334
6453
8567
8164
9969
1003
476
3420
3499
1640
3436
2342
418
3552
4640
4159
4341
3475
8671
6902
2467
8943
6196
3947
8163
6271
1678
3395
8282
7265
3572
2200
7836
3830
3059
237
4914
8578
8213
3871
9172
2835
576
9895
3763
6974
8248
3213
6341
3764
5729
4294
4494
884
3478
5726
7912
3339
1167
9952
5135
1750
947
2353
5756
1736
3530
9197
1547
5431
2796
986
635
3248
1852
4937
8801
9067
1483
4843
1833
7881
5514
4367
2267
249
3568
3673
822
8907
3603
1343
4571
5372
391
333
601
6304
128
8360
7440
749
3366
2591
2548
307
7732
7198
6864
4330
9197
1565
2900
2773
8300
9381
6637
3522
1029
4370
4400
1715
6830
2995
5699
518
4292
9822
3815
1584
3611
4449
773
185
5141
9300
7524
5841
62
314
3461
7969
3586
3271
4171
3179
1100
459
2522
7859
268
5723
1467
247
2707
9921
2073
5882
6046
7098
3867
8222
2669
5293
1342
6767
1599
8412
3630
4557
7644
7986
130
8258
9582
2301
641
6834
8429
5701
3220
943
2070
410
3626
2636
247
9324
7522
3482
8393
9523
440
6046
5674
4751
1135
5971
4423
5738
4631
4476
9875
5658
3275
7586
5174
2707
3755
3419
4068
3736
7233
5100
9528
6818
1089
7669
7837
3977
7026
2010
4762
2799
6979
4979
9480
3996
4540
681
5377
436
6802
8432
8358
4821
3430
596
3756
3517
5803
8428
7013
1832
7379
7484
4215
5110
9045
3190
8011
3851
7180
9824
3556
6640
575
689
4521
3672
952
4900
9601
9389
9300
8607
1162
1896
9734
5726
6822
3359
8936
9704
6531
264
1343
1011
8213
2684
7673
6676
226
7703
5494
350
7466
5564
2784
1388
3329
7814
5129
8170
8123
2968
4752
2940
5059
9734
2143
4658
7047
2733
2355
1716
4243
2189
4649
423
56
151
6818
370
793
8193
1027
1050
5730
7286
3323
9368
5350
9594
9937
2381
4499
4811
7178
9164
4996
1940
8724
2341
5235
6827
6146
7106
9769
7066
469
6250
979
4955
3491
7652
1746
3436
1974
8309
5744
1633
5636
8154
3402
9769
9686
2945
7966
9321
823
8018
2370
7925
811
5995
8478
3149
6809
4904
5288
1348
7271
1346
2378
4571
6736
7742
4162
4796
8373
3062
4230
7075
8045
5333
9969
5062
2074
1548
9775
9542
90
3954
1473
7134
5942
7384
6893
6999
1179
7081
1781
5550
8834
4369
4530
45
2494
2453
4893
4758
5266
8000
7641
2223
8540
5598
9729
9254
8962
8528
4282
1942
7687
2448
6628
482
5834
3951
9682
6350
5836
2586
8771
8461
7516
3003
9213
1812
6896
7628
2326
8334
4642
5382
1166
9673
7029
4871
7436
4333
4002
626
3091
6029
1043
6561
8320
8134
3212
645
5187
6324
6657
1614
1160
2324
7175
9670
4545
4228
379
3927
5569
7127
7017
93
8040
8340
283
1942
6518
8686
2606
6470
5966
2639
2466
9159
3657
8141
8126
7774
8499
7678
6557
8169
2390
3400
8409
612
4529
4833
8338
9595
5364
6245
3547
3289
5451
8134
5298
6590
9380
2782
7962
7424
3727
5424
2983
6281
5010
1420
3957
8734
9414
289
6084
1103
8225
2556
6148
4778
9056
4335
8266
5274
3953
93
8604
8589
3579
3122
7103
9812
2058
9184
2090
9011
2507
9940
870
616
2864
5830
4916
8232
4304
2527
1387
8037
510
9349
637
3244
4165
6738
8710
810
205
8307
3952
2511
9468
1628
5925
7835
8828
5337
8354
9332
4580
3231
3859
7082
5078
8352
5809
3090
1973
109
438
7630
4369
5319
5113
6669
5313
5598
3770
6799
987
1514
4203
2849
3906
8472
3400
9047
221
6348
7253
9127
1376
3845
6851
4050
8602
14
1535
958
6138
8128
1095
1214
6206
773
8746
7891
7401
5959
5083
6363
6976
5351
3872
4952
7730
7658
8957
7548
2754
3118
3673
3296
3186
4922
5322
180
4766
5267
5202
1489
9186
794
8501
5482
552
4307
6421
4304
2274
5937
8268
740
2832
3485
3957
536
8431
7334
3480
4079
7598
5058
3760
2307
7278
546
8571
565
7974
2355
1389
8126
2560
3425
529
6292
1492
534
8109
5385
3902
7760
2273
4142
4510
9713
924
6148
9837
4256
9499
1811
7319
45
1375
2227
8249
5169
4202
3064
6215
2595
1798
7883
2074
247
7169
1778
8341
5826
1560
7298
2947
5625
1551
5259
1887
5542
763
1474
8448
2284
1372
5868
9662
6130
6059
7477
4069
7115
1627
1249
6725
8887
8623
9034
5251
9986
6200
9272
9425
9690
9177
6286
1572
7598
1001
7921
8519
9425
1796
4580
7308
1326
6575
8526
4954
486
6102
2205
8840
1636
9380
5652
2532
9490
1261
6672
7248
8213
2667
8824
7529
8626
5380
7267
4118
3396
3748
2979
4010
4310
1612
6063
3013
2202
4279
158
3245
9292
2069
7903
5828
7105
9686
9862
6983
2793
9924
9009
691
995
8429
8664
8868
3728
9100
1331
8027
4447
5331
5829
5275
4136
5463
6486
2960
2772
3976
7487
4124
4857
12
3422
4511
1572
4151
9386
915
3823
8808
5184
8562
7202
2675
3723
8180
69
7702
7379
5096
5236
6267
2204
4062
2171
1609
3663
3839
7280
3399
5829
4522
2609
671
2048
4252
8946
346
7252
6859
9865
6301
994
8287
2101
7104
4214
1118
3240
4151
6438
4866
9637
895
5259
5257
7476
6246
7820
8616
4259
7303
3237
8237
2743
3777
151
9152
1888
4916
6969
6836
5930
5559
5308
8880
3263
8424
5388
3589
5082
5729
1874
4684
4071
2835
2694
2254
9559
4434
2834
1102
3055
9197
4034
2502
2687
6456
1831
605
2432
3944
5739
5426
407
5770
751
232
9526
3760
1121
3790
4690
1289
7689
970
1055
1324
5041
7713
7511
8849
8181
9013
7161
2988
4256
4524
2206
9559
6214
3737
3927
5370
9632
9945
4083
3914
6850
4508
4141
9595
4089
6861
3201
179
6496
1744
4975
4973
9649
2328
6392
4535
7896
9218
9814
5816
3779
2353
4984
7153
3430
9526
698
6783
3596
1436
4755
4250
6616
8750
40
3758
4232
5622
3854
3347
4507
6706
7452
5595
9353
9780
7279
7831
2833
4983
9912
7158
6704
6538
960
9355
429
8362
6315
1610
4242
1824
874
6672
6404
5123
1051
7292
2995
2172
6651
1405
5373
7637
3035
7561
2253
5260
8080
3063
994
7306
6692
8169
4778
1658
8667
7498
1005
920
4064
8928
3957
9176
1469
5486
7467
4128
6297
3833
9501
3939
1116
5125
107
3643
4478
875
6306
6514
8958
2585
1984
6477
1071
5542
2725
6742
6684
8864
9306
8708
4251
1668
5900
6425
3344
585
769
2744
5832
4410
2379
3985
966
4526
4090
7674
1195
4374
4891
2923
5006
7298
6830
4902
7499
9120
262
162
9559
4834
2970
9235
8306
203
4776
5367
1029
3766
4313
5551
8635
7858
7296
9528
6732
1342
5563
6933
3509
4397
6380
891
6099
5926
5570
5688
9789
5099
5072
1649
3666
6708
4319
1655
4184
7976
4175
4245
6595
6359
9400
7129
4550
6790
9200
6492
2196
1959
9333
6320
79
885
5625
4421
8594
2057
2910
3304
1098
7452
711
5016
5886
8458
6606
8118
4912
7103
4964
5080
4092
3905
9139
138
5885
4457
2031
9571
7007
911
9371
5903
5855
6241
135
2014
1502
895
2599
2840
6116
5750
7231
7179
2114
120
4667
7219
7632
5077
8475
8228
7509
4024
604
2919
2004
9055
7729
9247
3939
376
3792
9527
5768
677
8425
5226
7212
5532
689
398
1
5934
6733
4237
2224
3394
3450
3282
7530
8733
3465
1277
2417
3903
4663
6418
8991
1757
11
5156
5972
3879
9689
6506
4365
7622
3875
1532
4927
7524
2223
1132
9636
9239
7172
211
2156
7883
4478
4103
8628
8379
2449
582
2068
4764
8506
6865
4322
9351
5552
2888
9893
464
6682
1758
9556
8311
6170
3577
2172
3339
5751
4776
7984
294
7320
2833
8827
9673
1132
6278
9457
132
8167
7139
8947
3106
5015
5191
6354
6015
8181
4285
5147
7655
9382
4550
8512
2797
2833
1780
4551
4164
8555
4357
6187
5390
1054
5642
384
1358
104
6291
7477
3820
3888
2394
9954
8116
7427
5848
2593
1595
6828
9431
8249
7600
7763
6502
4036
9323
3756
6850
8163
7125
6192
7799
5096
8979
6313
787
6464
768
2486
9187
2852
37
3966
7437
4212
3976
8258
361
4676
895
2843
4844
691
3887
8195
914
3222
933
2303
4023
148
3376
3562
1779
90
5625
3389
6240
2031
1137
8329
8537
961
4661
7
7680
6398
5616
4327
5932
9167
2046
4710
6990
8767
600
8747
1470
2793
2208
9279
9783
8367
443
2044
1291
9799
2198
7070
9252
8512
2806
23
2921
7106
7792
5391
8089
2691
5729
648
1494
1670
8732
7535
6609
9583
9214
4206
4847
4977
8895
4415
7605
24
488
7355
3109
6338
923
5281
6932
7575
2595
2658
3831
5226
3929
2824
8474
8600
2528
407
7740
286
7838
9132
5531
5351
8807
2786
5527
1010
2951
8963
1718
7666
9180
1707
4259
4863
7150
3465
8468
1257
3884
4159
87
7181
228
2840
295
7521
9695
8281
2017
7785
5415
2624
8877
5756
2213
5129
876
6928
4123
272
2589
8721
9547
5616
619
4641
4450
1818
7303
7562
9781
6993
9901
5919
8566
850
4341
6704
3315
6322
3561
556
4555
1055
1662
4001
910
5000
177
4287
8832
8409
7599
4986
1961
3198
6881
4974
7948
24
5778
9581
6994
462
5118
148
402
2443
7336
9500
2064
2229
6296
8844
3343
5006
6992
6347
436
2403
5818
6819
1001
2066
2624
5777
5466
4408
7703
9801
3231
4024
5128
8327
4678
4696
2028
3840
3565
8054
4708
2039
8841
1959
6435
9291
1062
9376
9736
4509
6428
5550
6555
4720
8426
6511
9747
7385
6049
5235
9986
1750
5376
1101
2670
9083
6567
5108
2605
8055
9946
5063
1468
3621
8372
9309
5068
5135
1781
473
8970
3308
3770
2556
1161
1226
4616
1637
349
1607
1796
6723
1991
1225
3426
6188
4216
9582
7384
6790
5956
2317
5245
1026
3845
731
5428
9832
2729
6810
9839
1454
1289
7532
5538
1986
4150
9653
6294
5831
674
1518
4982
9244
6280
5878
5929
8247
7322
8179
9580
3953
9253
6294
1387
7979
8899
1789
6188
2687
2589
7634
7177
6993
330
9584
2360
9476
8
8005
7192
4409
5606
8083
8346
5474
8443
529
3818
6932
3415
1023
8136
9195
9829
6567
5447
8823
5017
9310
2114
324
3867
9769
9990
6440
672
9869
9680
5094
2322
7822
8451
6575
3036
6841
886
5096
1651
5710
3400
5798
4404
3813
273
8870
9446
1938
9622
3833
1212
7394
6008
2589
1994
8917
9802
8903
7952
7142
2733
3947
2232
2357
4490
6126
1848
3541
9836
8211
1461
3825
4807
2018
868
7146
265
1815
3390
4652
5691
5606
4591
6495
595
8668
6267
7528
2106
8576
6190
3359
373
2121
9086
2636
8882
553
624
7963
6641
1287
5507
3118
2444
2779
6620
6322
6725
4178
9023
5689
9706
2369
2168
2694
4823
6965
5219
2152
4953
2953
8494
4029
9306
6802
5944
152
5950
7668
8886
5998
3577
4648
5330
201
8187
8997
5664
7567
1209
5834
3631
4077
7656
542
9768
6029
7960
2958
4887
6600
4044
5861
4979
2932
6242
795
3515
9197
9539
2388
3790
9666
1784
617
7559
6615
1990
3012
5524
2376
4697
2916
7265
7581
153
7553
6358
1560
8842
3081
7482
1947
6950
6089
5954
7879
2335
1223
1770
4064
2916
8204
9230
5516
4418
4143
9109
3130
7956
5484
5803
9071
8232
36
1226
1051
4703
2142
7220
1242
209
6603
5808
3303
8427
8008
7726
9083
7302
1676
9048
7651
5029
3536
4968
2848
2971
430
8096
8087
6038
9794
3930
8024
4140
510
4252
2508
3360
202
7015
6792
9825
5416
6189
6111
272
4262
972
4787
9484
4076
8843
476
8715
885
896
1953
1543
7754
5116
3474
2866
3882
7076
457
9512
2630
4349
1477
4176
1880
8178
5110
7758
9924
2549
1927
9432
5047
7136
5044
2867
3052
7718
9197
1737
2621
9564
6899
1577
5527
6589
4096
1724
3238
3966
5347
2159
5695
8319
3160
3570
6925
4603
1990
443
8258
5484
8322
5384
8383
9277
50
3711
9088
9966
139
9652
526
5582
1851
2535
6600
8472
1779
1766
8636
156
7356
2486
3982
7880
4875
2506
7643
659
6639
8078
5368
2359
966
1171
9811
2712
2031
4950
1467
5285
6795
7039
4796
6010
3821
9635
3874
9327
9024
5463
3119
9553
5432
8642
3175
5243
2912
4525
1864
5505
7987
4329
7192
7928
7126
3581
374
3749
754
315
7299
4017
8799
3262
2073
7749
4364
7411
3033
120
4988
4320
1027
354
7962
4069
2030
7164
2605
9342
9991
5431
998
4786
934
4229
6758
8059
1197
2808
5405
7058
3034
933
9357
246
2139
8483
9597
8441
4993
3366
7257
6487
9933
1683
9559
6452
966
6576
2340
4657
173
7034
2893
9611
7976
2625
5018
8160
9179
7396
9156
9342
8421
5636
1432
7482
1861
168
9971
858
8125
6301
8669
7232
8255
6535
610
1763
7781
7273
2667
8123
9325
1949
2188
5753
6272
8896
7894
561
4692
3117
7276
4821
3895
6932
6035
6351
3084
8775
5667
7130
6546
1521
858
9406
3087
2724
8592
8886
7581
8893
6645
4815
3339
4293
8470
8896
3636
4135
4670
8385
6748
4537
4393
1753
5814
1225
1044
8024
6146
7525
8224
9037
5476
8935
9206
5029
8161
9995
5796
3809
5251
1295
7989
9330
5723
614
1343
372
629
7736
7974
4548
2055
5018
6254
9439
7012
2869
2237
9737
4509
4486
9423
2167
7255
2609
867
8617
5672
9875
8691
1687
1194
8419
5873
4327
7314
9715
6588
169
5978
7961
9842
7071
7770
68
5920
956
6966
8686
8388
7479
5953
5549
5587
3644
9711
2325
4199
3519
8376
4254
176
2126
1496
477
8460
4643
2531
7825
4065
6786
5366
1884
7254
8053
4616
3181
1874
5554
9040
4422
7628
7861
7584
831
7377
5983
9903
6502
5860
5403
4469
8592
8880
5977
8655
5745
8633
6905
482
8100
8369
357
860
6695
8022
2731
8294
4359
4216
7958
9349
8899
5289
6408
1072
95
9469
8646
220
4424
128
8752
8275
8462
4055
9819
2964
4339
1038
8365
3427
7359
3121
2741
81
9310
870
564
182
5734
1704
7324
699
2120
8430
8675
8980
5250
3018
5587
2426
5247
8718
1458
4663
4220
7640
4793
1883
7816
4142
1236
907
8919
6932
8053
5177
35
3979
7093
1870
7040
4291
263
6372
5401
769
9674
385
6332
9772
3468
7837
6303
929
6886
1844
7262
2615
9464
1815
7235
2669
5297
6893
6304
9487
2874
2359
219
2311
7952
7218
2758
176
3661
885
5595
9957
4242
7593
8337
9096
7491
856
2653
4303
511
6271
8999
537
4202
589
696
5999
601
2478
1293
2005
1609
1249
7339
5167
6364
4
2783
8208
7905
5057
7680
4318
4767
6738
1412
1106
6141
2289
7947
3835
2145
1322
476
6178
3380
2337
8395
4104
2095
4288
963
4171
6804
3017
8789
6167
1834
8170
157
3050
9782
1694
510
7216
9987
1232
1082
8125
1791
7770
5471
9817
6385
7019
6465
7701
8954
1319
1616
524
6103
329
2710
5444
1920
1044
7583
4404
7872
9175
7861
1231
6866
6526
7271
3839
6436
2741
886
3325
6427
1512
492
2477
4051
133
9385
4070
4688
8147
3963
2750
9670
604
5561
5541
945
374
5804
728
786
9119
7147
8070
2375
2470
49
5487
2022
3271
9517
4728
5269
5166
5622
4298
1033
605
4873
5979
7178
7528
1809
3300
5407
6110
2177
5777
459
8738
1040
6152
2211
407
9506
6305
5178
5498
4639
8980
6716
169
5091
2047
4435
5522
1954
5494
7193
2950
4597
3189
3867
428
6164
4674
8262
4369
5378
1213
3010
4621
1264
5257
3415
9394
191
3012
271
8414
9206
3698
5386
351
6491
3368
9192
1094
1442
8100
3479
9508
592
8234
8809
2209
9306
2986
5088
4283
6175
3789
3881
5003
1054
3725
5347
9876
6182
5540
8986
5301
744
2669
2325
4878
90
71
8280
6607
8587
520
7462
1259
3199
1806
3526
603
9862
7505
6129
7520
4573
2612
7414
2976
9792
762
5866
6690
1370
3701
1439
2932
2555
4121
1440
6265
3540
9823
1398
9889
7138
4214
2378
608
645
3684
2104
5200
1020
1435
6604
9218
1871
7942
8475
5856
4841
8338
2593
9486
6880
7466
5058
1087
6689
1674
159
740
4941
1477
9112
5023
8794
962
6472
6198
9399
5361
2193
2162
9905
2380
4677
8887
4795
8680
6190
9518
6829
1803
4011
4046
4139
3751
4535
6186
3072
7572
6983
6884
5432
733
512
1438
455
4976
6787
5233
2521
3609
6598
4119
5479
6632
1409
9666
6658
4494
4705
6064
5200
839
4300
2822
5920
7633
5026
185
8875
9148
5580
6379
4457
9465
3299
1954
6301
6404
1376
5941
1615
7630
9964
7040
8564
2323
4387
7784
6587
3211
5273
8520
4102
7324
73
312
8115
3596
5014
3727
8215
9396
6176
6815
3862
2304
2566
3247
5713
2515
7842
247
3948
5271
4149
3364
8490
994
7807
8619
9544
2036
8075
3466
6788
5293
6245
2138
3256
5803
8777
5377
3174
2417
4313
7284
5601
1332
3755
5145
485
5679
1117
9418
469
102
2358
7382
5647
599
4474
1073
3470
5788
9945
2460
3052
8749
5700
3535
7474
8403
8509
643
429
2023
9723
2508
2878
8985
7031
8819
591
3629
406
5330
7229
5807
4658
5113
534
3415
599
4078
4401
9784
7256
6912
596
2530
7147
6140
1909
263
2408
4376
6497
1819
4329
3421
4771
8132
414
979
7602
3681
4416
2820
5817
8615
495
7394
5060
8087
5227
4932
2468
9995
6587
7179
5775
879
414
3252
1207
9740
8764
6486
5061
5487
4023
730
4402
3993
2563
5195
994
4767
3872
3187
1789
5266
1648
6501
1419
7513
7049
8969
1292
298
7720
8753
7457
6503
2640
8795
106
357
4254
8447
2797
440
9562
7768
2367
5131
7852
9231
3059
1676
7848
1491
220
9971
8536
581
8497
1698
8549
4688
6364
4424
3602
1718
2974
864
9205
8405
5235
8151
7298
6648
1869
6267
4885
3498
6416
3454
5676
2213
7769
3322
1039
8648
5740
5022
5213
8792
4088
7383
5652
3741
3305
2298
8045
8253
7994
7773
9201
4342
5125
2757
8316
3829
8217
5594
7261
5748
8263
9639
294
8735
9881
526
9303
7319
7790
4985
1217
9776
2886
7226
8473
165
4167
6355
7692
7996
6730
9986
7401
5107
2597
4756
8704
8297
5574
8811
2149
3786
8424
9578
4784
4578
8933
8893
8036
7059
4841
9941
4954
5442
1102
3073
2041
2571
3481
8856
8068
2261
4305
6275
9009
5231
2663
3928
4001
6650
6214
6736
6241
7345
1833
9642
5644
7602
3619
9177
6939
7040
2191
6920
7578
2546
1444
1342
7175
5587
724
1757
2954
6124
1218
1748
4556
4495
94
5652
8485
746
2847
1615
8870
9579
8763
8508
4223
243
7270
999
7727
8851
1300
7670
5574
7683
2029
9927
6872
3314
636
2981
7024
9495
1731
2985
9342
6246
8863
3628
8543
2526
4532
7002
