8843
990
9532
5567
7403
1836
1328
1349
3856
1398
5544
7433
3747
2102
896
6200
5094
6334
5320
127
3409
5291
939
4905
1256
2986
4877
7701
6053
9861
4560
214
1399
9974
1795
5732
4070
1436
6232
9087
6433
8539
2512
8052
2806
3918
5590
5673
3038
2312
2308
7298
5907
1127
4422
5494
1934
826
7369
7307
5473
3273
5135
9069
958
8755
2835
7646
2146
6645
4051
3016
5330
998
2462
4862
3776
2016
2332
6145
9850
2584
3604
1581
9311
2607
1950
7971
7502
2177
3382
2386
1198
3242
233
271
3460
6136
4688
1459
3220
1596
9830
2451
359
7658
3799
9883
3700
1104
3207
6692
782
6116
3964
9493
5995
2645
9705
6213
2189
8660
2631
862
4190
1867
498
8413
6444
7179
7246
70
2255
5252
3621
9141
3971
7677
62
367
9815
2931
5082
9191
5472
7774
1086
6588
9674
767
9784
3055
6797
4070
6417
8915
3992
4545
686
5021
9084
8798
5122
6827
8375
1089
2131
5377
684
1409
1031
6974
3596
9324
7787
2221
131
6155
2671
9544
9937
4657
7378
774
7987
2557
3030
6613
1501
7198
8160
9779
9223
678
7582
8262
8529
7863
6677
4060
3364
4682
661
3260
9559
8127
7499
6027
3883
5615
3812
2171
7731
8301
1241
7006
3443
7275
780
7656
5540
4616
4940
9954
9936
359
680
3563
3841
587
8190
8633
7393
3774
6127
189
2269
8449
961
4565
8363
9054
7360
7451
2693
4905
7810
9690
7713
4309
7621
2224
7582
3474
4056
7951
397
5396
5027
3550
5321
7184
3939
7549
2629
4671
3558
1014
5265
6101
2319
7662
3353
8555
6519
8090
1562
6392
513
2863
6640
6382
5831
3938
3921
1057
4038
8814
8960
9827
3059
163
9440
4410
9544
6971
7717
3858
3263
7529
2792
3759
6074
7563
2023
1243
3117
2974
9382
6606
9065
1600
8822
764
1269
3568
6128
5144
1371
5985
3263
1222
2076
2622
1287
8509
9057
6936
4901
4331
575
7643
9797
5907
9958
991
3034
1234
9862
8617
718
3120
6671
6865
2950
7905
515
511
576
7579
6490
5951
4428
290
2050
7747
1252
7022
3985
344
10
4078
1705
7024
8380
4854
2278
8430
8726
7748
3815
8273
4725
6257
7206
327
1235
1570
5302
8179
1796
9134
9624
6666
6396
8362
4746
1543
1050
4384
8493
1886
4709
2495
6177
8413
3458
8827
5295
2446
2863
4725
4786
6985
1999
373
3955
6502
9667
643
4816
929
9489
4406
4649
406
4899
1892
9494
4940
1502
7735
4488
7790
6637
1969
7787
9604
5690
5606
7780
1456
5289
5656
237
6052
6097
592
8330
7441
4344
6888
6247
315
1130
5174
1968
5688
7781
9426
6508
5271
5075
3816
9367
9277
3685
8345
7675
8154
1865
6476
3610
9850
9912
5458
2523
8984
1551
8967
3790
4877
6407
8036
366
4646
931
5810
226
1028
8742
185
9679
6492
1118
5254
6222
3183
6033
9259
5925
4756
7138
7600
5765
8960
416
9319
6288
1320
1020
6221
6100
5725
4932
6012
6425
695
9937
6078
4339
4941
8777
3229
5971
1615
2210
517
5760
3463
708
2298
5278
6036
1898
4294
7433
7078
9301
8587
8080
2888
3404
3734
4192
8694
2067
7652
4668
5872
7879
2335
7894
9671
916
1873
3357
4581
6851
8794
6355
7289
6468
2796
5129
4271
2371
8258
6633
5870
9242
5521
6239
5819
7571
4759
6550
1676
6008
7856
6395
806
4282
840
9040
7511
74
8698
7231
8112
5030
8535
8376
6490
4851
6035
6825
3818
5860
5945
650
2191
6837
3198
178
3927
6102
3171
6313
9042
4583
9828
8938
5086
3341
7453
8980
2609
7022
4045
783
3717
9310
2690
5718
6286
8983
1796
68
3383
2414
7054
7631
3451
9608
3334
6412
6207
7353
6046
2845
2684
2900
3155
5486
1642
5092
4979
6664
8200
2069
6860
7487
2265
560
7727
8079
312
5586
610
5198
9740
7496
4165
9885
1222
4456
5741
1153
631
4831
940
4728
9311
1603
9922
2394
7824
4132
2429
8782
6497
1908
1739
7557
7518
9199
9216
4903
5645
5817
2355
7529
2683
2019
6275
1512
4757
9370
3815
9653
1251
4892
642
9212
4062
2967
4069
6066
1587
976
863
1498
2239
7117
6560
164
250
7440
4859
8324
9648
5664
1961
2042
9546
7029
6042
1379
5436
2928
711
9532
9239
4453
9107
398
7806
182
6080
6378
726
9085
3981
9249
1607
5541
2653
1377
9087
8933
6899
3160
1286
5979
2057
9302
140
225
8240
563
190
9903
9794
6138
5351
7965
6627
225
2515
1762
1862
486
7103
1006
5292
4327
5740
2672
1927
7054
867
4821
5500
9575
3314
5854
1783
5248
3012
2652
1097
2300
7743
4523
3068
8243
1863
7112
6055
5482
3024
5632
8716
1418
7681
3703
2735
9072
8675
2498
9234
4161
9608
5297
8811
9143
4473
1852
8071
5052
9432
3593
9655
3569
3828
2535
1993
5084
3099
5179
2978
7501
4170
7268
6439
1643
3263
301
6234
607
6239
4414
8977
556
5940
7711
6819
4506
6206
8827
6620
7198
8683
7389
6624
9447
7329
6601
9932
4424
8263
1561
9656
7181
5252
3986
9160
6828
3103
195
2706
1833
1253
602
1562
7925
9610
8291
824
2452
198
4829
3579
2442
6496
7643
6999
4370
2697
1172
4282
5611
975
3527
3725
5279
5282
5998
7734
6336
9908
46
8586
3202
6857
2169
8543
6703
1629
7696
6831
2347
9621
3832
568
3125
3981
7815
3009
7926
4241
5291
7527
2969
5703
4472
1606
1671
8266
1724
6499
7693
8962
8545
5222
621
8030
4942
1269
8734
6675
9258
2667
6209
2958
4558
4055
4529
5093
6502
3649
7814
6684
7716
7031
2982
4548
7792
7622
3528
4797
3648
6132
7655
7644
1248
1786
623
2184
1199
7408
8279
7007
7398
2672
506
5189
5109
9836
2132
2716
43
4539
6134
6655
8065
6462
9238
8088
7940
5121
3415
9106
7358
3453
1840
824
2832
5643
4363
5116
8334
3539
3452
7588
1559
4354
8652
5199
1935
9162
9009
9766
8874
8851
3916
5037
5703
543
5758
5768
871
1420
2647
4170
3962
1090
5565
7593
3876
8348
4294
5214
5360
6707
4259
9896
4785
3430
7097
7840
8385
7270
76
7015
7560
190
2617
123
2891
5087
5249
344
7086
3801
6334
9708
2039
3159
6755
8467
5073
7345
7908
4785
7161
1908
6463
8814
9577
5423
9301
3979
9231
7204
7433
9587
5865
3967
100
7292
6607
4818
6691
5517
412
4062
9214
4458
5674
5263
1125
1098
5146
2351
4968
3289
7517
8538
4755
3626
5810
6593
3429
5204
9357
1448
6060
4766
7152
730
2879
2069
8168
2012
552
4793
1270
9391
4939
4984
9320
6047
2023
8338
4308
4728
2888
2284
1776
1145
7302
2224
9457
6832
8733
2993
6670
5205
1690
5644
1473
6915
9887
9705
4346
6577
6164
2722
1903
2734
4394
7963
499
6715
7133
9407
7777
2498
8165
4027
8166
5236
1337
4691
3369
945
2017
2403
6472
3024
6198
1617
9504
9567
2648
7325
6280
3172
3899
8298
6219
5985
4623
7094
4880
7510
8075
9637
5784
913
9622
2748
6995
4816
2849
8345
4399
1079
6564
6592
9918
8829
6931
5665
5890
5649
7901
4357
4360
4490
2210
614
1599
7932
6926
7150
8243
4870
4981
6152
4570
3384
7821
4979
3083
3217
2851
1333
4342
2951
1835
9628
8531
2000
1927
9296
603
8973
5571
4580
8189
9687
5947
9515
3422
5153
7322
1703
7168
8365
5856
5772
4702
4330
9807
7139
5137
4587
5842
7563
4514
5923
3993
6347
2941
6045
7990
7922
5118
1720
2142
4702
5354
1679
3068
8491
6972
390
648
820
6619
8192
4431
7909
1317
4014
31
3137
7419
6914
5809
2079
5912
1473
8964
2399
6590
9543
9250
9435
4975
869
65
8200
5157
2293
5448
9756
6782
8318
2683
2313
9896
8931
9286
5095
2629
4597
242
6385
5643
5833
3478
8709
1243
3620
9022
7695
4619
7107
6832
1327
1490
5576
9057
150
4784
5470
9843
8032
6872
8925
5657
8492
9131
8313
521
9447
369
9013
2044
69
6118
8901
4741
4385
3487
4225
8267
6381
552
3429
8869
7362
5388
8517
7073
9211
9632
78
1073
5581
4780
2760
147
2814
7207
4967
9452
5943
4830
9169
48
6436
7232
7946
5872
9512
4441
6475
3520
1165
8025
2753
9044
8329
7825
65
7638
604
4185
4425
2775
2294
6497
6482
3072
8405
1170
2241
5043
1516
9967
5325
7827
7840
7006
4716
3453
412
8845
8774
3153
1348
322
3450
2657
3158
2388
5487
5092
6236
687
9442
4839
6078
4360
5823
1938
5525
3406
5339
9715
8250
1337
2798
2569
6941
3810
8126
7422
4178
8622
8710
2161
2613
2375
8709
8512
2366
1657
387
3487
2992
134
863
8423
203
327
4259
8958
9137
7024
4665
1758
630
5983
4423
773
3136
5856
341
3561
2894
3520
1760
3542
8645
6796
1510
9269
4566
8517
114
8810
5595
2130
5602
3050
928
8562
2739
1431
30
7245
6126
906
2306
3269
5068
5356
8125
3982
8917
737
5668
2807
9382
5777
6264
6021
5713
3028
5296
5675
6590
3914
5746
2343
6064
4116
9265
7979
530
4562
1311
1447
3872
4154
4212
2128
5297
5554
9607
6719
6962
5818
8281
1480
8079
9337
4273
9429
9674
7026
9873
5215
1694
9602
2184
3417
5132
1545
2209
9529
2660
8915
1289
771
8353
962
3950
9379
3563
2010
4930
6903
1120
7944
6047
359
2428
5760
3124
226
9492
3506
6670
1078
6291
2887
5266
3611
6380
606
9046
8957
238
3822
8207
8485
341
8839
9365
8115
4845
3593
1107
6921
274
5872
2539
7047
7331
9275
2759
7294
8436
9463
9001
3331
3123
8701
5987
6883
7538
7525
4291
2429
1011
2726
2998
8145
2978
7355
1502
3379
5932
5875
4782
907
2205
4676
2338
4300
455
2893
5851
6686
4366
6807
8392
7131
2641
9720
2352
6227
7555
100
6652
333
3751
2719
1186
7578
3546
660
4443
3447
2682
9451
1270
4751
1653
2826
2470
9386
6716
7979
6534
8343
2134
2742
909
4545
3505
4107
7485
1297
7731
3918
2869
2175
7342
5887
9286
5366
5858
2196
6434
1236
5693
1814
848
1178
5646
4965
3292
6262
2967
3577
2636
5835
3296
8678
9470
8106
4279
2314
1309
1855
4549
8983
9330
6970
173
8616
8470
9624
7902
1441
3286
1997
4296
4471
2223
8992
7403
5065
8873
4148
1066
8522
2576
4175
6207
8556
6509
1944
728
7339
1396
2802
367
2083
2215
1871
455
830
5431
4563
9154
142
3066
2215
6256
9028
7032
9269
6561
1642
8831
5399
9276
6835
6599
8887
3304
7453
7088
8306
2423
7552
8199
7870
3907
374
824
5492
6976
487
4157
3132
4097
1519
6724
8437
391
8638
5038
1133
8100
6989
3204
3299
7566
7656
9956
8422
8079
7836
1546
3274
3192
1230
9450
2999
3206
5301
6857
9469
9837
9749
5851
2840
4465
5321
8230
9883
3011
1948
4006
3532
6520
5764
6875
93
1254
4124
556
9858
8167
4221
3998
836
8992
3656
1776
6497
4588
6786
2158
9165
1489
4668
3413
5769
4980
1246
6886
7470
7272
6048
1220
5782
5201
5717
7159
9528
7607
9252
5603
1454
1782
2772
4034
5092
7858
1331
4062
1711
4216
2355
7947
872
1664
194
4881
148
1470
6468
8327
1201
8232
2047
2378
2223
3714
595
14
1400
4421
52
6476
4845
1198
245
3305
9039
8226
643
7207
2839
7567
7339
6164
1795
8702
5033
6016
6797
597
5166
5933
3849
8953
1293
383
9290
3024
6002
4802
1554
6980
415
4491
6933
1476
5989
6263
7848
6501
2699
9279
5948
9461
3790
7709
2881
1248
3605
8344
7256
7483
6624
7163
3945
3230
3389
5957
6701
2287
4742
5929
6585
3465
3066
7477
4920
8812
9766
6735
6964
3933
2624
8828
5841
4846
352
1034
7142
937
5148
7021
4089
7670
9934
2183
1541
5723
3108
8160
8346
835
6051
2086
4002
2263
1337
5469
2939
6953
6158
9463
5510
8288
4070
7231
8139
1086
2726
5744
4471
6269
6384
2514
2739
3319
5500
5652
5858
5077
5317
8629
7
6223
7022
2364
4384
9619
7999
1816
4531
545
1136
6658
8163
9282
6432
7455
6383
9112
5090
2081
5591
8417
6629
3884
9340
6453
7615
1622
9347
8079
8933
4760
9478
3945
4265
9985
2647
8239
3233
1514
3058
2758
9936
1284
2462
1509
5523
3597
7871
673
6586
6242
2507
5511
5649
6687
886
8323
9241
7953
7421
1405
7944
268
2700
8611
4122
3832
3068
9889
1283
8598
2573
9981
7794
8065
8923
7631
3987
3200
5472
4445
3473
7111
8086
2517
7589
9901
9607
6628
2592
313
1763
2516
8626
3750
3117
7618
8644
6661
707
5292
1784
6305
2024
4441
2106
4989
1311
5267
1779
2234
9110
6352
9739
8821
7549
6751
6728
6541
5105
8061
9079
7458
1066
4487
8550
3673
6093
3705
4587
1116
7534
5317
8021
750
9910
4704
2045
7820
5117
3334
4504
3663
6869
638
9996
4606
4627
9111
9292
449
4345
4098
5874
3264
6420
5530
8952
3385
7632
1758
3588
9713
8611
9471
8781
2786
5933
7748
3934
3346
1610
4795
8982
8820
2945
3386
3400
7560
1388
2723
3446
7725
6708
1174
214
1111
6712
561
5246
8652
8026
2611
3713
4392
6486
1086
917
3504
7680
1754
7040
1171
89
5206
7744
1276
4397
2073
6212
1733
29
9991
7242
2710
4180
5999
181
3131
9607
9345
1834
6275
6158
6637
3832
6517
8474
5350
8209
621
5122
7638
5945
5059
8542
8619
635
3660
8399
399
2802
7307
1033
2597
6491
1040
142
4303
6884
8160
6328
7501
9665
8901
626
5279
3947
9964
3107
7548
9989
7436
9337
4939
5085
3766
6030
95
3578
6968
3689
1039
6936
5292
6948
7091
6958
4686
7062
5675
9592
8202
9052
2329
2550
771
7864
8591
1184
1953
2982
5219
3364
1986
3495
3759
5406
6832
7116
5700
8098
9043
4289
4495
8921
3598
771
5300
6470
5012
7247
1703
7540
6301
5881
1497
1630
3444
9798
6255
666
8856
1366
2159
1555
9586
2673
9284
3201
2694
8157
4528
2471
2978
2137
1265
3849
6147
3466
6684
6888
7687
6159
2214
6588
3870
3970
9250
4269
6922
254
3796
2173
4213
9800
116
7589
6385
3227
5887
9163
8922
7268
1719
3757
3736
4566
9306
2061
3489
1627
4576
6808
5739
3369
8350
5380
367
7260
3719
5430
4393
5621
7554
7102
2668
2159
7735
5184
4674
5449
4755
4207
9377
8037
9164
5927
7401
4349
8462
823
1866
4284
7187
5066
5283
3248
9137
2577
3253
6154
2573
2670
3334
5903
381
255
2465
7823
3547
2149
5434
4975
278
3761
783
7045
9795
4282
7707
1056
1936
7165
5540
2545
7785
1329
6692
730
4083
6293
1236
977
4358
9017
5620
8256
7992
182
8456
6845
9860
1803
3581
5585
9834
1397
681
3111
6848
2441
6127
276
1094
4753
3106
7437
9766
4786
7617
5721
9274
278
2385
6308
9128
8650
8600
1052
2265
9750
5429
1516
7047
676
4094
8051
580
4703
3985
480
2247
1034
7500
5212
8242
8281
8823
9780
8191
6272
6735
5426
2185
6631
7294
9095
6518
3990
3286
3815
722
4451
4653
3457
6967
5173
4497
4969
4232
5907
9036
5491
5245
7070
4611
606
985
3656
6185
6363
679
4848
9473
9913
7171
9852
1712
8719
1349
177
2689
3349
263
3521
7218
2639
312
9809
923
6102
6010
1094
495
837
6789
7852
9131
1741
7134
7587
1899
8149
3826
2406
4460
3570
4397
9321
9628
3407
8439
142
2685
201
5198
1620
4121
9226
9567
4525
3232
3360
9821
4171
780
7897
8484
966
8934
4956
4967
8380
3057
8439
6405
2597
6419
1825
8490
4866
3108
2252
7650
5058
1136
7673
5049
3329
1382
2759
7646
6285
9251
8169
9494
9429
4713
7475
2812
5169
9880
6769
5798
7080
2831
4004
7955
2514
1675
5514
3216
8059
6254
3705
9210
6449
6955
5751
3837
6314
4606
505
2155
6100
6185
4838
8825
746
9992
8744
8899
4656
6694
2734
960
8876
8537
8880
5104
3153
6456
8625
3297
5657
5900
8602
897
9086
3668
2057
4670
7445
1283
453
8970
3991
7493
9836
5914
8302
4527
9163
6701
8680
2883
6809
1225
2139
9986
9248
576
8038
509
169
5906
7007
5492
4260
6461
9198
5743
6897
5808
9205
6315
7118
6029
2074
8827
3533
92
6659
5008
5440
6860
221
7060
3972
3204
5033
208
7447
2632
5220
9870
6600
5527
5361
3000
6874
2369
5220
6575
8036
1094
7422
5960
1992
6330
9232
4849
5166
7477
8478
3281
5468
4406
7043
4525
4292
6439
6922
1046
8842
7195
4735
6832
9296
5908
451
2014
9329
6610
8454
8441
1334
4566
9172
1488
5864
7604
1215
1448
3779
4647
4996
8549
9410
8926
7341
6321
3901
2052
7474
184
4172
9469
9437
823
839
6205
9561
1465
6492
8531
3558
448
5691
2258
6587
7733
3073
8495
5960
2503
4271
6486
6728
895
951
7768
9663
5316
8355
6560
3270
2106
2050
9315
8448
6486
1759
565
4327
8396
6863
4376
4360
9273
1159
8063
9080
4749
7640
352
578
3920
2136
7432
1886
5237
1214
7609
8239
5163
4666
9134
2920
5072
590
8560
7772
9025
3245
2033
9682
9501
4415
3989
4097
728
9470
8672
4990
8138
8624
2938
5567
2087
2481
9839
7722
2122
9324
4324
7167
1818
310
372
2526
9327
4599
5976
5287
3229
9637
5173
413
2047
3135
4846
5429
3167
3267
9866
6241
4370
9117
2113
6099
7857
317
9153
3104
4369
4692
7709
6371
8756
5370
6276
7755
4025
1886
415
1939
1390
5803
3140
2571
742
3524
88
424
6325
3164
2706
7013
3704
1764
5898
2179
465
6082
3616
6037
7728
3114
7208
6417
286
844
1987
851
7155
1625
666
8276
4087
5251
2532
610
6821
5569
230
6669
908
2556
4842
8126
7279
3448
744
2467
6860
7138
784
9579
202
2963
6138
5083
8555
1022
6133
4267
5121
4412
4540
5424
2701
6769
4439
3014
8482
6250
1581
2409
5640
2150
7014
7200
1821
30
5247
8743
5558
1554
9399
824
7283
7762
2326
6453
6768
7318
1406
981
5447
2602
8201
7609
9123
8153
6114
1081
832
948
5631
5103
6830
2255
5740
64
4853
2953
5955
2018
5906
2455
7239
9343
1135
8043
4545
7173
2448
8998
8337
9686
8890
599
9190
1971
974
6702
6952
5136
7187
5602
7858
1716
8898
6540
1998
3344
234
7918
2377
4137
116
6659
2453
6804
1218
403
4541
4397
1632
899
2595
9363
1276
1640
1701
7219
6721
6678
8735
2944
5295
1017
2090
4316
7559
3551
3409
8310
1506
3408
3140
9008
6113
9995
6405
5931
4399
1374
6496
1729
1091
8865
5608
9663
978
5600
9084
3085
6305
8243
5593
4860
9496
8860
2393
923
4914
1597
6057
6837
6496
5875
536
9322
3965
675
4459
2648
28
5791
8557
503
2430
276
8580
9742
9761
6819
4943
7813
722
5003
5659
8232
5106
5216
2421
852
9766
442
8858
7681
6904
316
682
3980
555
286
5578
9328
8140
6202
2745
8225
7989
3376
1722
7364
2091
8486
9696
6446
7111
5856
1369
8664
6849
3128
3089
8956
8087
5417
2167
4878
9278
1022
1244
1690
6896
18
9864
1094
3571
547
8694
5891
251
1561
7696
2118
9461
7853
213
8909
1988
7335
8743
528
3161
8104
7841
7878
8843
2944
4341
3745
5430
557
4660
2695
847
9090
439
5245
5094
8991
1178
3410
5892
8354
3096
4182
5188
8954
5026
6182
7150
1892
2744
4212
6430
4501
8010
9335
4291
1170
4424
5356
4244
3374
4454
9384
9901
2065
5851
3611
9383
9970
649
8482
7925
3697
503
8154
1386
9939
2489
4508
4664
7739
5953
985
8164
6626
2927
5171
5782
9314
7252
4981
3868
5893
7988
3136
2893
9317
3306
724
9195
5391
261
8999
5058
6329
336
3365
5485
348
5472
9460
7239
9104
2502
5410
4559
3555
4852
1085
2261
7542
8332
9935
5298
2980
436
180
9076
3536
5110
2346
1910
458
8628
2548
5630
9373
569
1962
7151
5960
4522
9793
6863
4391
4507
3491
771
3005
414
9194
2263
6480
6678
6798
9050
2785
4233
2616
8949
8583
6772
2402
268
6295
8105
3086
1469
3778
6244
784
2998
2651
8379
1288
5043
1235
2691
8496
9109
8227
383
7854
8734
8214
1876
5350
9576
3376
3528
4928
1381
6142
6680
4849
8193
5435
697
3769
9028
2253
1446
6392
5220
7690
2024
9437
504
4746
7748
5213
4167
7482
685
7612
2878
4090
9115
5515
7360
7732
4932
255
7080
249
6358
1242
3274
106
3142
1544
5031
4704
5539
8503
5311
2872
9492
6580
9425
63
5072
8110
9182
3829
2556
4297
9772
6833
6686
1026
518
1489
1377
2842
2128
3148
6897
9601
4329
5959
4086
6960
1161
4176
6446
5634
890
2394
1395
3424
2067
6213
6460
3592
3790
4793
2990
6601
7579
8527
3203
1502
9614
3500
6995
9556
9508
4555
559
6266
4819
6966
5021
5732
4207
9697
2797
7372
1128
7971
6265
4069
305
3345
3419
2381
1244
3161
4473
9727
3136
9256
8236
8546
93
5624
1327
6642
9862
9546
6658
6217
9324
1164
6013
1065
8892
1511
9330
6985
2591
1399
6731
5417
8720
6791
2035
6003
7034
9673
1217
9072
8431
7968
9022
9444
629
3450
6439
2712
6602
6077
9919
162
5177
4732
7100
6659
4277
2277
2241
4301
146
8011
8444
8318
7539
7212
1206
3517
3325
6590
216
6320
3323
3994
4237
3800
8283
2597
5138
5209
6614
3143
5001
9146
7036
3402
9869
597
4733
6065
2256
8924
869
2162
1264
281
1839
6626
5145
7631
1146
1515
1524
5570
9289
9980
6540
4256
4979
541
3969
411
2587
8446
7014
9444
6619
2203
2820
3573
6377
2494
8450
3850
1260
7265
1308
5453
8951
6878
8432
7549
5683
4805
3336
8235
7516
4393
8545
5569
3490
9431
9082
6895
2719
8452
2792
2403
7256
6050
6102
8804
5117
4079
6410
108
1098
4075
7011
9807
4960
6819
9790
2956
4750
1695
9944
7967
2616
6516
9438
4112
4746
8070
6880
7964
4870
7278
3700
3629
5369
1508
22
889
9467
4138
1485
4628
613
948
777
6179
8333
5447
2073
3918
9533
6253
3561
8001
9746
4546
3144
2208
9248
6783
359
2116
2547
1360
5421
6982
4064
3988
8344
9990
4042
8017
3663
1976
7936
2353
8978
1116
5475
7405
5555
8153
6630
6404
7245
4886
6398
3464
4434
3589
3449
2261
2820
1531
4411
4015
1161
9936
2707
4103
9953
1312
3084
7465
371
4587
7039
4629
4019
3215
7062
3624
6497
7040
7771
775
7115
6514
4079
4248
2930
2051
3751
4348
1849
4967
2081
7549
6426
7280
7796
7824
9764
7210
2229
3862
1727
1457
7974
2021
9343
4208
4409
6094
5366
5351
3666
1211
5652
8168
5482
8279
3290
7582
1968
7529
9869
4186
2282
3374
8037
2523
6041
2147
9893
9993
7354
8236
8293
5471
2873
5364
9082
7075
1216
5873
3976
6898
942
7923
1598
8541
5186
5785
7759
5562
8390
4223
5761
217
1881
8984
9310
9524
8869
7141
8312
7361
7183
5551
6698
4455
7900
4566
7129
9483
5344
5366
5929
2262
6850
3955
8236
1876
4908
7714
4901
3564
9839
5491
5771
1255
9971
9022
4057
9007
3595
921
9394
4069
4871
4019
2353
2767
9331
1168
8143
2620
2317
4658
2334
8661
8836
6064
9074
8194
6060
709
4463
2982
1805
1784
1966
5929
2843
6052
281
2720
625
7363
3014
698
6871
444
7328
4841
1682
5509
7856
5228
7914
3047
5419
9205
3751
3837
1109
4235
5781
1864
2771
8270
1926
4755
9838
1859
3302
4605
1875
2347
7306
6616
9192
8644
5362
4237
1545
7387
1037
8570
4496
9372
4380
9242
3635
633
9231
9823
1831
4371
9467
4814
4371
5591
6605
1814
9007
8632
8280
6687
11
7013
5930
5772
6572
6806
4316
7468
1153
6249
1369
178
6804
7907
9366
3919
3036
5973
8239
5193
8287
3053
2179
2778
2452
3541
1669
7160
5766
1485
6324
3132
7941
128
3924
7745
4807
7205
5611
5467
3740
149
5928
4722
3983
9891
4717
1881
7304
4749
4957
3711
6350
9934
4784
9426
794
5181
9828
2026
2374
5877
558
3033
2789
5650
894
4781
1596
8645
3104
7936
2478
3700
6223
6749
7781
4177
4468
5774
6764
7973
6540
9350
3818
297
4391
5736
7320
8481
1341
1283
7252
9942
4347
2538
9806
6510
7851
2996
7279
1193
6898
605
9130
6219
658
1367
1915
3665
4576
209
635
5410
9872
3153
9126
4387
1276
2801
3779
3495
5956
3844
1922
5122
9599
2532
9157
6920
2351
601
5029
4934
147
4695
6677
876
3462
8309
4563
3942
9844
2853
5563
7622
541
8341
9414
288
8466
5217
6895
9826
9820
4963
8038
221
3309
1353
7870
4148
7710
3520
6705
2368
2279
578
7283
4125
2333
1482
4563
5557
9061
9712
94
4631
455
5477
4222
6644
9454
8652
2128
8934
6491
2211
7380
9868
3097
8973
4189
9702
2588
1982
6199
8730
307
178
824
1809
972
3258
2431
3250
5574
9124
6249
8664
2146
4118
9347
3394
3155
9766
5258
5927
2916
1577
8414
6515
2745
2566
1813
8915
5597
9910
2091
1369
1130
3451
3223
7436
5736
5066
4265
5168
3244
4422
9056
8925
9138
8171
8216
3295
8885
5715
9152
6057
3035
904
3946
7670
5902
7
8299
62
2165
6237
7666
7041
6401
6433
1702
9843
5411
8253
9543
8228
4187
842
4807
3978
6523
9496
4370
8750
3994
5191
4024
6240
3780
741
8971
1256
4270
9236
1459
3642
9944
2662
367
8261
8380
7960
2663
3832
530
3960
8141
1569
8374
2037
2817
7220
4897
7106
5923
9428
9619
5398
7331
9521
2211
9699
6917
7150
1245
4608
5457
3085
1066
9685
2262
9466
6590
6883
8255
337
5802
6782
7597
7101
3137
8953
3203
6189
6392
956
5729
1541
6535
7731
1640
7135
3292
6406
3389
7660
7326
1936
8553
3723
7535
2735
764
8451
7227
1736
2737
1313
3021
2164
9613
8137
2641
7370
3569
4155
2996
8506
6223
6020
2631
5876
2250
9054
8803
9619
9110
2421
3702
9577
8654
4950
4283
7383
4004
1398
5256
6297
9539
4156
9809
2989
5024
3244
4682
7934
4415
8241
6281
3297
4562
2134
1434
5307
7244
4018
8652
9389
8612
8590
1241
9021
9573
2675
899
2082
2002
8581
1017
316
8935
854
5177
7069
7066
7352
3679
9304
6288
1587
1052
8052
4205
815
4962
7917
963
5215
8859
8280
6363
3690
4009
721
7106
231
4665
1747
4250
1780
2225
723
882
7603
1864
3017
8528
4434
3829
5563
122
2181
8639
616
436
8834
2211
750
8131
1801
4644
9049
2160
3630
2797
6713
7449
6869
9442
2382
2145
8856
9669
8003
4952
3624
916
7012
1781
9213
3855
4173
7423
1004
2359
6432
571
1060
4690
4451
5872
1605
8299
612
3142
6206
6679
3881
1789
7553
450
2216
7962
4485
2760
7520
5420
2327
4911
4307
9997
4079
33
5344
9316
1562
728
8193
6215
7897
274
5822
29
3317
4053
2235
6833
9773
1067
5781
7955
6559
7726
6453
3961
5359
2431
4238
627
6278
4255
4329
5708
569
2833
3722
7068
9557
3783
5806
203
2692
6008
1859
4911
7039
5956
9669
4454
1873
3806
641
815
4259
1704
8535
8163
7897
9421
5233
9377
6136
4007
6874
3383
6882
7920
7149
9709
9344
9862
8939
7483
3514
9096
3432
1802
8902
1693
6787
9848
4907
2212
2512
9733
5953
4773
5156
2955
5016
9783
2637
6202
6353
3771
1083
4753
9948
3749
8430
3129
7007
9146
2589
8795
9359
1557
5840
4546
8638
5892
5531
1387
834
5456
4824
1257
4702
7786
6704
2133
7167
368
9093
1778
1077
6238
9023
2622
2716
4322
3361
7221
9286
4008
3463
9232
5190
4708
1727
7547
284
2062
5009
308
4792
6134
9915
9678
2557
8761
7934
3605
9731
717
7295
7612
5864
7974
3947
3907
4117
3947
6346
9909
873
7058
4798
9597
6132
8376
2760
4488
5826
1325
647
5797
8562
6236
2735
9177
1329
8440
6786
7696
9272
1153
7309
9662
6079
7910
5858
4803
3292
6357
6749
9212
1212
2366
1989
8054
1309
7109
1777
3118
7398
1542
8052
5572
9315
403
2406
8430
4464
8969
1537
4761
2369
2817
949
7978
7453
6194
5400
2354
4741
275
7422
5856
5204
6126
7600
6464
2244
4769
988
8865
1594
4174
3257
7669
5616
1025
2421
7745
7502
1202
5278
4884
4388
3904
2857
6101
501
878
5058
4500
5971
3946
2080
4851
7876
6040
9892
2414
7390
5293
1598
6405
7748
5175
2156
3258
1293
4138
9648
5829
6941
1477
7789
5814
6226
2307
4990
9314
5341
2126
435
8542
1355
9758
8633
6682
256
5550
2484
532
8383
4431
8539
6413
8327
2695
1857
7033
7501
9857
3851
32
6754
7960
1091
9457
1826
1886
5240
8998
4953
5206
5328
2419
2257
530
4875
3816
2860
438
2261
3958
666
5067
6615
9326
8696
9744
1211
7669
9957
107
1306
5396
6130
1053
5091
9323
6486
7716
9323
4902
6955
1946
7692
1703
7016
1306
6492
6819
3084
3923
42
3337
1252
9733
8118
2524
4537
7320
1390
450
1657
9931
7297
8006
4736
538
2450
984
5938
6857
7755
1748
5720
9086
347
7775
4373
1995
3902
9437
7508
6824
4087
9616
32
9551
2796
8987
4991
3313
7518
5381
6172
5974
4468
3497
3808
5026
4355
4554
3404
5395
8796
4580
165
6982
2578
8750
8636
8217
2230
2475
8105
6235
8257
7071
9044
9424
5645
8559
7919
8353
6704
4753
2787
5968
9927
7155
5702
1784
3755
4535
7526
2755
4722
332
1061
614
4580
7128
7344
3815
8232
977
9709
6543
8411
6491
1633
5994
7053
2443
1004
9194
9832
7146
6802
1740
3869
4710
1974
7938
445
7330
53
5951
9472
8126
1324
946
3878
9377
9862
762
6952
4914
7750
9911
9818
2231
5118
6449
6175
5716
8506
2690
6105
8053
8028
7694
476
4599
6277
275
6189
6000
2508
9339
3276
4863
8398
5886
9867
2110
4690
1669
8730
8596
7239
8041
97
4023
6045
3626
2201
4142
205
3660
2295
4357
4454
7403
5734
9162
9429
9951
9120
5396
7328
9706
1352
6835
4335
8894
6807
2082
5943
509
4178
6281
6612
9992
9524
2527
4355
9368
5197
1581
1658
9691
8391
5310
3156
4726
7664
7298
2012
9578
4521
1954
6917
2289
7834
269
7843
8951
6703
9137
1386
9589
5988
3814
9186
9272
5928
3412
4739
8656
1073
1701
2739
5381
7004
4660
4617
5876
7934
3364
6429
9672
5709
2798
8110
2243
116
9667
9567
4523
3335
2032
7615
2034
8579
2815
3923
1581
6128
7881
2307
7398
5431
9465
3982
3373
1882
7516
8762
9529
4932
6581
3788
1132
9535
8685
96
5973
1947
599
6630
1727
6305
4497
9625
5111
2821
4535
9357
8299
81
1602
7332
8413
7764
6926
3085
7671
2070
1065
3579
7880
8358
2086
2957
732
9283
8018
5855
5338
5315
5710
8396
952
8819
9722
365
825
3996
1683
467
2262
4270
1156
9725
10
892
1368
5446
5510
580
2735
8159
2230
8792
3582
3492
1691
4894
9297
9758
9831
7296
1532
2693
9432
3713
7647
9007
7355
9437
1799
9529
9410
3340
4289
1632
7344
9923
8826
1340
9744
2358
3971
2795
3974
2430
1952
8038
93
5043
8286
578
3392
3942
9444
7589
660
510
2563
2034
7762
349
2247
3699
2723
5438
4864
2594
2852
4573
6314
5236
7896
3122
6167
6322
8237
9036
2895
3190
5318
4918
6318
6062
6616
9129
9211
928
1377
4382
1769
5883
3186
6814
3927
6437
5549
7688
2674
6
8393
7358
9290
5408
1730
8428
2097
5930
334
1413
9600
5239
2794
2076
7780
216
3475
9501
438
6491
929
598
5352
2141
5198
2533
7546
9315
4644
783
1485
6721
1059
7033
7023
6630
2674
9015
7605
4212
9342
9855
6183
735
4414
6105
2516
1202
6134
2613
8230
1304
8218
9113
7953
909
1578
38
5093
4146
716
3702
9235
7607
6232
6964
1437
2216
5868
39
4453
2343
3552
1756
1703
9218
2084
6624
6467
192
8997
8343
8674
3357
7358
1948
3562
7535
8667
1045
6444
2661
6793
8497
8347
8651
8762
6849
71
92
2772
4817
5079
8597
5865
6338
358
1714
4481
8485
8036
2599
2483
4565
7692
8701
4579
2466
2166
9271
2549
9046
6707
6512
5167
6965
4422
3266
1405
3158
1714
6325
6990
9624
1326
419
940
2515
2246
2228
8697
7197
5531
251
8868
5973
4186
5180
187
5679
6713
5432
7627
7164
5054
5767
3794
2917
6122
3840
6918
6437
8851
8216
1358
2193
495
6308
1470
8356
6668
525
3328
731
2092
6080
3262
6217
1966
7438
1772
8568
3016
6407
8753
957
3344
7726
5991
1750
4250
3192
9976
9219
6427
6615
2840
6671
8077
4766
2562
985
8827
3312
9162
1427
2636
441
2994
1558
4204
2200
1528
3312
4294
4535
1565
6347
7182
4233
6752
8315
3770
1279
6536
5268
3793
6039
6801
9574
3340
1426
1597
6182
697
2257
364
9818
8286
75
2278
9472
8570
236
7653
9595
4199
6413
832
9932
412
8365
7778
2089
6111
3689
3018
8604
2008
2125
5435
1259
3360
4071
1603
8431
2712
276
4200
3011
1878
585
5966
651
154
4144
7974
8878
6367
1661
4449
5234
4750
7852
1138
9827
620
6201
2801
223
3507
4172
6651
2033
6254
415
8343
1608
8685
6541
8563
5123
9
1432
589
3259
6161
6327
2111
4221
5027
2299
3537
9570
5559
3292
8674
2685
901
5732
2673
8113
4311
6920
4149
8380
7448
8239
4573
4708
604
4352
2498
6733
3577
5388
1672
6932
6499
1973
6947
8299
6854
2922
9959
2272
7356
2144
183
4476
8542
8286
7407
6038
3175
4581
1725
6529
4213
186
6122
1737
296
8546
3703
853
8397
7801
8322
4441
5188
2238
5096
6156
6460
7151
1012
4464
8161
3996
7334
9923
4300
4106
767
81
7881
2343
9720
4244
518
7253
4322
9465
1927
4006
1752
9936
3350
6674
3280
400
503
3239
8433
7908
1370
2989
9519
198
7226
7028
9057
1223
1394
8077
8164
3016
6575
5539
5560
8200
2865
9652
4728
6522
411
2767
2743
1969
506
7148
4710
3163
3106
1730
2050
4424
6163
2569
1226
7254
5258
5613
5390
3787
7077
1915
2098
4669
6255
5467
8338
5121
5497
4602
8545
3182
3369
4115
6154
1261
6428
3018
5207
7296
1143
4709
2207
2012
8683
6343
6649
5780
8839
4777
3727
3811
8071
2423
1263
118
7242
4645
8427
1076
7650
1372
464
8842
1829
6790
4883
3847
5440
81
3623
6529
1450
5699
6588
5491
4598
4362
241
7412
3811
2030
9882
8804
6302
2486
5820
3877
8455
468
2885
5476
7233
5262
2729
1010
690
4314
2904
8404
1258
2869
7627
9171
5153
9552
4092
1345
377
2007
4933
3177
163
6047
7905
1697
2829
5420
1888
6383
5017
188
9558
3365
7608
9524
4674
4810
3477
3252
9883
7319
703
2137
9078
9418
8286
9344
5861
9946
8263
2802
2122
5529
1162
1904
9306
5087
3961
8412
5020
2008
1123
5249
7904
8636
3518
4593
9548
8470
498
8233
5986
8676
7538
8706
2030
6523
1414
5431
8666
7987
1428
4734
7028
1862
1406
8581
5496
4721
3812
2971
2775
3956
5386
8696
281
9180
4564
8777
9406
3914
3997
1788
5536
3808
1096
6980
8004
1751
3453
3898
480
8224
5717
9200
5974
5813
1825
4771
8814
4747
804
2572
4514
4215
6834
7347
899
5802
672
3554
1866
634
2122
1777
1800
5886
1507
1170
2142
501
9767
6219
8281
8356
9805
8860
6213
2746
5368
7900
7602
450
1549
9205
6644
1333
1502
3528
2532
5641
5925
3150
6820
3722
5420
5516
1456
1250
1353
9570
6624
5720
136
9264
3578
51
880
9877
3076
7610
2471
4294
1735
1929
6785
4408
6847
5137
9812
3322
3598
9485
4503
369
305
589
7561
4193
5707
9073
7693
5861
4013
5668
8979
5564
2055
4402
6162
4960
1688
9687
9778
4180
4912
5141
6598
4617
1175
97
1702
6141
8407
9947
3930
9537
7620
4681
8579
9397
140
1055
7812
6722
586
3932
4637
1219
2564
1988
2648
9025
6692
6069
5132
1610
1059
7529
7679
6413
2721
3864
8905
4597
9666
3398
5955
6624
9842
8688
3294
9114
8537
4862
624
9291
5114
5414
90
425
7669
3965
9861
1883
2076
4730
6762
5580
6531
201
2576
8904
1377
809
2400
8262
4147
7491
6629
5554
2287
2999
7664
7606
9877
9493
6520
7508
7634
4820
7069
7635
7182
7762
957
8147
5494
5497
4016
9582
7380
106
2750
3182
8826
6153
8641
6917
1437
8661
2949
7100
2846
6354
3947
3804
372
6133
1917
4803
9893
59
5388
4579
9476
6502
8597
6989
659
1446
3362
6133
8778
9568
7388
2690
3680
5213
1086
1332
9622
7105
709
8546
6739
5381
8404
9120
3978
8244
3076
3753
3208
3551
2009
4799
2265
3982
5519
8988
7082
1844
4995
2435
9497
3245
6846
6888
1032
8519
2268
713
1217
9978
6907
2296
4787
2692
8623
6486
7115
789
4754
3053
7054
4101
1689
9514
3874
3373
9890
9189
2461
7401
120
7246
4901
1511
7257
3126
3782
4892
2927
7799
2386
52
9835
6193
5394
9267
6208
1506
1867
6797
1627
1441
9532
8319
64
9112
324
3240
879
4667
9584
1527
8838
4537
2290
4770
2592
7342
397
1328
43
5090
6189
8260
7367
8194
5459
5526
4506
6601
2446
2255
97
698
2341
2609
5601
1517
2897
4578
2540
1828
488
1203
4238
1880
4756
3377
7895
7445
1618
8006
1811
8734
8037
9805
1061
5455
3243
3857
7106
4686
7432
8336
6522
4796
3854
2129
4945
637
7886
703
8859
7266
8760
4801
2519
7391
2799
392
6194
1054
4536
8356
5036
2720
9776
2275
3032
4251
2861
6183
556
3012
7981
9123
9337
7162
5883
178
3348
8045
7760
2628
2643
4841
2757
4917
6467
8819
9991
8860
6710
5790
1028
1533
3370
3306
5153
155
1348
6891
6142
2174
1372
2897
3697
2204
434
9513
1247
1864
3214
7567
857
9044
5445
9838
2371
9107
3336
4710
864
8400
7686
6761
8153
5364
3249
242
7436
2152
1854
2290
5297
3304
4694
4200
7992
1120
4090
6093
3150
2790
6787
6633
7919
2867
519
3109
4005
5631
551
2318
3790
1736
6742
242
204
1711
9733
4571
5717
463
5801
3541
1067
2155
749
2990
3942
7970
547
5017
9133
5538
5878
3358
9028
3206
3164
1234
9104
8861
6631
1230
6085
1481
1386
2671
3536
528
4761
7689
1600
5555
9321
6312
8031
1209
2966
1125
1391
3287
8916
4898
8592
3182
2349
4850
6446
2001
8552
5848
4535
1585
1003
8202
1401
6855
3399
3121
2234
4461
1538
3472
7281
4649
6002
4367
7282
8647
2133
8211
1848
2418
4846
6811
7450
8591
7258
1258
4208
3510
4384
7228
3822
3326
9846
550
5695
532
4320
7455
8317
2136
388
9765
4829
3956
4953
7677
6264
2825
2206
6411
979
1064
5639
2489
6656
9945
8065
6568
3613
1996
9943
2321
106
4618
3549
743
9945
8390
9274
7835
4670
8470
8162
8346
7926
4616
1025
7655
1251
7267
6628
9265
2549
2731
130
3264
4053
2976
9224
9618
7371
3188
9169
812
4671
935
2068
2127
5228
1009
2023
8377
2385
9899
882
4389
1985
9690
1470
4976
3610
9881
9133
9977
9954
5346
9651
1588
8190
2008
7857
5498
445
2196
3778
9281
8960
3530
1903
580
8061
2664
3645
7119
953
6619
9798
5209
2130
8365
4757
7229
3151
3631
6811
1687
1903
7070
126
5192
7518
7973
4721
9062
3206
8720
2159
4211
2034
5336
1793
6345
3630
319
8911
463
9226
7178
9059
8506
621
7702
5817
4690
1494
7656
370
3695
3934
3045
5240
8289
6810
4971
380
9641
6828
586
9259
7688
6232
5651
1919
1665
8356
4571
8178
7597
6393
6299
7613
5436
4727
7944
7918
6739
900
9978
8552
8726
3957
4171
1684
6354
4501
9342
9238
8807
9090
9193
2250
4641
4631
2480
2765
9683
2100
8831
1320
1039
5610
2356
5415
5747
9570
775
4745
7347
7565
6055
5135
5198
1990
3971
4535
8896
2660
1057
3378
293
8780
6782
3537
8325
8339
5667
1951
8176
3472
8576
1896
2550
9536
5368
359
2467
6835
8440
6268
3094
3092
8933
6461
1485
6503
4801
7411
3919
2474
4666
5205
4709
7805
8463
2243
8150
7598
1200
6265
797
8318
2609
5107
6137
4751
1946
1135
3121
8447
2158
5773
9186
5966
2534
9780
9766
3194
8618
8302
1315
9660
7275
708
4669
6491
528
5876
2105
9087
1722
8830
1519
1296
6966
5998
58
3613
6175
8244
1312
7992
9646
8912
8121
2014
4655
3880
9038
4021
4129
4636
8895
5262
5145
2592
6464
4697
2691
3048
8961
5944
6583
4307
1033
6172
8132
7806
9566
2283
140
4585
3204
2531
8155
2839
7312
3113
2292
3247
9607
426
7818
7663
6407
147
8137
6624
6738
6123
1103
1908
5747
7773
2426
4636
9071
7316
9022
1478
5833
672
3219
420
1537
6613
1337
4808
1930
7586
2073
9211
390
5999
9466
5277
1249
303
1949
1478
8423
7621
1621
571
3379
7027
6150
5517
3269
8158
9561
8059
5726
6781
2793
7095
7243
7744
2445
838
476
8846
3026
7089
2160
4150
6004
3065
9455
2183
2810
8279
8019
1563
6699
8673
2020
9822
8416
8969
2063
5309
7448
4944
9538
6617
8178
6087
3190
7594
4058
1014
42
3968
7155
5973
3720
3461
2701
3927
6630
4255
2532
4471
379
5105
3349
9979
7307
7729
9517
149
4257
7876
687
5945
9561
3909
6098
1272
5527
8293
6037
6746
1591
6733
6944
7211
2962
8047
8088
5932
4153
7786
7902
3722
6593
6155
5654
700
1836
3057
3903
5781
2496
6105
307
8874
7558
8104
2092
1102
2561
7
7169
1016
2232
1672
3372
6
5570
3703
6218
2251
605
7484
574
7459
5739
8941
3778
3464
4682
9697
7211
493
1646
6959
4967
6935
7550
9588
6982
364
423
6179
6114
6931
6561
7046
8157
299
8476
4611
7254
408
6838
6651
4679
7032
7020
9932
7646
515
5370
7461
2757
2881
3793
8217
4688
1157
6676
8461
339
8199
7087
1116
5917
3856
3237
6939
2853
6766
5557
6758
2560
2535
9911
552
2364
6555
4952
1466
8749
1746
8576
99
9585
4068
1788
2093
5649
1351
3133
1496
7126
2995
6813
9720
4166
914
4153
4298
3002
1043
1727
3556
957
7773
3253
665
8947
1793
6579
3164
403
8312
5983
5036
115
6939
1299
8430
462
9874
3133
2761
9461
7188
1187
8602
8607
2525
5312
4727
6558
2237
8336
6545
3120
2973
4868
6066
1262
7965
5506
3622
8837
9193
4284
7751
9214
1386
7643
6480
4924
136
4936
7715
722
7053
9654
8533
5710
8741
9360
4871
7366
2146
603
7344
8782
5420
5415
6758
3874
6293
663
1772
8134
6170
3163
2325
8408
9413
5702
2487
5775
1823
6369
6506
4786
4292
2987
2751
2791
319
8875
8974
9958
6516
948
9159
8682
6684
691
6858
7668
6763
6360
5827
603
2557
3071
3933
8804
847
4762
6919
6697
1547
2253
9923
9369
2603
2597
1179
4845
3870
6853
3551
4242
664
3423
5065
136
2147
5740
7826
758
5988
840
6349
55
1305
1917
8448
1733
8782
1706
2916
1680
206
5311
5234
9083
4166
4680
6861
3316
118
4180
9294
4094
7489
8496
1258
4525
2468
8901
6145
7197
6691
9643
9743
1455
6031
4376
3045
1888
3860
8314
9794
2152
5102
508
6698
8012
299
1016
4665
2145
9532
1705
2977
3006
9845
6364
734
2172
9908
195
6459
8125
5118
8421
5742
1589
5765
9302
2158
2762
8293
5982
9653
8644
2142
6648
7728
6592
124
137
8547
343
5394
7435
1177
8486
9894
2374
6521
4554
4709
8698
1989
1529
9943
1498
5436
3536
7341
8680
4303
8917
6967
4538
4449
6232
1986
2214
8535
8011
4367
560
9327
1850
1678
3724
3884
5017
3641
1793
7103
6602
925
5197
5810
807
8291
1647
6015
3777
7854
2933
1693
8934
2732
1314
2522
9225
879
8475
6500
5265
2566
8031
81
5567
3892
6065
8158
3197
2578
467
4100
928
5952
6545
2935
7466
3254
2903
3209
2303
4633
5999
5164
593
5146
1355
6532
1258
2584
9659
6490
5845
949
4844
7453
5370
1766
5406
3554
2020
372
2927
381
3905
3968
6233
7032
8037
9332
5541
8688
2651
6356
3931
4607
8490
8931
1784
1795
4639
2433
3914
5662
9917
5490
8570
6119
3005
2346
3942
1133
6276
7621
1802
5020
4608
2275
5722
1592
4190
9504
6799
7990
7643
5202
2460
250
6724
7643
8940
9547
6173
7759
2283
9155
3419
2911
2989
4579
159
4099
8094
6115
8159
4471
9398
8566
6562
6940
1992
1964
7991
7391
9161
3281
466
8375
776
7554
7541
7064
622
6144
7512
3268
8466
6750
6292
4993
9257
6805
1505
230
5769
4118
2106
1183
329
6095
6810
4048
4087
2903
2261
2933
2629
9347
9685
6088
6032
251
5984
5676
7567
1783
3874
6455
7541
3938
1292
7308
3730
4401
9641
3270
6348
2813
9257
6560
5622
699
8732
3089
5754
6861
2300
8566
920
5490
6903
7144
5963
7944
632
2044
5332
5026
2833
8761
870
2068
5096
6660
4397
8139
5595
8871
5899
6330
7968
800
8689
2751
6781
2181
8150
6035
944
8918
7991
5937
8221
3691
8571
9966
1987
3868
5538
9686
6745
559
8217
8568
6346
8364
1133
5543
3913
621
8634
9553
5715
3377
4542
669
3072
7312
3102
2445
533
184
2133
1683
2122
5333
8981
7440
4227
1232
8315
3863
9021
4462
9572
1521
4230
9529
7269
553
8873
2557
1836
2471
2454
2648
9233
1930
7786
1652
904
6238
1727
4657
6757
4510
6562
2539
3372
4435
6637
7883
613
2154
9457
5274
649
7971
6706
3119
5931
8294
543
681
8917
8992
908
5081
3230
5579
2238
7831
2437
7563
7474
3301
2397
8773
8842
1984
5605
9898
1797
9410
9219
6497
6106
7333
1756
6707
5601
1666
2274
8400
3038
6776
2171
6639
1963
3368
1498
2274
4944
8636
8540
3016
6530
5240
4449
8075
1029
4024
8100
5162
9919
6745
5177
9250
5387
4853
2915
9237
4071
8934
1311
7788
4394
3099
6480
3544
6853
4296
4807
5844
5765
7847
1807
4711
5778
9757
4019
2422
8168
5752
3645
342
7247
2916
1035
3951
4969
4237
7056
6060
5527
7710
9876
350
4040
9256
2729
4433
944
910
3163
3318
5745
9501
8339
287
3048
8041
9929
9433
3926
9699
4163
2659
1417
7831
7726
5614
3127
4801
3943
8557
2215
4607
1479
9739
5659
2786
9337
6603
1598
8894
6809
3626
4214
8225
9355
6466
4134
9200
9221
7800
9843
8253
7706
1077
