4229
8634
6227
2397
9068
8239
9847
6014
8179
3013
5751
9311
6740
5523
4634
7042
7715
1386
921
2009
855
4755
4808
3189
8821
9367
2450
7593
4842
8046
1077
9901
9525
5615
9431
8431
7888
9462
9892
2755
5385
6243
5653
59
7505
7023
1695
994
5008
9450
2709
4979
3026
6096
5770
2343
9682
554
1159
1546
9698
5920
5285
4223
5236
3068
5400
9146
9736
4537
3145
7147
3
6587
5934
8875
3704
1385
4183
2222
5413
5029
104
8232
6269
6044
7390
3149
8685
840
7120
1585
1726
3378
4388
446
5638
2469
3194
9667
2794
9663
4825
1049
8116
8865
2132
5057
1709
5397
8297
5913
4616
8446
7878
766
5995
6267
9320
764
5338
182
3345
2320
8722
2905
4149
9198
942
384
9170
7934
730
9177
5209
6162
2834
2424
5949
7683
8341
7367
7431
7736
3276
6379
5187
9432
1697
2338
8107
8871
5037
3400
7006
7613
9186
3800
1805
8276
4354
9039
1538
1648
3706
7789
3053
9145
8895
5141
3148
2067
9651
3764
7590
3791
8916
5310
8532
1050
9778
6979
8812
8899
2554
7617
8908
6218
9939
2035
4592
3540
4308
2839
7120
5595
8561
8542
9848
9442
7856
7996
5525
4775
2636
1263
3481
5201
9318
8572
6876
2168
1058
5381
3647
4611
661
8614
3341
7149
3673
7503
817
1585
5354
9372
2926
7541
4560
6336
8495
7043
138
6769
3100
3713
7923
4652
4549
674
996
2057
9678
2070
6534
8857
6071
9436
178
4140
5431
6184
2166
3311
1653
9664
8678
1762
1698
1920
5501
7192
6326
6589
3999
9719
3077
6647
669
3920
8990
8295
8115
6088
6272
728
4161
5989
5562
9170
1508
6948
1565
209
2273
7063
9247
1028
8701
9164
5919
7505
3868
360
5248
8726
2324
2388
9029
1275
6205
8829
5815
7172
1207
8927
38
6226
2008
3052
1353
8360
7601
4933
7443
7418
6491
1483
7317
226
947
3200
6730
4637
3088
8887
962
2386
9037
2970
5902
3731
1063
2809
437
2780
7140
5360
8386
1720
670
978
6043
4770
2859
6386
6381
8745
2794
9728
3465
4765
7052
8752
7669
3718
909
310
4576
8773
6030
3869
7142
1217
5104
6088
7356
5811
8894
6928
2953
4702
6647
7147
866
3877
9959
462
1584
2577
9042
2745
4111
378
6460
5425
8725
2466
4647
4875
7885
2641
1610
4771
9392
6027
4683
2732
3664
2014
9417
66
2080
6616
9448
2764
4482
2389
2617
5614
4206
3525
1110
9562
1964
4412
9719
534
6159
7940
2836
2121
2942
1757
279
9998
9312
5332
9372
9643
7764
6481
4217
3052
8906
7482
6004
4936
8849
6261
8837
5926
797
9643
202
8680
2452
3768
4945
52
6278
8271
1573
3092
5159
3515
6855
9284
9867
6944
6200
4857
9852
6095
3569
8160
8107
8168
8000
6356
6833
5162
6591
825
5584
7590
2114
1446
939
1906
3997
1088
5934
7417
9984
1872
8123
7983
2752
1879
6835
2738
6627
3336
4094
9261
1703
8163
8247
3206
975
4146
9622
359
9163
6349
4027
7066
9203
2072
7012
4861
1825
5020
491
5829
4024
978
5471
9054
244
5019
7502
8864
3615
7486
6892
1902
6413
8857
8178
8424
934
8072
8581
4593
7261
7076
274
5899
3489
1394
6036
4573
3759
4060
6753
8870
5746
8653
8119
6476
9017
7494
8750
1853
627
7854
3338
8983
249
9574
6480
3715
1783
9802
1490
3611
9977
4211
9529
1692
4223
9977
7646
1223
7740
6582
2549
1970
2673
3798
5030
588
2337
2154
9097
1517
6112
7740
1646
4059
8477
3373
7526
6025
281
5178
4993
1322
1699
4205
9733
7779
1185
4144
2455
2879
9901
5868
3850
2572
2761
5503
977
5234
3745
9884
7426
4212
876
7869
1034
8943
6734
9811
1527
3023
7341
2014
6965
4977
446
2712
2744
2083
8796
3115
7587
5912
7092
3171
5027
712
287
1982
668
2435
2557
5216
125
6662
938
7796
1378
6806
1120
92
8502
3337
3082
3721
9555
6677
7695
9078
5784
6640
1363
7183
8534
966
6166
5007
7462
1801
7319
2343
5402
4291
8937
2586
2351
967
1375
7381
5372
7285
8663
4668
7177
3692
7409
6575
2143
7481
3275
1580
488
7326
4682
7118
3491
639
7623
8404
3174
2629
4355
8572
5024
9477
360
2221
3914
9227
8494
276
4201
3135
7527
6182
5908
986
5288
8229
5100
9858
9860
2382
5868
6945
8646
4623
366
6228
8715
8629
9512
9567
8313
7795
7937
494
3312
5983
244
8534
4748
8678
2224
2537
9604
3792
4889
9385
7426
4574
5103
5316
8079
2160
8888
9469
8218
2931
8157
2683
1733
7575
8862
7163
9677
2847
2771
1041
836
7298
1744
8284
1036
4430
5027
4839
2594
9180
4173
1403
8468
5838
1371
8610
2976
8229
3537
5750
7051
1296
8162
7080
123
3678
6718
5421
2530
3940
5400
499
2487
1866
674
3265
1874
4096
8375
5468
9188
1375
4597
4006
4257
1162
6166
9968
8379
8690
3865
6864
8652
6104
8754
3534
7760
6142
8282
3817
7276
1479
3972
3943
5807
6237
6686
9
9587
5105
7840
7116
6560
2188
52
588
126
7812
1617
7283
6276
8187
7286
1503
9250
1154
1744
1650
9831
1642
2744
6707
8128
3611
8348
6562
9118
4317
696
8920
6082
324
7425
8204
4840
8697
4558
9731
1086
7938
5411
8335
6799
6980
1835
8424
8208
911
2305
8568
4997
5336
4075
9935
7873
340
8484
4551
3145
943
9173
2370
820
877
9823
5856
4962
7288
5143
781
3045
2792
6446
5687
6864
3520
7468
109
2026
7653
5081
4674
1855
8810
4088
6257
9988
8726
7232
3115
9492
8791
5943
6812
3660
6576
6605
5211
7248
1102
9523
7024
4040
5304
4759
2432
4826
8453
2957
5139
5765
5111
203
5623
3159
7877
257
77
1804
5590
5731
6353
8755
3161
9828
8024
8495
4722
5457
2306
9495
7151
8647
3102
1082
3784
7777
4381
3923
1173
2355
8254
5476
7753
7260
9769
7874
4604
2155
6407
6781
7655
4034
3438
90
8472
7087
4155
2575
2614
3692
5176
267
8718
8757
4493
7967
7611
18
2034
1597
645
9888
3459
3339
352
112
6508
5572
5
4411
1028
8780
9198
8096
1142
6765
3450
1452
8121
9459
5856
6117
4882
4384
4737
9011
5696
8572
8646
9931
4533
1261
6888
5114
5892
8527
7647
7898
5445
1361
8258
8276
3926
4492
781
4706
6300
464
8833
8159
9687
8460
4965
110
9219
1866
2554
5092
6138
5829
6396
1139
9863
9128
3076
275
390
1588
650
8655
1992
7757
7128
6202
4882
6930
4554
1708
164
4279
5794
7325
8791
3264
8583
1404
6480
8125
1326
9324
1841
6061
5249
4460
4095
6992
187
6161
7742
9965
4934
8179
5560
8844
1675
1249
6796
6257
632
8177
9859
6213
2160
376
191
5155
8653
610
12
8556
9744
9359
2216
6296
3705
7035
9695
2922
1330
5448
2350
814
3669
8793
6889
3265
2270
5037
345
733
9228
7062
9021
2448
1233
7718
1361
9992
3128
1510
4588
733
8038
5378
5331
5178
4729
4947
6651
9658
5789
5610
9356
4827
5357
9846
9856
1266
3335
3235
2731
6763
7384
6015
3781
3690
9351
3098
7938
2515
1598
8201
51
8162
5122
5735
2774
7672
1747
5769
3368
2676
2047
6492
330
1945
82
9742
4177
6913
6248
4997
2231
7294
2402
3392
6048
7640
7815
6376
663
4393
7378
6722
2182
4609
153
180
405
9846
7534
8129
2249
7035
2174
2035
4094
2668
7622
3476
3535
8963
4870
2777
8722
267
8110
3260
4017
9263
3556
5828
8098
541
4520
6467
6249
7020
7343
5292
339
23
2507
2142
5187
117
6124
6658
1386
2070
1263
6173
4607
6909
644
7842
7294
8933
1342
295
4445
2449
6052
5202
9785
4595
5764
9729
6015
904
3287
1955
9894
8383
2144
1461
8074
4084
238
8509
5604
1310
4656
5772
9620
5665
4904
5220
5025
4112
5048
7207
4039
1379
1097
3831
2591
9952
7163
6447
4492
8089
5927
7757
8929
8211
7456
7002
6289
5182
8231
8312
9278
885
6830
903
6291
9908
756
1651
8253
7505
5119
2046
8020
8681
9880
9861
2903
6312
128
3426
5685
7619
7649
5070
2392
7478
1999
2416
4620
869
9213
3191
8382
2337
9435
6832
5759
3530
2045
1204
8296
4923
8440
7232
5095
3414
5045
5474
4727
9085
24
1598
654
2810
9210
5003
4911
1260
8993
4764
9920
2975
898
9870
2375
758
4973
4027
8845
3207
8503
9305
5092
4355
9253
4691
3253
4784
7460
1697
8210
3365
8661
8566
3754
498
5093
5270
3162
6122
3339
4226
7377
446
8907
8130
8428
5735
6184
2909
5712
8975
2310
2552
4695
3004
268
9177
4673
1210
6200
6966
8539
4404
7805
6495
2381
3743
3208
1925
4190
5459
9152
4549
7634
7175
3148
9173
4227
1352
8302
2970
4797
9733
5437
3412
8211
9162
5856
5830
4160
2423
1254
3398
7160
893
2115
4333
1229
4836
3445
6075
8541
6812
309
7002
4824
8606
7448
9789
223
5437
7077
5510
680
3999
3937
705
3902
4002
6214
512
8581
5037
7554
5171
1596
9220
3916
915
6523
6359
4097
8108
8540
4600
5692
7765
5446
8823
9109
3997
4244
6108
1408
7908
5556
4767
3830
8499
3307
4423
2801
1657
5237
6670
6192
7203
5579
6878
7403
1462
6669
5370
8080
6780
1375
7659
8267
8009
2753
1830
4405
3321
965
7558
803
6921
2613
3019
4880
2670
5933
1486
5685
7493
1236
7071
9796
3224
8856
9678
8452
6714
2743
9043
1606
9584
7322
314
1686
6475
5500
5198
5773
7254
88
3153
291
3640
8288
997
3266
3175
2698
9770
4742
6794
1797
6165
4145
6040
5545
6233
3739
3698
5389
1796
774
1498
9138
7305
8831
9199
8684
613
2240
6806
6672
4112
8259
9238
1961
6834
7553
3984
1445
1376
185
2154
6860
9778
7596
7062
5553
8946
8164
6435
6289
7522
4261
6912
5641
2378
5196
8216
7700
429
2484
2975
5585
8200
2695
7783
1827
3414
4498
4143
3922
3683
1409
3161
5679
9723
9449
1798
212
6861
772
33
6730
6833
9463
3573
9300
6963
9600
123
2601
6540
9371
4516
7295
1308
1172
5375
6322
5878
8150
5543
373
4455
6114
332
655
4260
1532
6381
3686
4079
2623
8367
3562
1285
4608
1469
1527
2632
8927
8076
5902
8900
7818
3337
8590
3632
3005
817
3612
4307
7860
2892
993
5169
6801
7047
1874
4672
8856
2749
8459
5563
5735
9746
6853
8978
6211
3740
215
9868
1966
9182
360
9194
9797
6626
1938
3209
3270
850
2850
8708
510
2978
8652
7220
5776
7790
876
4117
7954
4876
7671
2038
5058
4270
2112
3484
742
8054
7686
4403
1728
742
4075
4035
2656
6467
4367
8635
755
7861
122
4572
8010
9774
1177
1764
9301
9796
3360
7046
6990
941
5054
3219
3267
4710
6078
6039
1499
8128
74
7026
8889
7415
4490
9649
3518
6192
9449
5496
7897
8383
488
7087
2666
7074
6796
1622
244
2766
3715
8326
5440
2084
6308
8374
1294
2607
6148
934
5239
3004
8741
8252
878
758
8905
9881
3476
3406
7988
8342
2763
1492
1999
528
4162
628
6313
3038
1759
6703
6840
3627
6364
5093
9021
7924
8984
5308
5254
9711
4013
1888
6909
2949
8305
7927
2125
9199
1510
1504
7220
953
7485
2455
9604
9941
776
5911
6676
4094
7596
4861
8964
567
4725
5444
254
1424
1475
4451
247
9492
8515
8623
6564
9570
3656
3694
3194
6310
7256
9625
6830
7556
7107
6285
9947
6112
1246
2687
5873
412
718
3177
2106
2079
2768
5222
1033
5647
5718
917
2220
4587
9467
5373
1264
535
4487
2446
3043
2788
2558
4879
7252
8699
1106
4778
1590
8374
1961
2512
36
9948
4906
3882
5775
1223
5089
4909
275
9172
1762
7593
3032
9526
1338
3119
291
8855
6048
9980
2988
540
7403
6518
2907
2659
1677
7921
9788
5164
77
319
3761
7089
8323
5458
8663
4819
4412
4655
1840
8835
6077
7649
943
9962
3156
3239
6947
9558
4089
3387
5899
1457
6404
6032
423
559
1177
7031
2079
3348
4654
3406
8045
3151
1005
1494
9333
9351
708
3999
2085
6209
2346
5218
823
411
6364
3211
3475
7480
6005
9792
1041
1448
3309
3795
5437
8916
4440
9552
9379
4499
3039
5459
5082
1451
2428
6713
7853
6503
78
6481
3252
4305
2397
7008
9681
5261
8711
2445
8358
5138
6761
1423
4308
2998
9705
8913
8031
2116
5664
9103
9661
1565
3253
9857
5277
7144
293
9185
5604
4743
1566
5417
5474
7832
2858
4542
1380
1348
7066
4947
6738
744
9512
476
3880
6573
7166
6448
7698
5158
4756
7321
9953
5317
1620
8828
5578
1515
7626
1471
7662
9595
1848
2796
148
4617
182
9105
8417
5428
726
1296
3066
4412
182
1130
5857
8930
2766
8787
5995
7260
7433
6354
6338
4033
1120
9192
5558
1975
4626
7146
7134
1718
688
9340
6380
7880
4916
4604
9375
512
7442
24
3234
4517
2023
5950
4385
7305
9806
2622
6828
6554
9122
8557
5796
2692
9325
7593
6579
4752
2590
2596
2072
8270
1433
4863
7055
6842
2585
9492
7903
4526
1681
8448
1773
468
5200
3083
7295
1574
4610
4549
5515
2004
4627
8735
8060
4721
9886
3267
6006
4107
7060
1362
7857
2069
4168
3560
7026
2899
1111
8493
72
6752
1830
2890
3937
111
8115
7846
685
7709
4877
7805
8042
2879
8768
6284
126
5022
9144
9355
4500
9771
7511
6599
2285
400
5665
1355
1863
6709
260
6906
3388
1196
7206
1884
8257
4490
8231
3219
1727
1906
1541
2088
3695
9919
3725
3527
5245
941
6975
6212
4703
9029
9211
6072
7887
4324
232
4540
6036
1798
1268
6608
8511
5972
85
8889
2225
9111
9341
7557
3258
7896
2860
5468
3420
6759
6415
8421
1998
8179
1127
690
6668
1612
5973
3385
604
6803
3713
5871
1515
954
9433
8275
4662
429
1318
6101
3861
5165
6331
3921
1985
4805
9447
6668
7783
9531
9865
9930
5956
5589
1203
121
1968
6532
2359
3629
1095
1218
143
4793
9586
9956
2313
8007
9477
6539
4622
1428
1937
61
4756
7435
2953
8315
1529
9436
6194
4703
160
3177
6836
5845
6136
7549
2653
8898
9624
3385
8885
6933
4391
2412
8492
3288
871
2879
7023
1666
1618
3850
1961
9821
4124
9798
7750
5088
9720
4464
3027
760
9015
9975
6481
3944
6714
978
7145
5145
153
3377
2665
783
3677
350
3340
4347
1767
8191
3096
4662
2020
60
7297
8769
4247
71
8027
4950
3686
1757
4061
8938
2994
2775
8688
881
5245
3741
8262
14
6464
1832
9784
902
2500
130
6440
9520
2478
941
3141
635
9048
6908
9693
8492
8938
5186
3581
8226
4200
9477
7923
5912
2821
1294
1748
438
405
7121
8058
5588
1536
6851
6613
6589
9970
1724
6243
4059
383
4987
2986
7157
1876
6768
2929
9522
4536
2266
5871
4488
5794
7838
1643
6614
1220
5264
818
9386
3557
6801
456
8432
45
9478
5141
519
6073
753
3073
5345
94
6910
4906
2920
6810
4235
2481
2280
4966
5268
3269
5500
9271
2299
5656
7928
5316
6209
7726
6337
386
6035
8675
6084
1755
9428
5164
8762
2110
9555
9813
5366
4752
5449
26
7703
5647
8577
6418
8977
6086
1540
933
8642
9293
9792
9278
1700
8504
7236
5195
5646
4944
8299
2353
8007
5935
7874
8109
424
2773
4088
6677
7756
5559
6225
765
3032
9111
8214
4886
8305
222
9997
1456
7358
8166
8033
224
5915
7829
9022
1901
9270
2531
8299
1333
2234
6044
5588
3628
6054
9809
5634
5524
1354
9881
9914
5032
493
7333
5663
6498
2029
4578
5572
4621
196
9303
7858
6356
1427
7997
9346
8553
1662
6879
8824
9026
6483
9095
3677
8894
137
1672
2807
8134
9249
5690
8535
3982
7099
2847
4510
474
840
8884
1629
4397
5927
8644
1352
653
5215
9270
7877
4675
2744
9815
4311
8926
9558
4338
6850
5127
579
8524
8490
9567
2471
924
8845
8004
2902
5079
6729
5683
5639
6938
539
1399
2797
9520
1109
9231
2708
9028
8155
1006
6633
9696
2827
2444
8966
5811
4806
6826
6889
6882
6127
1011
8352
3925
63
9917
6467
66
259
6383
781
3719
3987
3405
9256
9824
3535
2590
9349
9225
3880
2607
2901
9742
6536
8960
5191
7726
5215
4587
6158
2189
827
2998
7038
4872
5187
9918
2724
1796
3408
2979
5583
7343
1432
6867
8830
6392
2457
2734
4054
8347
4287
5689
1008
1364
9890
3678
8654
9253
4815
5216
7736
2099
8176
3644
120
3018
4875
5163
8557
4992
4804
8660
2256
247
1008
6494
1057
5340
5703
3395
28
1005
2885
5280
3502
3752
5229
7562
9550
5806
8458
3530
8538
4038
2340
5497
9967
8573
7499
4614
9956
3180
2051
6452
340
8722
4109
273
7382
6784
3885
5313
1115
1347
7037
138
3331
3164
5166
3319
7676
3228
9925
4304
568
3355
2682
6465
6729
1207
6361
5830
5948
1962
530
9464
2976
6404
531
1
8657
1991
3088
7324
4565
2914
7388
6728
8162
6469
2503
763
1610
9555
2564
6707
1909
3990
5334
6520
2394
4140
9542
1597
3161
6510
6308
6005
8727
5986
951
2530
294
5734
5170
616
8528
7021
5302
6817
577
9927
5998
921
1407
5912
7931
5242
3447
6202
7628
8610
2500
8494
2217
271
5406
8862
8252
7069
9021
5822
5485
9351
2681
8369
5625
1625
7712
4888
1086
470
6210
453
8118
4933
6989
3214
3437
3302
8240
6701
304
8995
8574
7843
772
1506
7537
2252
9792
1414
8311
5710
3929
4196
1950
8652
9048
7156
9176
5464
4825
3614
3179
2948
4179
7235
6536
7193
4351
8510
9333
8529
823
8959
9017
6526
7628
1895
8788
6894
5283
5699
5257
5670
8686
2495
7768
3451
5811
6251
892
8879
7051
9115
4046
7401
3481
6232
7748
6269
4804
1748
8330
9835
6083
3242
2747
3700
453
3444
7692
6566
5082
455
2165
3080
3841
2617
6205
9137
5406
7123
5969
4660
6487
5249
1776
5701
6284
6422
6390
3407
5857
7836
4419
6862
1914
5385
5624
4807
4898
7357
2957
296
1703
4648
6401
2698
5845
5208
3135
2579
6525
6240
5866
1912
1410
1221
1877
2831
2913
7330
5010
6226
2570
1803
2964
5824
7247
8846
6098
4189
1736
4165
1195
3786
3616
2536
1809
1503
4255
784
9892
5701
4629
8823
220
7104
3488
5594
5825
8570
2218
1872
5290
5563
7315
7732
3857
883
5190
2206
9072
2410
6570
7553
9802
5230
7543
893
216
76
6659
5412
1470
2347
6249
7850
1194
6401
644
9077
7848
1817
3117
5172
581
1468
7375
5788
4846
2780
1491
8510
4499
8368
4893
1684
1278
3465
2866
9466
5786
5028
9061
9945
6034
6824
7260
14
5256
1119
8755
5498
3118
5441
1021
242
2052
363
8915
6535
7326
5327
9771
1264
6785
1541
533
4931
8923
3215
4532
851
396
4443
6936
7586
3205
9345
4116
3704
5019
5036
2497
3740
4711
86
6270
7631
5037
1387
2530
4248
2519
2671
6160
1881
6350
6300
6870
6289
453
7380
5362
7259
1729
3429
7152
6644
2825
4090
8229
2170
9318
2942
1249
4095
5622
4859
4885
7341
8052
2145
4097
8468
1996
7138
4232
2958
93
4601
8611
5363
9343
9003
510
344
6990
9975
1507
6211
755
6871
2369
4265
653
2920
5096
1929
4017
6981
3076
4849
7531
8239
164
2654
3184
4058
8390
7457
6738
5217
9041
572
6799
6634
4030
3325
7574
915
4643
2561
3254
827
2925
5642
997
5278
2362
6699
5418
6553
3137
4800
665
5723
270
7562
8152
1900
7678
88
2962
9575
1603
3633
6855
5843
6644
6302
2061
6320
9125
7413
6504
7260
5118
7647
6594
5221
4282
9243
7319
8392
8622
6908
2047
4633
3812
9837
4792
1148
5220
2821
2512
2255
2238
1318
348
5898
8454
5503
4632
5871
428
1617
9436
1660
1367
5742
311
9456
525
8877
5066
9001
1729
8731
9507
8267
5850
9787
3045
9293
8076
4366
4352
9038
8886
4430
259
4357
7319
5844
986
22
2605
7881
1573
8656
4380
1962
280
6547
9015
4292
296
5183
4557
2399
9033
8967
8147
3687
6225
8356
1915
8374
5559
7847
5390
413
1198
8694
7579
1073
6040
3144
9276
1634
537
2027
3393
1494
6905
3906
3899
9685
9829
4141
7159
1869
2643
5856
7396
3254
8336
278
9619
6544
7833
2654
7035
5064
4994
3155
4582
746
885
1449
3660
3744
1034
8227
666
5064
3583
9474
7822
1027
9557
4296
1233
3322
6184
7451
1505
4236
3784
1188
7546
9394
5112
2039
2369
9507
2179
7101
8605
7619
4358
4669
162
4086
7037
5914
1947
5427
1070
5446
451
3107
2700
2164
9665
6761
7353
8938
238
3115
4828
9909
179
286
2106
6247
3011
1937
7684
475
4451
1872
2797
8985
1346
3192
6391
757
8137
4266
2041
7634
9680
1993
7518
8068
9945
6429
1900
6899
269
2938
8736
2619
6082
5242
1091
5249
6102
2743
7979
8864
5163
7509
9137
8176
2943
9468
6842
840
8214
3203
8356
3227
9766
8519
7503
1694
4383
2428
869
3417
6485
3595
6327
6348
4140
473
6102
4361
3790
6968
2411
3919
8587
8294
4643
5079
7774
2595
1675
6391
9720
9665
4868
7827
4988
4244
2914
1748
5958
4536
1543
2097
7688
290
6567
9450
5555
415
6343
1811
7246
7704
1399
7981
2630
5991
9049
1392
1347
5219
8654
7413
8610
3352
4172
7249
5764
7602
7501
1003
6370
5735
3910
3470
3019
1060
8898
8201
7085
6064
4971
5620
6779
8461
9781
9326
2433
8956
5223
7665
9201
2704
9510
4695
3144
5675
5072
8582
1923
4421
1154
3686
8920
6860
6359
2308
1026
1525
9869
8623
28
8399
1813
5263
2825
2808
3351
9989
9886
8442
1280
3518
4045
1981
2617
7905
6207
5200
1173
5080
9516
3922
4918
1771
3578
9067
8653
5271
9440
584
1964
4414
7750
9410
5114
3464
6683
8544
562
5976
2355
5379
7240
8041
9099
9423
9978
583
2473
3482
5886
6794
1941
1085
8414
92
8654
5799
6028
3164
4906
4161
4020
9995
9774
3612
9789
3716
5782
1830
123
9913
6450
2988
5476
4904
7710
6986
1868
9516
492
8541
6624
1248
6495
9785
4076
7534
55
6086
7737
6230
1524
837
6679
7082
888
1
3890
7926
2334
2209
8340
6349
1953
1626
7591
7758
123
9952
9445
197
5019
6157
5406
8110
7953
9723
1109
2581
1865
3691
1303
7705
2993
120
121
8127
5881
9781
9822
5202
7334
4883
2370
6536
7011
5935
4965
8463
1797
4840
2295
3831
4265
1502
1484
2137
9325
1286
1789
5749
4392
9482
411
5946
54
3421
6144
5053
4691
1948
1876
7244
8083
1984
7673
1389
92
2352
2211
1024
9010
788
3015
5011
1053
1172
7551
9988
7064
7854
9112
6513
8936
7767
7432
7387
4103
4153
3327
4985
3196
58
2985
8393
6457
6653
7852
2177
8497
2562
4293
8468
3299
3688
1321
7312
632
1219
2427
8148
8741
4281
569
5230
157
3142
9715
914
695
7695
1962
4791
7239
9555
3456
524
2459
9742
9521
3848
3620
4599
6429
4367
367
7577
7890
9536
2543
6399
1234
4715
3401
8216
1510
368
6924
491
4975
355
7467
1428
7604
4507
6760
875
6909
5306
4062
9206
491
678
7371
1669
497
1078
4296
3227
435
825
9015
9884
1802
3119
9928
7618
9906
2747
760
9834
5040
8256
998
9227
738
1337
7635
6630
85
6709
7734
2249
3933
9023
9929
3198
6101
5323
2451
1297
9523
7245
4691
6206
1383
8883
2549
8392
9888
8611
8180
9991
8699
1567
2557
7785
6825
772
8332
233
1739
9251
5254
6508
3037
9814
5826
4552
2476
7668
5828
6335
8501
64
9382
9001
6892
7372
5301
7281
341
1467
3462
5206
5603
6707
212
3745
699
993
8744
230
6228
3527
3107
8451
2701
2625
9610
2501
3434
8517
78
1690
1277
5512
3782
4818
8989
4589
4444
5823
2262
6536
9762
4107
9277
6545
4287
4552
4061
3444
2889
3378
9827
3013
8032
1
7954
2994
8069
3131
2196
2592
7270
5270
1518
8791
8327
3611
8991
6250
3613
502
3877
4782
666
7290
2124
6764
3649
9169
3667
8577
7445
3553
9036
4642
690
6843
5760
3341
3671
6316
1837
9819
4927
6214
6046
7954
5019
6937
6661
7079
9629
2907
3591
5904
1988
6167
4948
8728
3711
1569
4497
6827
2383
9271
2564
5921
6429
3188
5563
8904
3877
2638
9530
9273
1086
5119
3295
2845
4167
6608
5428
4041
3616
9025
6224
1044
4802
8678
2122
3497
8780
8684
6203
7464
139
4345
9758
1366
8629
928
2023
773
2482
2404
7086
8719
7575
4356
5975
3900
4080
1045
3199
1427
2090
189
6132
6076
618
4507
6801
2340
7885
181
9253
9018
5005
8089
959
3718
7389
5253
6744
4089
354
626
9885
3440
5789
8170
5144
610
265
202
2234
2585
4989
8691
2679
4749
495
2443
717
6635
2374
944
5170
421
6586
1372
650
7988
6202
6532
2066
9688
1161
6939
4940
9840
8678
2052
9431
1604
8534
2789
1914
111
6512
2342
9885
2411
9941
9256
4147
629
506
7138
120
8191
6180
2215
8883
4884
1263
308
9257
6310
1771
6885
9918
99
8995
5543
4728
1686
187
8408
7042
8778
9237
7227
3961
6745
3168
7895
3159
7091
2063
4975
8937
8778
881
9116
5503
1658
6065
5559
8080
2614
4940
835
1432
6190
2827
8774
8079
7788
8524
1048
7974
7053
3761
6821
305
5581
421
845
6092
4203
8998
362
6155
8988
6004
9217
9938
4091
1332
5537
2269
702
9505
5225
6045
8595
3024
678
8528
938
5550
3978
2763
4060
4328
1064
8503
4409
7494
7388
2854
1568
3414
8552
4768
7783
6177
5256
3790
5898
9292
3239
9330
4032
5436
2379
2305
1561
4262
4587
2031
787
3
4912
2069
2428
909
2617
1392
5442
9961
5913
2377
8390
8865
7372
4701
6159
9356
4663
761
7515
2476
6732
2612
1312
6531
6157
5625
3169
3427
1848
5215
7100
1121
5424
423
9280
9173
9548
113
5564
2417
2137
1258
2674
5211
4923
2662
298
9369
4480
7607
5011
4024
9125
3928
4788
1481
5378
9592
1953
7145
7297
6854
5561
2651
7917
517
8524
2180
8852
6172
4874
6082
7646
5021
8807
714
5576
751
890
5165
2329
6075
1892
758
7446
3968
2734
2706
7664
4595
9964
7357
171
6294
7838
21
6714
7363
468
93
7222
7494
481
480
9902
7733
9945
112
3016
7404
1284
5754
373
7641
6708
8696
754
4225
2707
5331
7274
4765
4390
2146
4042
8789
5966
9523
4141
6294
5437
8917
6293
5251
8181
1712
6203
854
6892
7378
9822
737
6268
7398
7079
6518
9767
275
4461
3055
8055
8382
1604
9530
9283
1085
5841
4949
1934
7002
7880
5554
6474
8063
4326
3735
5738
1028
3579
8421
8133
8099
7743
9634
6966
1892
3877
6405
1999
7914
3757
7710
590
7209
7219
9839
168
306
260
2635
6994
2204
4273
842
6047
6945
477
1830
404
1074
5472
5109
4599
56
3566
4531
6373
9800
2306
8219
2130
6322
9715
6049
8539
9751
9001
3455
4424
9380
8776
267
6174
9935
6539
6210
9265
4173
1853
1299
8982
9597
5168
6170
54
7205
3920
4183
2894
6679
7009
4266
1396
2095
8165
7870
8644
6044
7899
4111
6312
632
5809
2441
9814
5926
2586
1503
4483
8359
1402
4788
1189
5417
2494
6601
1750
1725
9192
9300
5333
2355
984
3401
1975
6772
2999
3080
3531
7804
7325
3378
8586
1202
7618
6153
6653
3157
8561
4388
6089
8820
8457
3339
1909
2810
3485
1237
2108
3253
7451
3100
8590
1442
7610
7210
3921
1526
4940
9618
661
1243
4499
6269
8884
7541
5760
271
4888
6544
8470
2453
6439
6120
5773
1870
8634
4372
5219
6787
7963
2400
61
3332
8236
5958
4939
833
8629
9897
6649
6337
3717
3741
8561
627
8106
5366
9502
3727
9243
7131
2236
2727
9842
9815
8155
3215
2263
9724
899
5734
6248
9700
129
272
2021
2837
6767
8338
8791
2288
5041
1978
5569
791
108
7416
9918
5688
5633
6012
7898
187
1591
5725
5005
2260
7575
2835
7682
7156
2817
419
9125
4371
1707
6180
251
2594
8666
8258
1372
2032
9129
7343
8267
3403
1014
1153
4022
2657
8988
172
6376
6322
5355
1516
4812
6099
2708
3982
1341
9362
1920
6156
968
3793
3585
8036
6883
4769
4448
2869
8007
4973
4948
5333
9080
8367
2980
1361
4309
4771
9428
1617
3867
5702
8892
3959
2804
8762
5783
8933
6733
3865
662
9128
1141
2931
3956
9844
1120
3591
2181
5613
5596
2634
4247
7824
9099
9910
9195
3100
8895
6962
3309
8496
277
682
7550
3314
1575
3211
5731
681
6053
7533
7174
9656
510
5405
2266
3752
3496
3110
1453
5105
7151
7836
5798
4996
1530
1509
4589
4055
3161
7939
3978
3550
5723
8834
6981
1490
5052
5835
3116
2465
4219
4035
7060
7555
937
3443
9351
3444
5165
2564
9372
2802
7301
6598
2100
565
3367
862
6511
1637
6550
8266
7711
9965
624
4402
1909
8491
1860
3293
5960
9760
17
781
5700
7450
1321
3256
8270
5403
1556
5796
6870
6198
4401
1806
7077
4870
8647
550
470
8411
618
1131
4209
4386
2954
6495
8258
9743
6229
8262
8280
794
7852
5169
5466
1459
2034
2001
740
4339
8545
4554
8207
4865
1079
5606
3630
9405
7790
914
1572
236
5306
1961
4292
8385
2315
4763
6432
5316
6210
9674
2243
7778
7439
8545
9802
209
7673
1922
9788
3646
4615
5722
5499
8357
7612
4642
1235
8252
9456
4021
6575
973
7272
1545
7563
3438
4824
60
8771
4734
3199
3612
3834
6782
3152
2179
3976
9321
7377
5262
7883
2866
4732
9848
2670
9689
83
1319
1639
4617
256
1747
4457
8145
362
3662
9162
8957
8596
3525
5583
2736
5136
5058
9572
6304
9681
5418
4584
3294
3470
6234
7764
9233
5602
2665
780
3486
1504
4121
958
9670
627
7648
1000
444
1524
4206
6486
1937
8021
6874
5225
4286
9114
6765
3907
1917
6279
2330
8430
4037
9428
233
3212
1632
6302
1423
6553
7706
8535
4092
9869
1080
6797
4704
8494
1731
4392
346
403
9792
3357
1247
51
2285
5904
7924
8603
2314
7318
3240
2862
321
5224
6464
6167
531
5828
4352
9450
3809
1165
5779
9256
4804
7970
9688
6625
7001
6572
377
7380
76
5345
9016
4658
1824
8358
1833
7409
5881
8850
9206
76
9174
8477
8627
2968
8430
1287
5871
49
5078
6229
3395
5842
76
5958
5162
2948
6483
4451
7933
2462
9883
677
1450
6346
6332
2801
5248
6216
5983
2174
4234
8284
9273
2040
901
3171
1829
1388
7504
8995
2333
4707
4271
6800
6853
1788
1756
9258
3588
9138
9723
5860
5775
9773
5688
9632
9188
5924
7567
1349
3248
5424
8535
7795
9661
4555
6588
9373
9116
7735
9143
3477
5210
8396
1053
5413
3746
8537
9825
7433
5584
6156
5062
9579
8797
7996
4869
2982
9116
3859
1672
8748
79
2970
6817
9363
7895
4876
153
3258
6326
3180
2489
9673
707
3059
4830
8294
1929
5601
573
5748
5292
2741
1363
230
1785
2135
5687
9730
1177
8643
6511
7632
8530
1904
4924
6641
6218
270
51
9005
1529
7295
8360
7460
1065
8252
3497
9190
6013
5544
9268
7375
5627
9713
9798
2010
1879
5602
7329
134
8574
2134
9450
4246
5932
6472
5964
4417
6218
4838
3308
6570
9911
2291
3482
4603
2450
1739
4560
4346
6305
2385
6026
3006
2338
9189
3267
4922
8043
6193
6088
5863
8431
6514
5882
9953
8352
8500
8566
9192
9756
4550
8057
6790
8310
2541
1138
8608
6609
7877
4120
9862
7099
3409
1524
3892
1476
6867
4413
8571
3657
808
3934
7514
9201
7771
5798
3061
1940
2265
844
2840
9187
5076
5949
2837
7736
1841
8596
905
3451
3421
9364
8844
4573
6060
1093
5239
3173
7330
4312
9440
4245
4490
6537
5361
2040
2931
2192
9720
7370
9003
1092
4967
6692
4
2637
6202
5346
5091
8404
8680
1891
8935
6409
7731
3437
118
1985
138
2042
3219
6490
9150
2979
4668
6060
1394
2999
5696
5613
5579
7719
2078
2417
6455
7362
7256
9901
9850
760
5142
4566
2563
3501
5991
3419
3469
6829
2259
9020
6561
2934
8124
2677
9033
4022
8770
7994
5391
5410
533
4897
5716
5920
9221
3159
7245
577
3078
2192
5080
7358
4752
9071
4796
2670
3490
4477
7038
7666
9542
7866
6656
2382
5232
3773
7316
4596
7040
3722
7006
3213
455
9695
1799
9031
4486
8426
5310
7718
6225
5771
4617
4152
9363
1409
4201
4026
2475
4276
4187
6896
5284
479
987
9173
5219
8904
51
5695
7785
621
3522
5293
2440
3660
8200
465
1731
8479
4316
2884
8654
7666
352
8170
9460
3858
3261
3667
1143
6260
2504
5899
7505
8991
9542
4943
729
744
7356
4364
3362
744
94
8054
190
6588
6425
9969
656
7288
2621
768
4655
5464
6370
8360
8214
2581
7659
5904
6328
6049
4888
4039
2465
815
517
7681
6439
4225
5152
8271
1295
7040
4728
891
8045
3826
1201
1309
8835
7819
820
1997
1082
2338
5682
4470
719
3550
5113
3666
8020
9390
6528
6711
9831
7730
6684
2542
2192
4345
7765
1709
3300
2599
8435
8016
6951
8035
2978
2552
878
8555
1572
7647
5890
6548
7781
8391
6497
8753
298
911
4942
2559
163
5713
4825
3484
1423
9099
5241
1810
3183
6728
7813
2995
8371
4938
5122
7394
7632
9334
8199
268
7171
8395
8844
2529
5311
2368
5489
3699
2722
2346
9387
5402
2966
3880
5641
8897
7747
8731
1908
9680
8353
2052
9349
9751
4267
8716
7089
8996
7056
7082
8479
9570
6547
7301
411
1998
5203
4950
5555
4262
6100
5016
2302
4241
6300
1103
5020
3717
9690
2914
9431
7849
3504
3479
3257
2439
6081
42
5689
3021
2469
8233
2221
1761
6378
3711
115
9215
5285
2171
7914
6592
806
2748
8571
2840
4394
9084
6277
6924
3177
3541
5206
6623
7311
2052
949
3672
3992
6393
2444
3169
7684
6264
7236
9518
8107
4447
2264
39
1706
4596
2347
4596
9451
3403
9718
4053
7651
5697
9834
139
1828
5896
9043
38
2163
9135
5933
5420
564
4300
2640
3283
8737
8617
9143
5467
2586
9625
4655
6907
6422
405
2091
3190
263
8040
2340
5994
9468
3635
5965
7589
1424
9197
132
7332
6495
7499
4916
1065
3369
9864
680
232
4287
2801
4411
7902
7931
8592
2891
3007
5500
1762
6731
3722
7118
1943
3015
4315
5800
3942
3587
2014
6607
618
4172
5082
4520
7550
8768
8642
8955
400
9193
8387
9811
8420
4116
2138
529
2264
9440
6150
1008
2639
210
9621
5604
8509
2598
4414
5660
302
7023
7946
3414
3219
751
8335
1265
2138
435
6298
1742
9608
7478
5897
1616
2630
3638
1363
3730
166
4787
4421
4792
1680
5059
6105
4797
8637
3330
3508
5995
6463
8807
1869
9578
9371
1842
7109
7711
2052
1650
8824
2502
2117
9235
7966
875
2347
2260
8669
5089
221
4134
6111
293
169
9857
1884
6013
2044
1697
5236
5738
8749
8701
1643
653
9606
4056
6225
294
8336
4960
157
4471
5195
7748
8277
8551
5287
7891
6685
2370
1361
2559
9673
5326
6925
225
3153
3624
8669
6934
7760
1661
3723
4166
5385
2981
7209
261
4295
7801
7858
6307
1438
1749
2540
7646
5667
8456
9645
615
9333
4329
8071
1250
663
8420
1010
7623
3228
8258
1060
3253
8173
1383
9055
6102
681
6116
7287
4142
6970
9932
6782
1037
4096
3572
3486
5060
6108
8500
4371
5140
7547
7546
451
305
5869
5182
2170
9798
3409
1247
5910
8803
287
5484
6828
4273
6785
8447
9573
2101
3695
8660
5400
8707
1301
8984
7797
5178
3716
6413
6315
3837
7106
3577
8919
6274
1854
7277
2875
3635
3380
5923
2102
4690
9657
545
4517
8954
788
3227
2310
5536
8025
9493
6276
4025
6227
8325
3300
8324
3294
2727
9739
440
5838
1082
4442
9896
2447
8728
2551
6003
7178
3811
4265
5209
4704
1162
3007
5782
9606
4139
686
7747
6861
2
8342
8466
1373
3360
1695
4247
4734
2823
8229
7159
9427
7585
9741
9528
6051
6721
2467
647
5989
3201
7298
1769
3303
7482
2399
5065
5819
7634
4466
2848
3119
7440
1601
6147
4696
443
6379
3990
1658
9872
2494
8815
7397
1490
5222
2885
144
9596
5651
4854
3947
2498
8293
7224
4532
8070
5543
775
7560
214
6645
8637
7443
1730
491
5776
6934
2459
9387
4694
2724
2263
9754
259
4057
81
5752
5411
8295
4894
6507
7683
8735
7834
5783
2009
1288
4641
2204
100
9551
8953
3067
4029
7004
1197
4198
6989
76
2852
2932
3609
8256
9216
2653
1881
8802
3443
6744
4262
8031
1866
6287
3377
4373
6398
7323
2432
1850
4016
9186
6579
1718
1441
8473
8693
6863
5556
1991
3582
3503
187
1129
9637
5764
4525
3291
163
1251
458
2985
4323
3914
4869
4739
3653
7057
8496
4278
5505
7580
8166
5549
25
4608
8017
6339
1848
3951
8812
2803
5718
450
338
4430
3261
2658
7557
9608
790
5874
9099
288
781
5117
9459
6666
3267
7640
3573
6011
3905
1459
2552
144
3674
369
6253
556
5834
7265
360
8060
4443
6489
4622
6008
4822
7870
3306
536
4230
9555
4202
5424
5496
2811
7607
74
8238
2572
4962
5743
307
2898
3369
9777
6362
2429
2200
5368
9919
3385
6941
8647
2463
8456
6500
7322
4835
8782
6065
4318
86
1352
6700
5229
3704
153
5493
8405
7228
5267
7641
4868
9148
6767
2142
8739
2748
8969
8472
8219
7932
4554
2798
3352
9126
9043
8678
1049
6296
820
4861
1136
5820
7094
8707
3052
3442
4795
2307
7889
5567
384
144
8129
2222
7067
9354
7081
1397
8615
4496
4378
6003
7497
9744
3331
6950
7247
8922
1304
2681
7652
8034
7952
1530
1570
7236
4368
9897
1412
8914
1808
6220
1239
1481
8055
7247
1181
1650
2153
1721
6413
4548
825
2507
8570
1782
6171
8001
8126
3426
7707
7930
7827
9462
372
7221
2847
5524
8926
2609
5689
2952
5287
5975
4732
2906
5804
2019
7687
7257
3461
668
9182
1608
7451
1621
465
4229
1382
764
4774
2548
1207
5776
1061
9450
5902
720
5953
9461
1929
1935
5614
5673
9706
3155
9395
6581
3028
1532
414
6740
7970
978
7630
752
9284
9095
657
2801
7367
5099
538
5986
7391
1870
4494
4581
4099
8081
5164
4349
9989
7542
1655
1432
5869
4213
6369
8272
6482
5296
6885
1159
9668
4590
1377
3904
3320
820
1534
9085
4417
3218
2510
8434
9800
8089
1553
328
951
42
9172
270
7063
9946
2231
5418
8564
81
5384
9517
2858
306
2049
1781
7807
5861
6267
2236
6381
3472
1198
445
9
388
6214
1975
7893
580
8771
4522
5550
6512
5805
2510
3267
3823
9954
4962
7171
3979
9086
306
3521
3270
7350
9091
231
875
6353
2632
276
6207
659
4550
6468
23
4263
5300
5146
7971
6152
748
3708
8871
7868
5055
8267
9082
8702
2613
2254
6407
4118
290
7706
6737
8727
3476
912
6436
9109
6520
1651
9958
2529
3740
9172
5661
1619
7919
8028
3578
1027
6373
5749
9346
2995
9959
6613
6414
3213
7383
6312
9704
1620
9553
4682
7174
905
364
7982
1635
3565
3456
77
7656
1518
4962
2670
4634
7664
8347
5230
9405
3577
4023
3005
4695
9224
856
3173
4127
6691
1403
519
9795
8012
6162
8964
3305
480
8240
2324
8158
3292
2612
5287
9354
9244
3197
8022
5924
9329
9180
2245
1441
6781
9574
8487
4120
7278
7752
4030
6065
2006
9349
3853
7500
6947
1387
3548
9103
8127
1924
4904
8567
1622
5496
2788
158
2623
8560
5472
4157
5626
741
3492
6873
9796
9959
7209
8794
2218
9482
9380
3257
3591
442
7280
4327
6267
879
8903
8922
1499
8603
3708
9810
8895
4561
1192
2122
3869
3376
240
8875
9599
4188
3439
5178
4002
1934
7973
7505
5454
4865
1884
426
9181
509
322
1480
2362
7986
5512
3648
4280
8442
8486
7285
44
2225
3464
5298
9464
9152
7977
8863
8836
4260
7979
9366
7067
4446
8336
3776
9775
6947
6073
4473
3306
6756
5384
514
3171
3032
6643
2501
1593
6868
632
3298
4335
1325
9063
8152
8052
2709
7121
2704
2718
5953
9387
8403
4962
2779
223
4652
9202
7683
5103
7688
5091
5168
3654
1930
8714
7557
1965
3275
7923
2382
1687
687
8158
9497
7050
9986
9190
3154
4555
3569
7151
3543
8708
6133
6716
7242
3300
1897
7386
6661
5731
8477
4172
631
2272
1636
963
748
8682
7304
9370
636
8871
3406
4428
4986
1156
8115
5474
7884
3578
3749
2397
9066
89
6782
3468
8095
5236
6619
7195
8509
8872
5868
7384
4397
378
5348
547
6371
7164
15
5969
6736
9228
2403
573
1922
6762
6111
1884
1318
7891
8977
3915
1262
9583
5220
9191
6093
3491
1718
5193
9742
275
7879
4268
1301
1960
4637
9964
1885
1274
2693
2685
5585
8922
4820
1253
2438
7007
7755
3095
901
6123
7881
2653
3975
6968
138
433
5497
213
1533
7304
8766
6647
5572
9004
5412
9342
6196
4452
3470
4245
3484
8706
3265
325
9283
8840
7307
1751
8394
8008
301
5076
1232
119
6905
5691
4692
9485
3638
8797
2837
2076
2736
2841
5414
6571
1773
6175
9229
5966
538
1843
5834
4595
4580
8721
3717
6747
6243
9319
5664
2243
6225
6227
8220
4782
280
8393
7367
9281
249
6257
3026
6074
5688
2732
9217
2510
9157
1073
8764
5502
4390
3912
2643
5733
5295
4097
190
9568
260
2850
1266
2315
7973
1884
8735
8660
120
4345
9350
5358
2405
772
8840
3221
7994
7508
506
7032
8223
7222
4261
6776
820
2246
2441
2923
518
8091
7554
3501
7328
508
7506
2501
8718
4595
110
5247
6477
8812
4021
4155
2063
6121
3099
3569
5450
9414
8452
9902
5968
1572
3451
7424
521
2276
2930
8219
4140
5889
5844
2501
7517
5578
9494
5012
7760
7979
1629
2210
2267
5144
1065
2826
7194
8469
1150
1426
1324
2901
8371
8852
8411
1885
3107
7787
7081
6595
7601
7094
2661
7880
233
9308
3069
416
7506
4749
2622
9994
1599
9889
6023
4336
9045
9983
235
973
4262
6556
7220
7717
6011
7822
4981
7958
8689
9099
3720
4073
9723
7603
1831
4501
3093
3159
5254
1360
9592
9252
3068
2083
8681
3760
4291
3657
5437
5264
5541
3443
7447
8387
4198
8331
8401
6847
193
8819
105
1158
7627
5402
5634
9524
4019
2586
8316
3304
3579
1025
5310
7693
8608
5353
240
1747
7956
6406
9589
7919
5917
8076
3285
588
7175
9067
1320
5548
9860
5032
8110
8319
196
2329
6476
6030
6655
7628
8338
9093
1647
596
8615
5067
1563
2642
2245
911
5502
8844
2194
9776
39
8348
7347
5001
4169
40
5093
8136
1762
3337
470
5098
7704
8874
9101
4277
447
9423
7066
2336
792
1407
6600
9075
6340
5712
3503
9927
3846
9198
6870
8985
2598
7623
1510
4064
6129
1510
2410
264
5438
2745
8755
107
7883
690
3655
3228
8662
9975
9977
5295
1417
3814
3748
7736
2364
1176
7776
4590
7870
6672
24
9068
2510
5521
4402
5412
4307
105
3661
1040
92
7566
1257
9463
5042
5588
2240
6632
2553
5608
3891
5413
1989
9803
3663
2271
650
4254
9294
3706
8475
1463
6457
6877
3028
6702
8667
4025
3619
6854
2401
2291
7969
7291
6542
9600
2975
6676
9515
2412
8779
4165
8251
391
5746
7509
2925
7196
2143
2070
9803
4222
6626
310
559
2338
9916
113
901
4676
9094
1809
8331
7591
4897
9763
404
6732
2776
3959
9101
6269
6625
68
5399
3527
5171
8501
4995
1090
6866
6676
3595
3231
1317
2114
1357
5197
585
5248
1235
7447
3710
476
5949
4877
4543
6748
7121
3950
5599
3136
2744
8047
7087
7975
8569
4810
3116
6177
7187
4582
5909
9500
436
5567
4490
4622
2327
8978
1295
9677
6282
3560
2976
6718
589
7900
5248
9944
8566
4026
8698
36
690
5957
7416
9844
3478
8757
7233
4093
4996
892
6924
5394
5512
36
7155
6590
4130
4775
4372
6429
5502
4265
9953
7576
255
8550
1511
1292
458
5268
2635
9670
6830
7220
6464
1533
8578
6107
1990
6331
4887
3463
4108
6345
9052
6769
2342
1831
3857
7646
905
6293
4579
7216
2547
9984
2949
6255
760
76
4576
3200
9064
3499
2097
208
9132
3623
8769
5920
3871
1474
2690
748
9225
4791
1332
4025
1269
8860
2744
8267
2405
6183
4924
2384
9372
2106
5221
5437
1129
9724
811
9763
4275
3205
1822
2877
4448
7318
8854
6120
6176
8595
5864
911
2406
238
6276
8962
7974
5138
2155
8131
4281
5272
1950
1806
5166
7497
9970
8258
6396
7888
9920
7391
8722
3627
521
6606
4511
2670
7622
5255
1341
9572
8653
7204
9399
4548
447
7712
940
2316
9919
9178
300
8124
7709
1580
3839
257
1697
5443
2757
5148
8547
5210
6904
6654
518
2423
7885
131
9909
4594
2986
4361
7477
6910
6961
5115
1707
3205
7642
7022
3047
5908
3199
6407
3245
3104
9313
9350
2900
2387
57
3476
616
1991
1336
9829
7994
1822
4927
3481
3751
491
1835
8933
6501
1905
1864
5768
7594
6775
2454
5357
807
3812
1817
2205
2482
5740
7642
1214
1569
6039
379
9675
4642
154
5128
1313
4760
2789
2025
3380
1055
5336
9476
4300
7904
9139
2511
8271
7153
2904
3939
220
6068
8527
1676
6257
4063
6838
4093
7882
5227
723
1920
343
1750
6663
7691
1320
8404
8417
5886
8647
658
7820
3417
9267
3403
5430
4299
724
4243
5182
4436
8704
1457
2120
4780
5097
265
6833
685
6112
3367
5674
2923
4634
8920
1315
3653
989
7090
1797
5107
1816
7476
6251
3374
3197
9400
4078
6639
2795
7941
8924
9167
9612
9330
1989
1934
9463
2788
3585
5056
6611
3736
6929
5617
3834
1052
9088
8553
3941
3799
2550
7067
521
5113
7674
1815
7102
7981
3904
3727
8920
1724
4054
2087
2804
3723
5943
2502
9729
7508
4379
2473
9672
7826
9979
7254
4393
2725
8260
6669
8931
4278
4104
2107
3296
2677
3675
200
2987
7070
9152
2385
8207
6090
3841
4096
5965
2593
2613
6695
7321
8940
5521
5531
2802
1289
558
1277
3996
2553
562
7636
4364
659
5438
8694
5663
1403
1875
7590
3271
6301
2898
8231
9603
5379
8479
574
2378
2855
9921
9765
4788
2594
8537
5244
1925
6130
2412
1130
4743
4394
9934
4258
4723
1747
4397
9265
2395
80
3287
5075
3063
3952
5657
2581
5658
8973
6166
453
2352
305
4288
7909
2806
2568
6789
4271
2822
2416
4153
1234
8542
7517
7916
2635
5212
4249
1944
2591
8440
2040
9002
2452
9678
1466
8570
6736
6006
4922
5496
2857
6594
3283
4261
7835
548
3395
459
3432
4377
951
4986
6265
8549
7397
3857
9011
1148
5273
7861
2357
3994
1895
4512
3550
1489
7967
7193
6987
7693
6079
891
1502
8773
7442
5813
6282
31
774
6543
6715
1936
9804
6675
3010
1184
744
1887
3534
7318
360
2918
5782
3781
4785
4301
5555
7666
1556
681
7019
6033
7712
4626
2200
8139
8977
7476
8615
9374
6551
9907
2267
8961
4753
6280
7698
1363
1288
828
8848
207
7240
2495
3991
1421
8889
4070
7000
7128
5180
2655
7507
3383
9505
1074
4475
1339
9781
2678
6421
6500
696
2076
7294
544
6172
4188
8732
65
618
859
8301
3962
7023
7494
1484
7062
580
9581
4338
3909
6459
974
9208
8323
7285
1197
4523
4278
112
3678
6073
6085
1310
5663
5415
7920
4417
1156
4901
2544
1666
5008
4521
2747
2865
4108
6408
2803
9190
440
8931
9037
4918
2844
798
8153
769
1961
4860
1427
6968
7168
3590
