1578
6101
270
6431
6628
5076
2764
635
6411
4131
9355
9896
9243
9856
8755
7170
2679
8756
645
5536
8439
9143
2487
3554
3101
4830
3549
6935
2563
197
1904
747
4962
5319
8014
1053
1041
7962
895
3678
8696
1320
4879
4117
5680
7991
6588
7968
7850
42
8238
2453
5016
8977
2525
4023
7612
1372
8420
7988
1387
797
4561
3131
8813
8490
2821
3547
8803
9634
1550
7686
6774
8487
4126
6980
3224
6745
5880
9380
3513
8148
7735
750
1113
5343
955
7139
7844
4326
7217
3046
2767
1106
5229
7780
8046
9939
1191
8494
1391
5375
4015
3559
2870
7957
2574
9465
9814
1098
8827
674
3881
3717
5286
1420
5884
8710
404
6955
5018
4336
504
879
1956
6472
746
9337
3386
7861
4519
6490
4680
9991
9781
5382
4831
1829
5329
488
1838
7775
4039
2223
1742
577
6013
8934
2615
6872
6077
434
4418
8415
9629
4740
412
3539
7420
6478
5092
8245
859
9970
1394
3149
1733
6150
6435
108
1885
1588
5237
138
19
958
6203
6973
7842
2830
3021
3771
1417
6972
8432
2103
3123
6089
3133
7223
9622
647
6465
8742
9845
507
6433
6998
6274
9115
1255
5181
7668
8674
3501
8112
5072
5139
7477
2125
2231
6298
1954
2306
204
7149
7559
779
5280
8865
2586
2552
1020
425
1781
8909
986
5066
3641
6932
2673
3994
9982
8941
7995
2518
3068
3877
1860
9186
4303
1956
9873
9084
7851
272
555
8890
2284
2640
871
7201
2968
6155
2419
6999
9539
7694
1471
9136
6270
988
8053
7717
7646
3551
8006
9140
2772
3533
8387
5248
2190
2855
3428
6440
9802
8667
2649
4869
1026
9065
2171
157
249
6258
4126
6214
4736
1756
4630
8836
2533
4146
6082
6530
9704
9448
3113
6111
1771
1021
912
2128
2278
953
4405
2404
5909
5685
8363
6389
3550
9354
6466
3417
4306
9506
9394
5368
8080
6571
7924
7176
384
6794
2941
6277
7219
4284
7320
3340
4100
3287
2367
7174
6555
8623
1414
4642
142
8628
36
4715
8692
9209
4222
6249
6024
7359
5090
8355
1654
128
7933
2002
1861
9864
8057
256
5361
1678
2055
8015
4532
2304
932
2007
6528
3660
9051
5399
6715
5147
6680
6317
4712
1815
452
6368
5406
942
2626
6490
1527
6703
9460
9044
6647
7777
4827
5401
999
4690
6393
252
125
4813
8580
6614
826
6629
9098
4007
7551
5918
4732
7326
7613
9851
4728
7236
5736
9249
9767
9570
7623
5931
1519
5698
8842
1703
5974
2371
9160
6397
5220
5735
2133
1488
723
3639
4492
8189
6806
1846
2799
5024
8947
5538
1272
9271
4638
8791
6858
8510
4324
1549
6073
7496
2145
7218
9443
1583
2670
323
9385
7763
6890
5411
5486
5726
4068
1982
3563
9993
450
2519
669
3399
3378
1646
3644
2127
2362
4269
2616
5719
8045
3873
7890
1931
6317
5382
1764
6573
7352
3708
2846
5447
593
8533
3102
2796
7339
7888
9579
3804
6916
6368
1390
3750
8716
2469
3838
4008
912
4924
9431
3458
9559
8834
7414
9736
953
6068
2835
1542
2999
9282
3818
1502
635
2753
3304
3068
1965
2512
4784
6891
8654
2771
9415
305
4437
5435
8098
7669
9156
6358
3369
6993
7510
9634
1544
8626
4887
6461
3954
9292
9760
1497
1107
6523
9357
9323
3824
212
2109
6162
9021
106
1270
7860
5275
1804
834
9396
3819
7643
26
2768
9300
2666
45
1431
6173
7902
268
4824
871
5189
742
8101
2874
1987
3451
9127
2571
7111
4671
5371
2854
6956
5182
4489
7582
3083
4902
2229
4366
1166
3861
9966
3259
2207
9904
836
568
2959
4604
5432
2309
3859
3389
9531
6838
6169
665
984
3211
5800
3912
9341
9681
7941
5211
4772
3604
3426
7190
3953
3679
3601
6827
2788
8530
5638
8691
3822
4367
1514
3276
6880
4337
8300
8138
5806
2105
882
9915
5251
1046
2429
1708
9230
5824
3178
7889
2442
2817
7157
8725
8268
7217
3832
6222
3045
4941
4561
7563
7368
2643
3362
9870
9221
5917
9298
7248
2755
23
4625
2725
7244
6527
6232
4189
3154
1384
3119
4804
3871
2682
184
8903
9739
7161
9688
8163
2807
3889
518
2508
7750
1707
8460
5222
6347
4767
3483
8212
5612
3846
1147
779
1110
4474
9887
3889
2267
6492
6487
2856
4439
6449
2303
8993
9392
8539
6853
5806
924
2672
6440
761
8108
2969
8411
2522
6261
7225
2761
4505
9247
3880
6995
8448
7
939
229
6636
4335
1841
3734
1360
54
5900
2750
5654
7730
8666
642
2643
4888
9280
2091
1686
2526
242
4516
9229
1065
193
7794
3747
9536
8753
5550
6842
3201
9414
8590
3825
6609
5563
8530
7954
8351
7998
5289
9131
7090
2107
9380
5398
2289
6484
1922
552
1281
7002
4635
7762
1305
2490
9080
5911
289
151
3567
2011
7465
1983
9613
1332
9718
2621
4764
1345
6119
7291
9940
8755
4134
8002
5230
5771
7593
3552
7731
8786
6248
6132
259
8543
2746
2872
449
5289
1336
9324
4203
1849
1875
5227
6984
9210
7345
2188
778
4624
9106
1415
8964
7714
9921
6562
8389
710
4070
3752
6433
6056
3832
5045
640
7206
9263
9360
2864
7915
9576
8836
7270
9030
9602
7421
2226
8022
3270
7788
2624
7316
2515
1399
6779
3245
1863
5232
6972
6123
8201
9344
6288
6127
3459
8816
647
5117
5454
4148
3209
8291
7413
548
5715
6295
5820
6025
1231
1501
9609
1648
3730
5154
9424
6829
9422
3384
2332
3888
3912
8302
2889
5197
2836
2778
895
3162
2156
4870
9961
3610
7167
4261
2404
8016
4054
8592
4483
4579
2099
9362
2415
5341
7122
6012
5291
8655
6305
9141
9269
6309
3068
8658
1385
4481
5041
8558
3600
4615
8226
982
1221
3876
728
6596
632
8780
4789
389
9340
9887
1650
4681
9419
9479
4183
4391
8633
2256
8681
4186
6965
5028
3421
1708
6364
7330
4795
6302
7944
8650
2573
4753
8390
4088
9303
1332
357
4587
9473
5258
2874
6849
8656
8727
5137
5793
8659
1111
2254
8964
408
1707
3441
7040
9646
8129
4199
9939
7574
8078
493
7721
6419
5003
8464
6297
1008
6810
8576
7042
4256
3331
9603
8990
7505
5759
7173
7456
1674
9792
7933
9871
7315
9723
4347
3839
4420
2947
846
2984
2806
3251
6546
69
5221
7704
6694
2092
1207
6169
1372
3077
1702
5620
5417
9336
6009
8934
3532
5431
2945
5846
7211
7014
4271
7230
7113
3251
3459
5159
1044
4005
7151
6673
9915
5621
3609
7836
4957
7635
272
4549
6365
4775
8150
8912
9393
1589
3516
7119
8425
6716
4875
4956
92
491
3550
553
1614
6416
7821
8705
2783
9231
3029
8698
1981
891
8435
6362
9897
2724
2607
2691
5303
5501
8181
1181
5423
5288
5870
4574
6384
7665
973
7592
2548
3092
4566
6063
7439
219
713
533
1425
6536
2764
8164
6315
972
3670
7800
9838
2849
1592
647
5919
6730
9206
7565
9830
3029
6339
3432
7446
5562
9851
5965
3831
3428
9481
7573
383
7688
9657
1783
3695
7030
2440
8003
9065
5003
7895
3720
9712
9744
8623
5187
7703
2947
9518
2278
3404
2625
5839
9856
3598
812
2728
2302
5288
5758
189
5630
3778
7371
4242
1339
3085
9532
9741
6522
2204
6141
106
8608
1106
7764
7944
4622
8710
9132
5520
2026
3059
8606
1142
8539
8876
9947
7337
9568
8989
89
1988
3246
2700
2567
4519
5461
9710
6382
5839
5101
3350
1238
2577
8130
2089
3218
4759
9065
8973
5369
7953
7246
4272
4082
7789
8172
2484
7627
865
3624
552
7190
3220
2586
5586
8593
5100
600
7944
8624
6803
3185
6701
9609
1107
2467
7689
2236
9952
2714
9554
6749
4469
8374
6790
1935
8150
7831
4875
2975
116
6760
8141
9306
4432
5509
4390
9900
6263
8650
6605
1446
4587
7113
7829
3403
674
8279
9205
4423
7271
2516
3608
2285
383
4518
9227
7323
8918
5409
4836
1260
2600
6453
5794
3082
8779
355
2031
7933
617
781
7057
6421
2012
8954
7696
3280
8226
8690
531
6808
7120
1420
3075
876
3891
4466
7057
457
7265
2365
4131
5445
4830
7251
8185
4521
8443
1769
7422
8968
7864
198
5626
1168
2730
1751
7844
4875
5608
840
4245
5330
5391
2741
232
5343
406
9150
5725
4206
7372
2288
5037
7552
4269
6934
679
3467
2275
3115
6169
8913
6872
5242
2027
5818
5306
436
6677
5169
5960
4157
128
9465
1865
8164
1082
3642
9596
93
3635
220
8329
365
9892
4478
4822
4049
4592
5524
9334
988
9539
7147
7597
3163
7655
4329
9454
918
1381
5862
3781
3621
7096
7089
6224
6732
3613
5313
7768
3909
8359
8121
9709
3960
4495
7286
2336
8778
1256
792
5674
5152
5568
2042
8569
4382
7187
6928
2748
4704
954
3133
3187
4563
2144
9646
2697
1249
9909
8759
7550
6296
3676
2263
4861
9510
9855
3994
6476
2468
354
9227
6882
8555
5749
3636
2467
3639
4499
244
3254
8182
5799
6171
1463
573
9070
8629
6089
7432
167
3760
3987
8572
8887
2380
6459
1467
2394
2191
2481
3202
8947
7154
6578
5730
1013
1499
8877
4458
2842
3159
6161
2029
9376
3028
4581
357
7716
2232
7250
8708
8806
6706
8619
51
2604
5579
4253
265
3315
9752
241
4633
8415
1471
9854
201
9780
8948
7163
3210
3933
2927
1746
5145
7242
7947
7072
2177
7719
7917
7241
3642
8966
9167
4569
6482
4351
6680
2357
1398
5598
8074
5136
1662
3850
8664
1722
1219
3414
1634
4642
4605
4817
9022
1100
3309
9080
2373
9277
1699
3594
8791
7283
5485
9916
8252
7042
5405
9571
3560
633
9990
5583
3417
9731
2211
3256
8672
3210
8692
3744
5050
9317
3253
119
3482
4018
4253
7310
9317
3535
384
3379
9546
7394
8001
8251
9484
6457
4728
9870
1773
3724
9996
8523
4408
3694
7613
3660
1803
5170
5424
2581
64
1705
7480
2086
8982
5594
1917
1264
4929
7755
7036
2388
1626
1772
9643
4839
516
9827
8231
7474
9597
6881
7148
613
6717
6340
5440
7979
510
2566
3212
5065
199
5682
2856
5873
5287
7670
9826
6179
9899
3332
11
8514
7004
8259
1422
7316
72
3827
2526
2227
5995
8638
8283
1218
2121
5513
9184
3385
555
7290
4364
9601
2356
7475
3515
43
9791
5356
7424
586
6183
2335
9889
7361
2258
1853
8543
1975
5019
6110
3649
4695
6299
8374
7244
9940
1923
3810
9441
2186
696
7810
4243
671
7387
2865
6707
3145
8196
287
4458
153
9914
4447
7266
9733
3842
2300
7489
7555
8082
1959
6867
5312
4465
8028
5284
113
5821
7363
999
5153
5399
2882
9365
9194
5999
5231
4325
1839
6568
4354
3860
7349
1512
2233
194
2609
4591
5734
1465
5724
6513
6483
2602
7892
209
1414
6149
4428
8651
1967
3317
1828
7838
4798
167
8451
1813
6273
9429
1584
17
5595
915
9312
4693
9937
6612
714
7773
398
3178
3463
8571
7558
9080
117
143
4023
7686
7930
4355
4603
8673
3397
4160
3866
5548
7568
5153
9469
9735
2402
2498
5485
2554
9665
788
9530
2910
6036
7920
6407
4904
246
8261
9715
5699
151
4608
563
1513
6797
6167
5818
989
1609
1682
7146
8568
564
9398
788
7999
8135
7135
4876
4957
6889
1146
1240
3826
1587
7308
1367
9671
912
3411
3502
7709
6592
2151
8269
8530
3548
3915
3041
3279
131
2822
4642
3920
243
905
5677
3824
4436
1197
9324
3041
8286
9306
1456
2949
8650
8278
7441
1485
9542
4584
5660
3371
66
9704
6187
2373
3432
245
6515
7529
9369
8498
4343
1015
3073
4190
5177
3312
5660
8750
8593
9065
2387
6793
7686
7388
9087
6736
3209
3963
7278
3817
9233
8785
6290
1351
2112
1399
6438
6775
8053
6848
77
6312
9307
5330
787
5144
5615
3777
6965
936
8383
5962
7884
5035
5485
6553
2068
560
8866
4375
5739
7833
6512
8835
1716
4552
3616
6044
4139
5
522
3704
1252
1854
771
1588
7436
2348
5537
9017
1537
2845
1513
2487
9133
4420
681
5249
3165
5529
802
5140
1537
2846
2733
8645
9692
3199
6735
3638
8362
8101
6503
1365
2353
4791
9780
1682
7761
3581
4451
9642
4917
4371
6869
5796
7355
3255
736
8040
5984
3455
5740
2615
9236
1945
7070
6427
6509
833
625
1436
4840
8360
7808
9547
618
7127
9296
7135
1956
3265
586
4905
5397
4141
6038
6790
5577
2920
579
8866
9919
6902
2628
5107
6217
9745
1796
9673
5261
6096
9754
6959
8680
3685
6743
558
7425
851
4844
1711
5275
6857
9625
7707
5029
7296
4881
7345
2924
8333
3001
7474
4800
7987
318
5469
4227
7592
2278
9090
1342
7538
1246
2229
4686
1614
6483
8834
1387
445
7517
8567
1449
8892
9637
6626
488
5534
7384
7735
7366
9192
7155
30
3669
936
286
3864
7430
1571
9717
2236
356
8762
8001
7890
5166
6824
7766
6250
6028
5739
4565
3082
7171
796
2514
195
5363
1005
9040
4878
269
5598
1624
5721
9618
6971
7032
3224
7015
2022
2024
2185
7669
6572
5895
2968
5981
1735
2820
7308
1480
7728
7770
1996
6876
4926
3363
3602
5946
5983
6029
6298
4116
5394
1945
2134
765
2127
4336
4882
537
5716
2848
4014
9411
3117
6885
9262
4797
6926
2915
7386
8882
2976
6686
9986
3048
4870
3708
466
9393
1114
4051
5854
3920
9529
7293
4746
2104
5384
7434
3369
3360
7922
2388
9152
2435
1023
7949
9461
1237
4130
3124
8041
8927
47
1559
3616
475
4663
3587
7865
5387
2017
3782
2366
1556
2663
8789
8826
3496
6218
7402
7617
8353
6051
2710
2001
9369
3480
5940
8019
1798
8214
5325
8206
147
1809
5576
4360
4266
9686
1913
3722
1934
2696
6922
9183
6740
6511
9800
8152
193
7050
7812
9567
8622
7788
4026
8086
1673
826
7454
3996
6806
8096
162
6891
2546
1659
436
8193
9928
4710
8580
1096
1948
5556
3460
9348
6340
5606
5160
8041
5719
2282
8188
119
3101
6337
8069
5411
6038
8571
831
291
7544
7457
8998
2741
5312
9951
2209
3420
1801
9980
1992
8488
6810
1735
3046
4418
7497
8496
7657
593
9181
7776
3254
6955
3282
7318
1594
44
9606
1918
7772
1212
5408
1824
5918
9680
816
2723
2258
8479
2609
2556
9272
3391
8699
4535
4069
7932
1910
544
5472
596
7640
7727
3703
5250
1983
78
7934
2212
5003
5240
2615
75
5842
2607
525
224
9175
7914
2234
7294
1365
1225
3801
8207
8261
327
9542
9958
3935
283
4033
8246
1964
7515
1681
8349
2202
5245
2197
8385
5018
5483
4758
3254
2403
211
9848
3128
729
5512
1183
9995
6984
1272
3534
9421
4570
7147
4203
7925
9720
7365
5183
6986
4221
4904
2393
3234
6358
4809
50
5750
3446
7693
619
7086
2902
591
5634
8702
6506
3569
5076
5676
254
797
3004
2781
1375
5367
3162
1356
5814
5009
7246
8294
191
7082
6899
1365
3736
1268
7450
7142
6645
1760
8747
3001
5680
7097
7104
1157
6605
4361
4813
7797
8684
6204
9751
9027
232
1455
2565
6543
4092
404
4036
1453
4485
5237
9956
648
2787
9187
2064
8503
1945
4938
6235
8202
6195
3186
3685
5920
5495
2901
6526
8105
6181
9112
2673
7395
7080
2872
8161
5939
3454
3250
3122
7570
7140
6734
3646
98
8107
7705
1992
6651
9607
9230
7453
5510
8213
3953
374
3045
2652
7352
8714
9437
8317
6085
9281
1553
8549
3348
483
3964
8913
6718
2926
8714
5392
7656
4295
196
6740
6395
6311
3239
3522
7248
4919
656
2602
7576
6855
3814
1056
853
6023
7027
6888
8969
3097
480
753
4841
6029
1053
9896
3037
3660
2922
5293
6471
1521
420
8338
2893
6433
6447
8976
2949
7067
4012
8020
3948
8171
1560
9959
786
7272
722
3835
3318
9965
1910
9585
7034
1557
4250
6199
7843
1679
804
2030
2655
7745
2470
1818
6706
1993
9543
99
4479
1807
3551
985
9456
9286
3919
8340
4851
129
843
7977
9457
4386
2469
6328
4459
7886
503
9378
1731
3916
4381
8329
3732
3612
3485
3167
4671
7684
963
7088
9204
6038
5885
1596
7049
7549
1999
2636
938
4502
628
8406
557
5004
2147
5580
1168
8699
4618
9086
9890
4086
2921
3312
5386
8324
1197
5286
9064
837
1255
539
8951
4595
1112
6625
4475
6212
4636
1507
3820
2571
2321
8935
6175
9870
5586
383
3022
626
4628
4030
6915
5202
5596
1335
5526
3199
1898
7089
3712
81
6951
6232
9324
2460
471
2045
4969
3278
1322
7581
4814
372
3349
3663
9163
988
3927
7782
4823
2902
6299
9510
779
4804
3850
3988
1419
7424
345
54
7228
2860
7654
2570
1943
3684
2251
9267
3288
1280
8461
3533
3539
6837
5348
5490
4260
9580
2662
3477
1425
5610
9506
651
9150
7438
7878
6521
4301
1498
5998
505
9776
4841
7354
5894
9804
6158
522
1639
9852
621
2536
8793
7375
739
5026
4804
319
9551
35
9599
1791
6564
2926
6672
1216
8919
934
2172
3536
8419
1324
7452
8719
4796
7189
8192
7455
5120
1175
2077
7400
1145
6481
2339
182
1568
2469
4762
2192
3707
6866
9706
9861
4871
4258
2745
1988
7825
7868
5246
8248
5246
8199
8885
8750
2058
3261
3756
2405
3309
7255
3530
225
1738
250
5311
8716
4545
1278
8503
6250
1684
6919
4312
8375
9623
514
1002
4687
3376
5022
9526
2969
6062
20
2791
4545
7686
3188
7294
3233
5273
5133
9761
3339
977
7433
531
3845
1450
7923
5791
6642
4269
9638
6222
8425
7976
4787
9128
1140
1369
7998
2727
5351
8025
2854
1094
3307
7398
2303
4633
7046
4808
910
4375
5977
6645
528
7361
1222
5583
4807
6998
3163
5803
7074
8287
4928
6462
5784
9990
9320
2016
3617
4260
8839
5154
2177
3735
5377
4427
1298
2178
4587
3710
2253
4750
5856
871
1316
4303
2162
2549
1599
1921
9995
2146
4945
4609
6750
876
7494
3320
7135
6792
5979
1074
2812
8861
7018
6733
4599
6043
1617
1533
8321
5551
1278
9628
6132
1438
2729
2463
5868
1518
2990
4179
8756
7540
8821
3222
57
3864
8912
6675
2413
6118
2240
5845
6746
1757
9557
3916
2288
7290
5136
1246
7245
5231
5702
2548
8392
6828
6627
405
6458
5023
2952
449
1482
5160
5396
5875
6436
2021
250
7497
7253
3469
8852
9472
4677
776
5780
2633
6497
7435
1587
6424
8324
6386
5496
1643
3889
2021
374
9751
1200
173
1778
685
5218
6800
3344
6588
3987
695
7321
9057
1404
3025
7515
1593
1793
9105
2541
4071
157
7299
141
8048
2872
6332
8761
1635
4451
4398
4854
519
8144
6634
432
4125
6528
9648
6558
9061
746
5602
1585
5596
6357
1864
1593
5266
7683
9324
2964
6618
2762
8341
5220
1226
1343
7921
396
4082
7041
8619
6567
8858
6864
4972
5108
2628
4920
9501
9810
5697
9998
8491
5668
2304
229
4867
7650
6032
2653
5229
2716
8422
8345
4518
2811
1258
3868
1765
8101
9692
9888
5135
3180
4644
3986
4581
9925
743
4301
5771
9360
5349
4273
1380
3481
8143
656
5001
6633
6087
7061
5800
9225
2992
401
4009
69
2292
2163
5244
3065
9955
9427
9566
9387
4169
6300
1163
8868
2169
1588
4573
7884
917
8665
2146
4161
4448
8473
7243
996
7418
3710
6097
2704
2106
4164
1955
6375
3787
6121
4714
3387
733
704
5709
4454
8108
8785
832
9655
4702
6992
9143
2586
1205
809
2457
5090
7188
357
720
3349
1823
3260
9356
4580
11
9479
8471
2134
8628
7168
2611
6784
2445
3177
352
6435
9170
2917
3082
8481
1706
4167
9278
3853
1560
6661
1389
9551
5009
8600
2474
6465
5288
9059
5069
570
1268
6318
7674
9156
8227
7390
3291
5083
7752
6210
8890
4420
7727
4364
3899
455
178
138
4326
6283
7956
7537
9634
61
5658
4309
2269
9405
3034
5927
3800
7381
3547
3836
3871
550
5500
2581
3639
7056
2064
3744
8287
8398
7127
9195
441
8220
5337
8880
3570
1191
5387
5521
4109
6095
8867
577
8222
3099
2440
7421
1505
1481
4067
1013
9579
9360
5906
7419
2537
3172
8027
4055
4485
6213
4286
3124
6935
5189
4515
75
3687
9604
4050
9322
9248
314
7761
1776
8736
3008
3928
7048
717
5963
5440
9071
2594
1430
9882
6451
4166
7610
2829
9515
7965
9069
9015
1981
5528
7093
9460
448
9944
3095
4556
6734
9776
1073
5767
1877
808
3120
7020
7963
8398
1230
6247
4524
295
2427
2392
2610
3683
4087
6648
2511
1198
4010
9575
5209
1330
848
8753
1490
2714
3332
7279
3779
6514
6952
1113
5253
1930
542
4361
8508
6201
1207
6283
9553
3006
6261
2240
7898
3330
4478
6770
5832
3161
2496
9666
588
8616
9035
1469
438
1376
5824
605
3276
9064
9460
3307
2036
8361
3328
7267
3390
5506
7833
3968
4769
2828
9543
3782
8897
3384
2068
942
4617
7637
4754
4348
6586
7582
2505
9068
2240
7999
1437
7099
6445
9783
9512
9778
4069
1465
5241
8285
4358
9454
2840
8298
113
4229
5684
5693
5385
9194
6651
1936
1015
468
5766
232
3096
6039
5087
4883
6660
298
2112
6685
2059
9092
329
7329
1773
5952
9164
3533
6646
6111
5113
1198
4757
924
6801
4026
1896
1162
6154
2173
7702
7754
5390
3531
2632
7881
8176
3717
7189
726
2588
5030
9560
6657
1402
6461
784
5231
6639
2981
196
7690
3695
2655
4881
8294
659
1377
8737
5294
8338
488
5865
316
8928
9801
1680
4727
9184
806
4279
2951
5383
5308
6218
2164
6047
4968
9377
3276
7796
3098
3123
7380
8831
3425
584
6550
7308
342
6072
4104
666
853
2997
3677
6542
2358
3443
3397
3652
4538
1200
5536
836
5153
7171
1823
4621
2776
8501
5355
6480
3919
9014
207
5132
5113
7966
3088
769
8493
994
6206
8611
3113
558
9730
6765
3334
3445
8455
8383
4886
9746
4645
8646
7002
2217
952
503
1328
1648
1615
4951
3066
2836
9889
6554
4170
8457
186
3110
6825
4945
7074
7539
1207
6984
3919
6033
3404
9242
5985
5542
189
3041
3131
6243
9978
8447
4050
4322
7861
5445
8733
942
3117
4302
4172
5950
1512
603
2694
9919
8783
491
3210
9261
7059
5974
2343
1486
6861
4870
7847
7772
2355
1027
5942
7821
3399
314
944
129
4361
3865
7928
775
9709
9865
6166
2091
6871
1816
9320
8176
4515
9379
1001
4166
1009
5532
2494
2504
893
7518
2701
1573
3117
2906
969
89
883
6492
1384
6168
5874
8559
6581
1062
2046
9466
4161
1270
7004
1766
8501
7405
3000
3596
8978
9793
614
1472
1209
915
5488
7172
3863
758
7758
1466
7976
7868
3251
651
157
3948
5252
8093
9864
6593
6835
3
1091
2594
8634
2887
8672
393
1300
6781
3963
4851
581
7076
7196
7235
3209
6606
9337
1811
970
2601
3096
40
4043
8889
4434
4608
9137
852
435
9499
1938
9114
3422
9747
1605
9839
7726
1786
8025
7671
471
751
8370
6285
1594
4764
5821
9871
5975
3918
5461
3737
5869
2530
3694
9324
5165
9129
5935
3083
5453
4487
7901
8370
3208
9278
9474
4324
4162
7186
3804
9455
3194
3993
5393
8574
6888
1345
1729
1947
3109
4429
2692
430
7258
4462
6338
4695
4337
2058
2993
5060
7176
75
281
4895
644
4278
7604
3304
8241
5543
2449
7514
5447
1478
1175
8172
3721
7352
4854
9734
9368
2756
2026
3630
3988
399
6201
7118
7234
6503
5899
3460
5352
345
666
8886
6005
5536
2351
7183
4959
2987
6411
2923
7044
4905
2295
4155
7010
8499
5155
9605
2610
7814
8107
9563
8318
2123
3928
6806
4212
4405
4290
9982
9554
2711
9299
7657
337
8207
1399
2335
5135
5363
3760
3669
4484
1622
4165
9342
6438
3943
6106
762
3048
5671
7723
2185
4957
133
1555
7393
6522
7943
4233
7928
8826
8903
4777
1006
107
4888
4241
7097
8325
8563
386
6911
5163
7522
4886
4666
6938
3928
177
2587
6782
860
7599
9198
4484
1040
1869
3477
1658
1074
9012
563
9395
7502
5216
520
7783
7038
1920
2260
2902
4975
5621
3530
2013
9777
8413
9634
4625
698
9385
1307
5225
9656
3434
4139
6616
9282
5739
9348
2743
6409
4600
3798
3346
512
140
6427
1913
7269
8936
3122
790
2075
9311
7387
4990
4453
3326
9084
5424
7201
329
8894
7643
8783
5409
7591
9853
1885
865
3460
2037
7889
4472
6051
6298
8769
3025
4747
4884
1874
3341
3336
7480
6315
2419
3223
2866
5861
7261
8858
1851
1889
7812
3992
4185
678
5750
1748
3798
6742
1331
5976
7544
7852
6408
7023
1455
4229
7138
3052
5726
8808
8996
9386
8465
8338
1796
4784
7405
6050
2479
9536
9781
4830
8477
5069
1080
6065
9247
2215
567
2177
3173
2053
2788
4369
8636
3661
3607
16
2164
6402
2346
6603
9792
5083
4724
8774
2007
6892
5139
770
2503
5444
546
6268
3049
6546
4554
7554
6639
5060
7109
4355
1562
8205
4285
385
9721
434
2195
9237
6827
6354
572
2640
7669
5760
5446
8186
2384
5150
8696
9097
3545
6295
7735
270
8444
7961
4101
2319
3659
5550
131
3405
7655
758
5832
1123
8738
450
4346
9802
6763
6751
7352
2218
6376
5180
6154
3953
6546
7706
5856
1401
7002
7776
3784
6106
506
6248
9995
3212
9430
394
2887
5638
5296
6434
5895
1656
3787
6416
8845
2465
7576
573
8738
8750
780
4037
2309
1312
675
2901
4383
3705
5789
5569
1144
1186
3782
1858
7458
7068
9572
8011
3746
7041
1033
1511
5471
2614
664
6913
2659
2176
2197
9920
4862
8527
2869
9276
1018
379
8021
721
8362
9418
7286
6559
795
796
7333
1643
8588
8627
8537
5958
3802
7458
7510
5688
3636
5248
8238
5209
9470
9945
3431
2716
5232
1074
8712
5016
7278
5575
4877
2852
2067
5714
4585
5374
5078
2090
2171
7480
1071
950
6778
2735
4499
7948
9354
2761
2618
9083
2912
7979
1570
7073
3506
2293
4413
9482
4807
9819
3861
2790
4542
304
6159
5397
5291
7969
701
417
7564
2459
5470
3080
8090
9450
9696
581
6090
6143
5974
9882
739
8460
132
4492
698
4768
7335
6459
2824
7322
2898
7197
46
3979
3426
9878
4975
8797
7011
7077
603
7418
8476
2446
8957
5866
1414
1407
2010
4572
1818
8434
8745
5728
1655
2574
3778
1999
4051
7530
1711
2280
9353
559
9455
1176
2129
7529
1833
5957
5261
6698
6526
4087
4623
5451
8071
9140
4600
8576
2254
1046
1867
2230
952
9354
9024
1595
9071
3160
4933
3594
8318
4554
4431
1890
1702
9500
7134
7731
3294
5342
8670
7940
1479
4120
4074
3619
3389
9515
8283
2810
8553
8288
7294
9034
2915
3023
1571
775
4389
8366
9905
3472
1755
5812
744
2329
1351
6713
3246
8535
5585
9116
8891
2871
6859
144
3344
1707
2066
9652
1154
3842
1056
3662
3221
5107
8127
4339
8803
5270
7336
9973
6364
7439
713
9578
2951
1351
6709
7989
8086
7193
6198
1427
5159
1430
2445
7155
9399
5830
2394
8339
4482
156
6423
5348
853
724
8350
9945
5845
3627
1564
4993
9240
8171
3709
6703
2864
8146
3110
9106
9864
3486
9313
3862
2423
2807
4755
3366
1266
1673
8746
8523
4046
4684
2690
1478
5539
7650
3239
1430
9836
5772
9028
5175
9754
1737
1354
663
968
7148
2364
1638
1194
6729
5063
842
3231
9197
9727
1259
1253
9191
2981
9857
2923
166
9588
5129
3409
2144
6459
9246
5340
8875
2085
7386
7255
8700
8836
8152
5107
9563
92
2196
7662
9359
5275
4882
353
4587
1446
3640
2996
1044
7919
5561
716
4110
227
8623
6661
8034
6639
4708
2474
7278
8067
1533
9745
2569
1247
4084
7348
2689
7338
4608
7034
4067
5889
7075
8580
518
8844
9888
7091
3749
1052
1911
7158
7063
801
3694
3761
9917
3880
6365
9578
3127
8034
6086
2909
2819
1951
1904
848
3475
9241
9807
1456
3866
6798
5681
5482
9570
3029
3431
4502
2685
2897
4878
2157
6839
7331
8249
5595
4532
4729
6205
3071
6475
1781
4904
2416
6334
153
2895
9354
4341
7054
1347
166
2182
8228
7359
7703
3124
4356
6033
7681
2529
177
210
9396
7808
8412
8052
9238
7804
23
6711
1854
6910
3377
4248
5660
6943
560
6198
1303
7819
861
1346
2623
4942
6441
9906
6224
4142
5662
3986
2040
6004
9184
4313
847
3576
7826
5011
4965
56
7541
5872
8074
5716
1066
3800
9367
1481
8601
2297
6554
9817
3754
7583
5662
3491
561
1406
8905
1397
8759
3951
671
1834
2083
9509
8483
1
6807
4026
9950
7708
2935
2091
552
4977
4180
8941
7699
3265
1382
5579
3128
5346
9545
6429
2025
7756
8590
5478
1189
1548
8979
7994
5770
888
1501
3754
5140
784
7936
7390
9780
8685
6417
8942
924
4377
643
556
2582
7370
9741
6593
3876
2876
7341
2355
195
3066
4694
8223
4089
9017
2165
1801
2365
2465
8194
3790
7045
697
8689
9506
6666
654
5015
2522
3385
6832
666
2440
9811
9673
8610
7967
7747
202
8716
7842
8319
1555
8365
2333
6552
1823
4050
9503
9692
1610
9702
6387
5499
5840
9438
1050
8998
9332
4238
7718
2563
4649
4686
837
6685
7824
8599
9080
2745
7183
6328
7183
6739
8298
2021
2899
8887
753
4910
1552
2171
5494
9246
4797
6697
7081
7338
9674
6891
2322
9769
8948
527
3450
5603
2519
6250
6806
4018
8993
9833
1760
1493
9743
9058
8372
4276
2022
569
7205
9437
1104
6142
1770
3037
7074
4228
1336
5610
8518
6125
4908
5869
5225
976
261
6205
5810
1165
6412
6694
8126
7719
130
505
8037
9248
4884
9741
4426
9923
6109
8115
6148
7146
3416
4055
9460
655
9809
6130
8434
1856
5847
6636
2408
7035
6799
895
1099
3369
1560
7991
9954
5752
4791
8006
8804
817
6287
7204
9042
72
5774
163
1086
6609
8135
9776
9895
4479
2999
6214
3426
711
9702
3852
8007
5412
3149
3551
5237
4324
6286
4874
642
2288
1220
3713
914
4713
2776
2590
7955
2173
3757
818
2180
6376
3288
7309
5648
8071
9152
9913
3579
7128
9182
5921
8583
1454
273
7791
1779
7265
7857
7810
2209
3874
6061
4430
8835
5771
8195
9342
5905
4101
7756
8292
9737
4403
2818
8705
5651
9100
4878
9728
7424
6310
6722
2445
4303
7742
8464
7972
4171
5572
1877
1651
9173
8146
3126
9281
9289
1421
1285
3592
2559
2645
7952
9661
6993
4647
5110
3809
6964
225
9222
7296
4629
4133
6071
5446
545
1815
2734
5297
5712
8689
5615
5906
5072
6598
1731
8477
4554
2706
7713
1344
3586
3984
2733
1841
8320
8246
9066
9631
8518
5931
1789
7450
6238
9209
5007
7023
9490
9326
495
9244
8823
5788
6914
8674
7062
6463
2839
1783
6920
5550
5100
1259
8958
4027
1142
4195
5066
6886
5841
1729
7486
3982
9589
1957
6175
3526
5233
3660
7829
1606
7126
2215
146
760
6866
8215
9324
7075
2136
7555
3577
5414
3417
7692
182
6090
9665
9064
9908
5817
7840
1290
4432
365
7267
2147
6653
7264
7038
7106
8911
9731
8425
4103
7783
1307
6996
1829
9254
6278
4552
6197
7120
2188
8380
7575
6399
8432
1265
8388
6001
3524
4202
1391
7567
9804
4971
3114
7546
3948
2221
820
2900
8411
9051
80
4232
8408
2092
9665
4232
6715
189
4193
1073
3765
218
4721
7773
81
8633
954
6532
2812
6372
6387
4976
5168
4193
3036
2508
5996
5167
5830
3255
8128
9615
7349
6059
8947
3085
5838
9285
295
2633
5130
1040
2805
9894
1613
4915
9218
7119
2224
4483
2307
5569
6698
2166
3389
6793
3245
4326
7221
8666
1213
1101
8998
842
7019
4803
6961
5451
8000
50
4542
7857
6965
2626
1104
8133
511
5606
9847
8085
4648
2785
8319
9397
4024
3126
3926
918
4371
796
3707
721
5739
3210
9234
833
2102
1780
6276
9546
8939
7314
1459
1738
7910
4170
5402
4474
2043
3081
1971
192
1511
5635
8179
2245
8434
1172
1856
6590
3088
2546
6226
1369
8871
706
4375
2918
9818
6835
4353
6463
3796
634
8410
3686
1393
8011
8088
7369
2982
1489
875
9348
449
6555
7458
4820
3867
7076
9038
2771
7785
5836
4815
5093
898
7608
1130
6878
9083
1106
5756
2174
6606
6238
3272
1610
6937
1979
156
6199
1635
3042
2738
9157
3065
1263
9618
5591
4823
505
9909
5739
7538
4735
8276
8778
7969
2928
1166
4141
5004
1863
6953
6249
2461
1298
8896
9337
9044
5885
1899
5143
6070
6800
2061
8407
4357
1746
6822
8656
3098
5095
8872
7304
9055
9901
6918
3371
4505
8016
2088
6471
451
405
1436
7111
8054
601
9143
3609
1300
2710
3145
6270
6180
2798
9887
5278
5399
1623
1297
9062
7593
9668
5147
8799
5171
524
3866
7436
7662
154
2140
2288
9090
272
889
9145
668
6888
8689
701
2013
2088
9211
4479
9647
9697
317
2238
8676
4484
7993
4411
8759
1186
4756
7620
3075
2863
418
9010
4722
3298
6557
9051
6445
284
2085
2581
1779
1826
881
5448
3189
1192
8419
2607
8926
348
3226
5083
5727
9853
4001
2163
1528
2918
3349
2363
5971
8170
1875
2048
7003
477
352
9886
6074
3421
6994
1710
4639
2412
1947
2608
4798
8859
5335
3793
9410
1956
3387
6056
958
3076
1165
2418
2881
9875
8194
5800
1639
8290
2818
3883
5868
2383
168
604
3755
5000
6997
4105
4709
1658
5269
7783
1454
756
841
7657
9569
9565
5923
9483
3427
8255
9105
8013
597
3102
64
1167
3619
1449
3793
2806
665
6812
4201
2856
8565
1279
1123
3465
6648
8351
7280
1763
1543
5911
6303
8331
382
7659
5335
3238
6435
9680
480
6584
1240
6523
9682
4404
5642
325
8406
7477
8775
6055
5785
2279
4796
7368
2846
8995
3340
160
1682
8886
6189
6168
1739
765
5917
9809
8154
30
1570
3613
1264
4534
5678
1949
5021
7819
449
6648
4387
2813
281
4197
5161
4526
6164
4614
3756
1242
7830
401
3519
581
4198
1468
4435
9824
1330
3603
8353
2632
9603
2089
420
2843
4780
1113
5861
7127
3740
8904
3438
1473
8403
5194
8447
6287
4384
5533
5775
3395
1881
1797
1434
6708
5060
5477
8985
9562
4706
919
2608
6214
1260
3544
7424
9372
8869
323
2845
3438
7919
2232
9514
5350
1033
8025
6543
8799
9350
1745
253
7280
1913
5665
872
4647
5244
3273
9411
8798
6448
7119
2906
2061
4015
7231
7432
4892
4781
1327
4745
1314
8269
2109
4938
8063
8720
6279
2301
5394
8952
7815
72
6712
1562
4441
8028
6322
6066
9370
3652
5105
2385
7360
4548
4481
5937
9040
7680
7375
9385
1152
8334
5560
7979
6713
9556
2176
7531
7640
8459
588
6043
4321
2278
9052
4449
1520
7579
1080
8618
9694
3903
2406
7127
8301
1361
7462
8389
3825
1788
2714
2460
4506
1056
1252
7485
7665
6763
6350
254
1327
6544
6049
4098
8597
2089
6018
6145
5387
2921
9215
8391
3897
4618
8738
5864
1387
5493
1823
241
6292
8817
4640
6042
8803
2658
8843
3479
1082
1762
5452
4110
33
4766
8916
19
4950
4471
9998
7422
6334
3833
7818
3310
7965
2824
5864
6279
3294
773
7394
8231
1359
6577
1078
5015
6204
3273
3455
8717
9015
223
4255
5981
9809
5945
651
224
1352
8034
7715
6573
8540
3951
6204
6051
7999
4221
812
7017
5369
5109
2161
6140
1061
641
2399
9576
8428
3160
6548
8658
9324
9157
1386
6050
7156
4438
2824
9294
6687
1216
6709
3953
154
5664
7450
2474
756
9836
1155
4641
3761
9288
5634
9172
1867
1253
7055
8000
325
9844
8128
1611
7693
4680
1329
6110
5006
7673
6145
1904
1759
2420
3753
3838
7788
6575
1257
6102
9007
7515
320
4307
6778
4819
807
5379
4083
8641
9115
7763
5276
8672
9430
7724
7262
7404
4921
3591
2259
4805
4536
3660
2493
7970
546
8376
9957
4337
8331
2493
3539
3021
3943
3395
8343
1689
7638
4060
6131
7993
1287
2245
1253
1713
1690
4873
8516
4580
5189
1200
8566
7278
6226
4404
7147
6733
532
3572
5882
9530
6229
2225
102
8806
4493
4517
2333
7055
785
6612
1853
258
9029
507
3155
9258
9039
7173
3138
8246
2506
1325
2668
2041
4355
301
7359
8907
4756
7237
3103
3005
2939
6615
4748
2266
7750
5822
8544
9385
4957
1775
9991
8830
5563
4408
1355
4000
5595
390
5547
7285
8859
3362
3272
5594
6351
3931
4140
655
5189
5327
1527
1535
161
1106
3175
8141
1205
7154
2115
3401
4654
7793
1156
306
9725
1377
1921
5238
9376
782
5445
2789
4013
9444
8895
7172
6602
9506
534
9133
748
9430
3463
8739
6219
3144
8605
2163
7150
4451
1067
7782
3400
9789
7912
7475
9438
5720
3048
9409
1491
33
9107
4634
9971
1206
2133
3708
1416
1509
7217
5257
9020
1695
82
6078
2188
1499
8928
4256
2149
5287
3643
130
2654
7833
2488
6371
3314
6275
469
1461
1080
9973
5338
2168
3681
3197
4653
7445
4573
6697
418
4151
5146
2669
9406
1955
4954
2656
3462
9464
9311
7361
1881
2689
3046
6567
1926
5576
5166
8949
1771
4437
2819
6077
5452
7187
5340
8267
2972
6276
3405
5874
9947
6043
1001
8468
4237
1703
5367
8779
6146
5599
4368
3541
1463
3704
9875
2700
3704
516
9477
4915
3344
6261
6664
3468
879
9951
8455
7718
7782
5916
8171
1732
7666
7545
4237
7209
5395
4861
2393
6255
1048
6857
1723
5272
4025
7627
9048
9595
7025
1773
1548
7088
9877
6490
9083
5351
69
6673
5638
9777
6639
8322
77
6466
1722
677
1275
175
1125
6858
1410
418
2684
506
8900
7116
7636
4493
5403
9722
805
4741
6709
5088
1905
3096
9360
5825
1268
6395
6158
5665
5738
6537
9877
50
4615
8627
3798
4138
6391
817
5799
22
4739
8599
959
8728
8908
4754
9822
6907
168
9778
3399
2135
1430
34
3739
3248
5535
4754
9090
7513
4235
3078
2552
6390
5405
7495
4611
3823
3885
119
9980
6832
6560
8290
6833
6189
4917
8560
1318
3747
9630
3574
8948
3130
2761
3084
7343
678
1034
3610
8359
4813
1992
5564
6907
7443
3857
1941
3476
1872
5738
8255
4790
4148
4278
7056
2238
5249
6882
6840
5207
9638
2907
9255
2752
5612
621
9180
1234
8760
7578
1895
2432
5553
6339
6960
5824
748
9541
1409
304
3555
6947
510
7958
5029
3355
293
2489
8519
2712
5088
8134
5031
4004
7704
4991
6369
9816
5763
8998
2042
7025
1646
4962
7514
4160
6582
9820
1143
2191
9439
6681
1676
7739
1864
7875
2040
2226
1926
4598
2803
7658
7180
3652
4428
4924
6668
22
2813
5691
8360
368
5840
8405
9713
1024
3435
3813
177
51
2374
8642
1539
2867
2573
6711
3200
4208
6817
3600
2805
7642
6617
8430
2703
200
5463
8311
5689
5193
3653
877
6156
1669
8429
4425
9125
4302
8232
1412
85
2984
1006
8322
1810
9490
5980
9259
3738
8161
1156
1447
8599
4984
670
3525
3390
3141
5101
2121
8802
2570
6092
7280
7686
3159
1078
2705
5311
8929
901
8849
1639
9121
3875
4515
702
4699
9612
1370
1643
6073
8741
9292
6289
4772
4885
7974
476
9327
3681
166
2123
9872
8678
6121
55
2395
6927
1921
1969
3212
2119
3474
3163
7713
2424
4985
6124
2370
322
9529
8279
9822
4871
5140
149
2419
1091
2531
1038
3849
4185
5634
967
4044
7160
8763
8150
1781
4188
93
5457
8964
177
1257
2340
6603
8707
6616
4865
7658
6337
6108
5105
6914
3055
3106
5529
1224
4954
7153
2552
8361
2183
6706
220
2420
4101
9227
213
1193
4545
8602
1393
2588
2615
1626
4422
1717
7446
1173
8991
9015
4301
2631
4222
2922
6081
3450
6575
1336
2768
8115
77
9009
8176
7160
4109
2876
2321
1021
4216
6554
5745
6586
5447
8248
7134
6730
9383
5185
9638
3315
9051
253
3754
9341
7089
1723
4897
3088
9869
4278
4649
2110
3553
279
6152
6250
3694
7782
8576
3076
9796
2670
7761
1891
3509
7389
6313
5069
9144
8660
5046
6086
4138
1777
3580
66
414
9015
3602
8969
7669
2039
3527
8582
1241
2221
4530
8027
1187
1689
2007
4469
9085
4712
6661
5224
6049
8318
6204
3207
8352
6210
5292
7714
7678
5639
2376
1500
3867
3
2378
983
9645
1726
5152
2558
6920
2648
4148
1007
5632
3606
9049
3652
6758
3019
5697
6269
5501
5920
8731
5499
624
8624
5834
3179
1981
2338
1729
1421
6025
4947
2059
9632
9623
7615
4695
8556
7012
3660
1456
8107
7993
6675
2298
6596
4515
6556
5048
2070
3247
6022
7963
6366
1999
128
2197
7093
4041
9686
5052
9449
143
6043
9226
6870
4601
6879
848
4977
9438
8541
1467
4209
5842
6084
431
266
6409
1568
7839
3847
7050
708
5599
4356
2558
8406
497
2293
6328
3416
4043
4166
2735
414
2938
5231
534
1761
992
5812
7132
7455
1320
9415
1231
9772
3707
5002
7916
3353
2106
8661
3361
3695
8571
6864
6196
2312
7746
558
8012
7147
9764
8982
4813
9026
8465
255
6737
4617
2906
9431
9506
2821
893
9104
9796
6575
8898
8583
9375
6892
1741
1395
4682
1370
9508
1111
8563
2057
7275
1875
3883
9507
2155
1677
9470
761
8065
6600
6128
220
7682
1726
7747
8773
1324
1440
3989
1618
3448
9334
1287
9773
5276
9828
968
9178
6477
2252
3151
8044
3121
3946
56
7909
4290
1873
341
7833
7823
175
5958
9166
9997
9183
788
4882
6938
747
1318
88
3394
4427
2343
6544
9866
846
5967
6498
9370
4100
3677
7591
7640
3879
7366
3124
6847
5684
1831
4
7887
4889
4391
2193
2285
9932
4152
3023
1435
2917
4700
1909
1587
1689
5539
1849
540
4325
9491
5926
2735
6035
129
9340
8084
8364
8859
5925
6357
7498
2104
6624
7940
825
2039
3723
2760
4745
5012
401
3827
3986
1593
9262
4271
5925
3377
7691
5462
859
9207
107
9841
4285
8414
7457
1944
9566
4954
7355
968
9753
6891
3695
9603
8930
4874
8192
9906
476
9995
5709
3237
4391
8898
8774
7834
4019
7619
4892
3756
4469
8241
5796
5891
9525
7192
6216
5721
3266
8119
6347
4589
9011
532
8758
6897
2538
7507
1011
941
5319
2034
4965
2502
1671
4619
3730
8505
2790
2605
9615
289
88
3236
8054
713
4256
4788
7078
5164
9883
9813
9335
4887
8156
8904
7289
4447
5397
6088
9624
2175
8414
9964
4270
6986
5461
9193
7301
5871
227
2180
7735
1131
5895
9300
6388
1416
4609
4102
4399
1762
7757
3290
5334
6842
9481
4043
5964
5652
6533
2380
6484
8731
9255
2574
3996
437
4455
2510
1332
8401
9342
5707
7929
6908
3270
3397
3603
9106
173
6785
7143
6130
5788
5017
6521
7579
6590
1472
18
1282
2576
5699
3882
1702
9796
8107
5299
3226
3761
7904
8850
1969
5530
407
7066
5081
9833
4619
7542
3822
5544
9882
306
8446
4556
5606
9959
7565
2607
6652
433
4399
1368
7921
1647
3730
4489
3752
903
463
5301
6417
3891
1205
9260
2779
9852
3637
6324
4922
8369
685
6245
2676
4916
508
5042
3013
3745
9444
8271
9538
4140
3005
467
4330
342
7429
3019
5993
9963
8838
4840
5206
9644
192
6727
1756
7140
9238
6571
1078
4969
2517
4489
4244
3280
8366
3120
4298
9837
9716
4323
7319
1350
769
8564
3203
6387
7763
6366
4593
8021
4164
3935
948
6608
5175
432
8238
246
7726
3315
9923
6065
6377
1192
6493
6460
8328
716
3305
4014
3330
5662
4318
8741
8318
4623
2046
9979
5374
8406
9204
3047
7772
1213
6301
4611
1085
3259
1892
6758
1666
6863
1174
2221
4797
1478
9924
1450
9216
9081
5142
7913
8545
8038
204
5979
9769
888
1632
8577
5772
2598
5143
3751
772
4934
5975
8362
4662
6940
563
3175
1318
4323
5297
9858
5413
1846
2988
3424
9608
6971
7397
1985
5525
2860
3476
3645
9015
7124
2221
2250
2160
2323
2734
4791
4462
9470
7732
4153
454
2134
7070
6335
9805
7075
1785
7091
6230
828
4986
5792
1349
7302
5450
4859
7090
1719
4075
6255
1113
2502
4745
9177
7647
7376
1100
5324
495
9417
170
2930
3410
3022
3081
2609
7260
579
3298
9701
2931
9550
7281
5327
2763
5870
6409
1994
4957
5497
3285
9509
4518
1297
1608
7474
5819
3987
6598
6219
2603
8444
972
3452
6237
3511
6729
4000
919
5255
4800
7163
2768
3886
6982
5105
2462
5032
6198
6146
5433
8599
4388
7107
4625
11
9615
3658
3402
4638
1103
6006
9829
9545
3693
168
1467
7830
130
3906
6898
6868
4920
7866
3074
7472
7181
5338
289
3094
6085
7944
4250
484
9807
7197
45
9111
624
1893
3856
6005
3996
98
3218
8150
9619
2828
48
9215
519
7065
4401
3516
5004
5333
2012
9962
6137
958
6969
9486
2491
159
2613
1493
2632
4871
1151
7146
9056
8933
3183
5757
2240
1443
359
5686
7201
3643
3009
2038
7773
2698
3239
4837
5937
9040
7474
1534
62
5329
2650
227
5290
7628
8861
4910
51
3349
6619
3126
4292
3632
7629
4762
5920
1740
7029
5181
219
7114
8577
2030
6359
73
9450
9570
2524
9888
9033
7248
9569
7191
6168
5529
8455
9794
8518
1683
4822
2026
3444
336
7214
5658
9805
9103
111
5043
3059
847
5412
3644
9668
6300
3674
5498
4092
7223
8463
9448
4643
1302
2422
1715
3895
5941
2838
1733
3604
4903
2274
9692
7408
6653
7060
5126
6835
82
3970
8139
7044
7120
6818
6886
2367
1443
2938
3505
5553
6345
8896
2797
9334
5586
5360
4923
5786
5081
1292
7802
4924
6943
9021
8253
9841
6160
7944
6984
1396
2388
3452
3447
4459
4261
2536
4747
9237
8744
5049
5810
7055
7578
9761
658
4054
40
5876
5857
1014
8219
4171
8228
7265
7294
2603
6914
4972
9293
3808
9013
5715
1084
4898
3292
989
4353
1722
9663
4570
3823
9598
5409
5640
2640
6744
3371
5685
1902
357
9291
5263
2029
7993
8456
7447
6713
8367
5232
3317
6856
4926
6336
9412
3100
3192
1023
2766
6696
3068
1591
7170
667
3067
4801
961
7133
9143
2285
4521
2021
8535
2667
1385
5605
6360
4009
6355
2068
7166
9321
1311
9862
7304
8733
4764
9433
1601
9170
193
766
930
9319
9666
4577
7012
8408
7438
1863
3204
2027
1957
2100
7952
8982
5239
2646
2157
9179
9224
5602
411
3170
1455
4185
8224
1633
398
1734
7137
7978
7612
2215
6336
977
7117
1381
6270
1000
2563
1
1441
3034
6462
2509
6481
4720
4894
1253
7549
4755
9786
3144
2299
527
2345
7399
9276
8143
6062
4312
3133
6507
2081
7383
2250
9099
6743
6506
4301
3031
9395
6272
3188
9421
3542
8325
6769
2093
3251
6788
1594
9572
8333
4026
9265
4595
9217
6770
8111
3004
8528
403
4505
4921
1653
3554
8180
6761
3301
7493
6804
6439
7092
4694
1136
4408
339
6896
2370
9857
1319
7753
9194
2995
6214
5355
3090
9124
9787
6736
2396
4747
5865
7498
1176
6648
9931
429
1618
5565
8282
5546
9768
3837
2920
1176
6392
4736
3145
1729
6616
3840
5745
6486
2368
2979
5192
8944
2177
1893
3434
3892
3321
3425
8252
8834
4190
1852
8489
2875
6376
6478
1114
2284
6604
877
4067
75
354
1688
5210
9805
8728
3470
7923
9361
3679
4248
535
4349
9059
6073
147
515
5881
8433
9053
1103
4577
1464
3553
6656
8442
733
665
9184
2548
2811
2827
1010
1569
2997
1948
7911
5349
4238
5602
3565
3757
983
8968
5509
9852
5622
6458
191
5887
4607
544
1156
5714
8194
7032
848
3324
4416
380
4106
6262
7067
5090
6945
5769
9466
4530
5108
2980
758
3250
1486
8381
5156
6702
8093
8991
430
8435
8334
241
3824
842
7990
343
7020
866
8767
3746
6891
7494
3085
6931
5425
5997
1708
4414
6123
2769
5160
7593
6696
5031
5465
5890
3153
7741
5849
6736
8342
722
5746
274
8519
5486
9129
4724
4556
306
1937
1409
65
9531
3934
338
3153
3360
4055
6531
1741
7339
4151
4327
8009
3717
4608
6050
1444
5097
4012
9380
5859
3578
593
118
6249
3872
3232
4604
3428
4046
1627
1931
7862
3807
4977
4068
9502
9999
8599
1774
7475
9398
5364
8834
8462
9503
