4217
3371
8746
9051
6999
3740
6794
509
9976
7420
8097
5174
7199
5285
6358
6234
7558
872
5335
1212
3347
5622
9850
5816
3382
5175
555
2558
2798
7531
1013
694
2492
1211
4188
5972
6576
8331
4182
458
9295
4878
5226
1764
1094
1574
9296
8468
472
6278
5752
7370
2947
9958
3543
1008
4225
6579
4924
3664
875
2912
609
450
2231
3933
6173
3061
178
2466
6806
41
1768
1448
1924
343
480
9476
4768
7710
645
7889
7019
8955
4511
7417
6859
2564
3745
3951
4080
1761
1723
2892
3909
5687
6591
9749
5122
2706
4304
4485
3519
8735
4263
6860
8802
3571
6704
3204
2169
3292
2817
9995
5396
1474
1562
9154
1049
648
2983
9793
7643
4613
3347
7892
6612
4682
7687
2710
3615
1360
9616
3129
9603
2687
4639
5920
2330
8621
7769
6969
5936
8993
2815
1593
2230
4147
2536
8965
421
5426
2522
4507
3200
9281
4775
6540
4819
1935
836
7766
3288
1249
3141
5329
6488
1326
6836
470
1726
7032
6673
5383
3351
2722
7667
8511
5254
9618
8541
5271
2580
2276
2988
4082
7220
3016
444
7958
1093
1385
4233
1016
5984
7003
3
4002
6081
6576
1323
2771
8403
5815
3771
3843
7972
546
4898
7057
7752
2883
7213
1180
3385
1346
2785
1034
1995
5501
6948
2248
7998
1373
9547
9439
5581
9825
7310
7791
7219
153
4616
9403
5053
4336
6891
4624
5082
6087
6224
9123
8496
698
3164
8359
3864
7986
398
1255
2457
7654
1028
7462
6338
7502
654
8528
7713
1046
4986
6349
8625
5228
8878
1170
4576
5142
1829
4723
5470
6147
8544
5033
7665
4796
1694
1948
5622
9270
5670
5197
4434
9879
1681
2067
5462
3730
2341
7760
4769
9713
9579
4734
6687
3342
3170
8124
3247
9630
9645
1167
6771
8874
9463
2439
7184
1931
7463
8207
8197
1410
5662
9424
7241
7010
1741
7555
2861
9467
7156
2897
9600
1299
2309
4425
4209
4050
3831
5996
7247
4010
1639
3609
9485
5457
5512
8496
3393
4093
9003
7669
1147
1499
4074
1556
4195
7180
5358
7483
3003
8557
8576
3432
5444
5873
6444
1423
3164
3341
6642
1400
9908
2944
3014
5204
9616
8940
5720
5258
6840
3653
5486
1282
1852
7301
6189
4764
1108
3722
5062
174
3700
6157
7852
4153
3743
6576
3508
167
3827
9379
6230
3843
7730
4290
5040
8196
2337
4687
8010
8343
7241
8807
9460
3689
9802
4212
3611
4718
2575
5583
6362
688
4413
63
5293
1848
4406
9299
6929
1010
7914
6071
904
4752
8877
1526
2249
6718
4979
797
3
5309
6375
2072
6177
8558
267
8379
4649
8780
5434
8079
4767
3750
329
4663
4279
3432
9500
6333
1816
6902
934
1262
1083
613
7864
8223
4611
2533
8474
3691
758
3518
2503
2714
9961
9413
8082
639
7195
3068
4599
9326
5864
8516
7437
8264
8893
8271
2087
2164
1355
4710
2873
6396
4100
276
2600
6545
8275
6237
7994
7292
9752
3247
6365
1299
3521
7795
1636
8500
5364
1888
8651
8896
5816
5373
5131
6823
3348
976
1193
7692
4623
9383
9177
8916
8007
6514
3969
1457
9517
9515
7448
8453
1261
3940
1533
2758
6875
3404
5347
2461
5113
3149
7930
394
9637
6341
4409
6455
3135
1230
1111
1191
3848
7228
9114
3563
4454
5267
6950
8001
6309
3795
2359
9370
568
161
2570
2518
4892
1443
7621
8623
9837
8855
5079
6126
7041
9264
9130
6813
8099
8559
6709
2298
4027
2970
4430
8037
4360
4667
3341
8887
7695
5368
3899
3663
1933
8938
5785
7386
5256
2076
5533
1165
1428
7922
3512
7586
7970
4787
35
6077
4403
3173
2247
1786
7402
4164
8107
6741
2511
8110
5064
6902
7135
1502
3065
391
145
451
5086
6899
8564
3436
528
9100
4020
6914
9263
8025
3803
2530
9942
9515
2068
9189
1616
2474
5706
8318
9748
4432
7663
4272
9084
6818
4474
313
7764
663
7607
6463
2189
7558
7218
2966
9777
8560
1294
3915
4417
5431
128
2751
4666
6010
4233
3795
9382
7822
9152
2093
2958
5930
1709
3189
2093
1999
2946
3390
3824
5954
1237
7508
6522
3880
6456
686
5028
9229
5673
6672
6625
176
4260
9105
4032
9918
8215
7843
3243
6250
8590
2260
7468
3158
1501
9152
3022
3329
5628
8529
7025
5373
5836
2404
5832
6907
4856
1609
8061
9958
2823
9415
6549
7784
669
1337
7677
7373
5585
9817
2707
3954
3610
2264
7842
2841
7042
487
8165
2845
2332
3461
4460
44
3762
1125
2844
1317
5351
8186
6209
1359
5340
2050
2335
836
5742
973
2838
9673
524
8393
8372
4395
22
7964
5044
4919
6929
2748
6820
3205
1479
3342
5156
8194
8107
3513
858
8217
3962
6630
963
9214
7165
8983
2020
7751
331
2353
2446
2887
8011
4727
8224
6279
8824
2500
7415
5523
1917
7733
8608
5647
2415
3696
7325
5732
1482
5941
5270
9243
9715
9488
7591
9573
6349
5720
1080
837
952
295
1450
1018
5699
1574
6444
1868
1842
9525
2621
7842
3035
7668
8604
9182
8122
1712
284
2806
9140
3005
6867
5408
9720
9389
4066
2793
321
4282
4382
9330
7689
4070
6141
2551
8456
4844
7340
7421
6970
18
1725
5656
6878
7230
7790
9094
2010
290
4756
6795
396
7029
5639
1834
12
3632
182
1965
4909
7217
460
1698
9810
8799
74
6098
9293
1979
6372
2078
7378
8416
9752
3944
4635
3319
1320
1403
2405
5849
8921
5064
3575
7201
4340
895
6834
9005
9642
3926
2340
5009
7476
8345
2807
6952
2872
1182
7430
8185
7255
4419
8560
562
2852
8519
6405
9011
1167
2850
3821
3481
6367
3889
8184
9221
5535
2994
1120
4745
1375
200
9226
1150
7995
59
2076
789
1016
8128
5576
5960
3323
161
4759
844
4788
5432
1953
2694
4823
1437
9576
7623
8843
105
8980
1061
971
6695
5161
1127
187
3094
4597
1548
6132
4973
6261
5833
720
2268
6103
5997
1442
2938
1338
339
2588
3057
4050
308
1892
6146
4840
5606
7392
9749
4430
5460
5374
2850
8832
4443
3936
4565
6838
8895
1877
3970
8182
8952
83
9829
9142
5036
1008
9060
3023
7786
720
6643
141
4656
8761
2612
83
7546
50
8473
2475
7592
3514
6311
8955
5722
981
1177
3523
9483
5904
5550
835
7463
9542
4624
7002
5209
6443
4274
4425
6982
9957
5557
1061
1472
2795
4455
7660
6408
6982
840
2703
2419
7108
8810
909
5015
5915
1701
9200
5923
1562
5493
1920
9193
5387
5473
6598
1976
293
8280
3612
6058
2750
4873
3487
7958
6494
5855
9862
4531
3119
455
5565
1563
9584
4016
3386
4839
7336
6350
2416
2317
4647
4219
7906
6274
9688
4427
1167
29
4179
2202
8091
2362
720
7764
7807
3624
2118
3552
4455
4672
9185
8970
5433
9858
5137
9292
6341
941
5919
5944
6248
2619
9403
6116
9451
9079
576
2083
5400
5084
3305
8140
8300
1931
7710
9545
408
760
742
5503
7202
4930
1984
2276
5288
8845
9437
9506
196
7758
7092
9062
4283
3218
9609
213
6368
7403
2584
45
3382
6216
2331
6403
9858
2672
1307
1566
2462
9099
964
8014
3770
6301
3073
6522
4174
3472
838
4838
9178
1197
9436
5357
1998
4246
8598
6593
7461
6387
5459
2364
1020
2455
3869
2113
8865
4030
5342
7700
8535
118
146
2371
5797
5062
2231
4016
9118
8431
7840
7116
4155
6926
2394
9809
5476
9563
8950
380
8143
7922
8565
2245
3855
1675
4818
2076
5021
9416
7320
1634
1556
1867
6260
6161
4566
4129
2838
6249
7116
4190
5297
6376
7723
3414
8642
3013
9042
9125
3821
5114
5760
3021
114
427
2194
6330
8847
3847
9546
6067
1311
4858
5179
7919
4976
5980
4257
9248
7586
8570
3342
769
380
6895
1486
6696
2248
526
2124
2856
654
4639
5277
4391
8335
6260
7978
4438
5896
2358
9164
370
1174
49
2240
1557
4632
6728
1994
522
6096
9271
5765
9324
8372
2627
1128
7193
5953
6608
7733
9480
9231
1679
7259
3492
1935
1137
731
7284
4992
9565
5831
3321
306
4218
1542
7603
9170
8506
1925
2400
35
6803
5191
8898
9854
1994
9085
4732
7888
5950
177
2393
2226
7631
5388
6857
2630
5705
7128
2376
4221
2593
2399
9693
2421
7242
6418
300
2592
5636
5158
9960
8512
9395
5224
8153
6894
3015
4065
1845
249
8045
1685
4142
3628
801
1574
4313
6968
3070
469
4054
1169
6788
1448
5441
4517
2053
4055
35
5974
7884
6561
3525
6249
1978
8587
2259
7111
6974
4648
3513
5393
6833
21
9709
2368
1403
715
6344
2794
117
3895
1122
1473
5388
870
713
1685
1966
1322
7630
9530
6373
3770
7932
7572
4701
9861
309
2847
8660
9607
5179
4955
2045
548
1224
6644
1344
6705
7947
1487
2386
4322
9552
9729
444
2622
154
2218
5082
3118
4879
2750
5475
2933
960
6820
7680
6202
5060
3864
7963
6896
6272
43
6774
7398
421
5210
3476
5258
7974
6732
6920
6473
2900
6484
7656
6466
567
1047
1357
7224
4555
1495
2106
438
4518
2686
2871
7308
8722
4215
9817
7608
8475
3381
4847
7328
6294
9367
1051
4460
1323
691
3148
4113
5217
7855
9764
9591
6949
9824
4042
9916
999
2089
2751
433
3233
1813
2181
674
6500
8047
9136
4819
2080
2654
3613
790
6848
5567
6762
6602
1216
6842
7265
301
8973
3799
196
2033
4807
6153
3670
1597
5829
600
8836
3738
9573
6189
6351
3246
6174
6870
2342
4822
1684
9449
8292
6635
6871
1413
1859
439
3369
9268
188
4977
746
8061
1629
9045
4498
2295
9237
3327
7770
2903
9839
7141
6119
9930
9128
8500
20
1166
7406
2307
1850
8458
8088
9572
5327
6879
3100
8521
9305
9558
2529
3331
301
3272
3858
3733
2921
4780
1930
4183
4890
4267
2978
438
1786
1616
8565
745
8185
9948
6957
8751
3879
4038
9404
6532
7836
4319
712
1155
4404
2866
2195
5140
139
5818
1174
4758
5216
2559
522
6808
4601
5256
9571
210
2499
7780
9146
5777
8051
1828
4373
2991
1598
5264
7045
9568
7010
7354
7707
3688
2255
8751
6439
5851
54
4105
9999
4429
6652
3473
5785
4744
6074
3634
9046
1339
2981
1129
5498
8767
8693
8617
1180
3237
3796
2940
3590
7659
8692
5843
4937
3134
4685
3182
3697
5786
1491
6471
7776
7260
3568
904
6442
648
4067
6925
2317
9862
9476
6276
6938
1207
4034
2209
2836
5750
8380
6862
6628
4922
7000
2432
5479
5400
1747
3444
9877
1221
5958
6264
4830
697
1809
7927
3330
2654
3270
1100
6349
1672
4405
8312
9134
3327
8400
5870
9475
8599
4938
4091
8755
5153
3505
5187
2183
2810
7380
3142
8086
5361
5810
4690
5723
7238
2450
6226
8741
5262
6905
3572
5499
6195
8299
777
7418
24
4401
9765
9628
4906
915
9366
23
3586
3330
9105
2671
8456
5028
5751
4696
3873
2877
1751
6285
7913
9351
8750
1142
4715
302
1369
7562
7820
155
9179
8161
6872
4986
6170
3363
1877
4298
9235
323
2292
9040
2766
2082
9206
7992
988
6017
1274
3098
1324
1079
3380
6965
8190
7914
6218
9674
2671
1198
7704
3176
7555
39
4227
9711
928
3949
4970
6403
7382
3403
3721
3327
4797
1380
1768
7971
8648
8595
1872
8876
8789
4652
3677
8079
2726
5221
5630
3170
1769
6299
1433
4342
2339
3234
1276
580
1772
7036
9615
7395
148
6229
6005
2068
8196
1657
2946
106
7278
9315
614
3929
214
531
5718
9930
7594
9546
7468
7928
9149
9253
9909
1258
4817
1348
5624
2109
2882
2966
3479
1085
7584
8211
8301
9953
9861
3989
4712
8096
197
1700
3088
2195
1266
5869
2021
4841
6751
4606
5751
3201
1469
5744
2430
4583
3585
4913
2682
5550
1846
9294
3573
8822
4015
5658
581
138
5413
3405
766
2986
3630
8491
4483
3712
8623
1023
8125
9232
1176
9796
5492
9345
9245
337
4762
578
3702
1135
8839
6395
8140
3736
7567
8065
4003
2573
7936
1749
5447
8531
8856
2154
4095
3132
8643
1026
6511
6670
6769
5396
4569
7794
2566
7467
2675
763
7643
1806
9636
1696
9027
5095
615
40
9928
995
4178
321
403
709
721
7933
2698
9143
5067
3882
8787
2446
8582
2188
7943
5160
8391
4505
7058
485
4337
7233
8391
5375
1119
4920
7937
6600
4493
7922
2275
7807
1535
810
4465
3710
7013
4958
7896
978
8423
5898
6440
5960
2090
655
1218
1857
6181
9120
2972
3762
6269
3753
8481
6506
1035
5181
9413
8512
4656
8634
1270
985
991
7723
9135
1987
7976
9274
166
9169
581
9584
9445
4452
1037
2394
3014
6882
1687
6505
2487
3637
2152
4327
5980
9635
9869
6529
308
3477
3172
1893
8004
1430
9541
329
6544
9994
1310
2325
8504
8888
4363
3391
9951
4294
3525
6081
7910
911
8161
2409
1047
1892
233
9533
4910
7676
5832
4520
753
6665
6511
326
2225
8393
8853
4392
7929
9285
1979
8532
7826
8426
1900
1820
5001
5361
7124
7465
5016
653
6872
2900
1585
4449
531
1520
9450
5051
9665
5096
657
1009
755
6913
8881
6678
691
3899
9661
2025
7938
3241
5737
9419
5021
2458
8168
651
206
8340
5551
255
9487
2829
7689
5073
4409
5717
3188
8996
9706
8819
6264
3073
2869
7370
5976
7650
7124
3543
5489
395
6424
9130
7007
992
2225
7407
959
8262
6841
4088
79
5418
2506
6904
7794
3304
3168
2847
2399
9098
7177
9469
8473
5725
6313
2821
6506
4801
6394
128
4360
6685
7345
2874
4761
204
6780
3613
7155
8520
3991
520
9660
6881
2734
5067
1968
1162
6156
6722
721
5121
7009
7051
8393
6857
2707
934
8059
9478
6284
4729
4455
1060
9121
1341
3964
3587
8578
2184
5975
7923
397
2119
3946
2841
2093
600
3240
8427
6144
1394
2317
6702
4423
4337
6539
8681
4198
4642
3791
229
299
3911
6321
4467
1499
1575
4442
4170
3592
5797
6288
8236
4239
5820
9549
8037
8077
7012
2590
6815
4226
5027
8327
516
3534
2291
3732
2001
5527
8507
4714
3250
1485
4269
3291
4880
9061
4892
6088
7701
609
360
1666
6056
1408
9816
4409
5545
5298
8594
4709
1786
5492
5017
2755
8247
9690
7268
4823
6596
3146
791
8768
1042
1765
3329
5465
6670
7233
2065
1835
8950
8401
3957
9872
2105
4582
2640
5266
1338
7262
3399
2018
543
2603
6057
8805
1212
3967
5209
473
1176
4035
9513
2149
5689
2423
3893
2734
609
5220
7081
5509
6276
6525
6527
4270
68
9123
5257
8300
8155
1015
8951
8632
7668
955
8630
5601
6727
6802
8549
6221
9311
9814
7861
1069
3178
2136
973
4206
1724
625
3879
5708
9904
7367
2923
3313
556
9788
4357
5579
256
1185
7669
1516
7755
9847
9508
8187
1002
3782
2014
1496
7774
8662
7248
2124
1401
7771
5822
3022
1173
2750
2609
6306
6720
1013
8716
3581
6503
3445
5162
4804
1006
4062
7734
4417
6762
5381
9975
4135
1211
5167
7349
9565
3562
8888
4300
2150
954
4628
5372
2034
7038
2173
6026
4749
1351
6763
6680
7509
6392
7057
1643
3913
6056
2980
2846
4396
6579
7463
2403
4377
1246
5681
2481
8241
6965
4896
9023
7631
7043
2279
2299
413
4556
6307
9063
5344
2122
3003
8592
7245
5267
6278
9085
8863
6531
70
2705
6673
6555
4898
3612
6181
1238
9921
548
8951
1444
4802
2427
3596
2165
1481
1438
9236
1619
8404
2314
8318
476
2667
6907
491
4523
1062
5826
6394
5106
1080
9810
2883
9190
3769
3063
3871
775
8850
5123
6436
4139
4097
6278
2063
3686
8573
3306
9882
8295
1715
3977
7661
674
814
4443
9760
1237
3782
47
9023
9386
3055
6037
358
3592
5538
6758
7227
3990
8392
1665
6812
5070
1779
5827
7277
9481
7431
3714
5060
2444
9813
5830
5536
383
1449
9477
2691
9926
7065
4921
2320
6286
5886
3648
8591
4997
7743
8815
3038
1174
3576
7044
6386
496
2650
3847
4011
6451
1484
7099
2517
5830
4767
1191
6426
4119
9983
5084
1301
3024
6837
9619
7122
9250
6729
8901
7538
2049
7941
5093
9866
4972
1125
6109
1418
2263
6554
4004
3723
7367
574
4057
7858
7145
6066
3391
6097
415
9524
1173
3117
968
8732
577
9434
9179
9236
8216
2162
9200
2008
844
2196
3915
435
5523
4169
4134
137
4592
8258
6809
9779
9760
6398
2825
6469
4339
6504
2650
8348
9140
2188
7346
2419
6727
794
892
9300
3295
707
4166
5803
9481
6977
663
2870
6392
2595
7632
1065
2541
4101
7198
3071
355
478
6665
3995
7253
2947
2797
5659
5309
1033
9186
8478
3225
5399
9658
8316
7963
5562
4150
260
8190
4131
1109
7683
1457
1867
4874
2896
6849
5110
4985
5157
8359
4869
4399
967
426
1638
1531
294
5363
2598
8668
4000
5500
4038
8792
9312
4803
3259
5238
4293
897
9343
4664
8141
3793
7526
2793
6992
3231
2171
6815
6536
9679
2232
8013
6382
2327
5860
2072
6080
2026
9367
8084
3454
4498
8425
4490
4245
6201
5305
9736
9379
9956
9994
3525
6856
3709
5175
703
3197
4539
3206
4083
7551
6928
2075
3272
2612
2447
787
6873
9070
7384
8849
4461
1101
2257
6006
9973
4158
5314
8153
6689
3841
8029
2422
8527
3209
8105
2754
8321
2157
5114
5389
7466
107
8830
4352
1445
5436
8774
4998
5329
5075
335
919
3789
7726
5964
5152
508
7807
3218
4814
3861
8677
1135
5992
4106
9155
9784
6397
771
978
9134
3379
7959
7714
5100
6574
8822
2059
3840
9841
5973
9203
1267
9535
4902
7048
3287
6234
5860
5852
9484
2093
4776
4977
4031
3077
7019
650
3823
8169
393
5009
3725
2331
3422
1175
4719
951
4096
7046
97
2664
8056
4626
9290
5482
6622
7374
7014
394
3744
5274
6373
8521
6414
2890
1103
8415
7813
3810
5650
109
9191
254
5242
7883
8932
3534
8603
6000
4343
8815
6574
9775
9374
2532
8438
4446
2663
4819
5550
9715
6932
428
97
2375
8187
1236
3237
1820
7949
3168
1716
6363
3617
2845
3017
7381
2508
9868
388
4540
6286
5130
9449
5978
6188
4958
5499
9631
2630
3548
6369
8616
2309
6902
4627
1466
5219
546
4915
7551
8726
4535
4586
4455
7978
913
4398
1487
3834
7140
6077
9791
3339
8205
8376
3837
326
6915
5055
3472
6191
269
8981
3951
6406
4717
0
1943
3034
7578
9743
5019
9381
1851
1432
1958
2200
1759
2781
924
243
8906
1802
7870
625
8666
8606
6813
2846
3288
8836
1078
9686
5753
9901
1851
6412
9988
4923
7106
2771
5134
5516
4534
9005
9585
6129
395
2669
7771
586
2528
6379
6563
7745
1085
4963
4806
9807
236
8666
4079
1358
996
5919
3446
4429
447
4010
2975
1177
4414
2404
6067
6766
3427
8450
6284
9354
91
9199
9401
9690
3151
436
4369
2868
8575
8247
9621
7856
8991
2206
7134
5411
9470
9086
1318
2201
1233
1172
3778
430
7791
5775
1645
4970
5333
5112
5568
5799
4826
2496
2428
4096
1228
4900
1146
4055
9513
9423
426
1555
3850
2109
3801
981
6618
9367
6350
2373
8996
3247
6306
2030
1898
3994
4223
2578
4450
1349
5569
6683
5803
7621
394
9248
4189
207
2914
5936
5534
4336
5451
8685
6401
763
3010
4168
7034
5229
4961
1638
2156
3998
9762
6860
3459
999
5918
1196
6589
362
2980
8571
2594
658
6853
9806
8117
3848
7739
2529
2083
1599
170
4275
4393
1005
879
9410
3138
934
2421
5390
6397
7942
7590
7453
4557
1483
4414
1690
5210
317
5676
4651
6100
8795
3618
9598
9736
1459
8827
7694
4396
9838
2508
4552
9316
3974
2499
2628
4839
5396
7388
6451
331
8282
5699
9828
7580
2986
3011
9266
9660
3905
9005
2318
4965
788
3412
6388
3226
4293
6037
2812
3339
8274
9541
4880
9943
5098
2898
7829
3692
717
9771
7752
1754
383
5436
6054
2949
7640
385
9784
2985
8155
523
3353
3880
6241
3105
9765
7599
1377
366
5151
1303
3263
4008
7151
679
5694
65
1655
8918
8547
326
9873
6062
8008
6789
3943
1324
4441
4715
5374
4644
7806
6763
3919
3586
1749
4875
4659
795
2652
2137
3467
770
6280
9626
90
3286
117
6323
3407
6968
587
6145
658
8779
9689
8098
8410
6708
224
6582
6841
97
1631
9264
8917
2758
7622
3495
2580
562
6665
5930
9699
3760
2467
672
8195
602
2052
8124
4785
1063
3273
4239
6160
4837
7863
4232
5508
7682
9411
694
2654
5300
6913
6287
4527
8889
519
9785
7659
5832
6668
2869
1548
1254
7907
6843
3600
7269
6350
8785
5904
3463
8481
2085
6365
1024
2725
2090
7993
4121
7861
3807
1071
2529
2280
6490
5921
9166
9499
9108
9340
8401
7626
1278
6682
776
8283
6866
5620
9885
3656
2212
2113
411
1127
3303
2127
7072
9671
3756
9917
3806
5497
5941
7922
8540
5993
1943
6686
8586
7863
6174
9068
6994
3254
3066
400
2073
8161
9127
7810
2964
6117
7003
7895
6168
4543
8665
7945
9785
6050
6978
8419
868
5877
8603
7514
3929
9879
4985
9083
4416
6640
7577
6317
5277
581
3884
4115
141
9879
6720
7185
928
345
586
9687
5121
7340
1294
4063
6880
6089
465
7935
9664
8859
7382
8380
8476
486
1589
2235
5189
9400
6058
3221
375
4410
8073
8230
5402
8354
6559
6466
8611
521
5491
6853
9466
5348
3420
9829
1031
2305
3932
4439
5894
8592
7898
8378
4169
4123
9518
2099
6861
4004
4389
7590
3572
2009
4676
1247
3921
214
9384
8506
4019
5224
268
6037
3080
1385
9333
6495
6339
8861
9191
333
5849
3656
1403
3817
6788
4522
1224
6663
2682
3096
9085
5350
4216
535
4593
8671
2088
599
1137
8206
1491
7931
3464
1786
8127
8225
4366
7506
5128
3986
7879
8309
6557
3335
1164
1582
3410
2629
9655
9275
7539
6936
4695
7032
3112
4552
2452
6397
6739
5113
9676
8481
9942
3125
3068
7033
818
8574
890
113
3387
2579
1167
4229
7703
2529
5794
2444
357
4435
5151
8962
5866
6743
8855
8017
8166
2766
3265
4827
8917
512
7470
87
7746
8778
3611
5253
2486
4597
5055
4479
8430
4356
3283
6127
2683
7258
7825
215
1538
2677
789
769
515
9563
6033
2963
3175
2975
2861
8286
4851
5008
6923
5492
9978
5391
4265
8835
1566
1627
3119
6818
4263
3818
9848
8599
4012
6102
8285
5731
9933
7665
6925
1323
7908
8103
5689
340
9808
9871
6747
7065
9617
8125
7079
6604
1490
6807
826
1831
8319
8834
7711
5549
4696
344
1776
1555
5294
9528
9354
6548
4059
5499
5129
2405
5886
4926
8306
1958
4483
8353
7344
3810
2609
2186
5669
8307
1277
295
9634
5396
9517
8558
35
6773
4982
1187
3057
6101
2950
5158
9371
4303
6766
1749
4031
1763
6103
5141
8417
9087
2102
2409
7758
6186
6650
3229
9963
5038
1041
3938
8214
2895
3034
1653
9166
188
5798
8926
1519
337
1672
9970
9445
5078
3355
3494
1842
5448
9107
3441
1978
1682
3851
3148
1227
8488
4302
6248
6347
9519
2209
8700
1369
5116
7949
9722
5670
7976
7498
2765
8748
3100
8951
1154
3484
8255
3095
5039
9846
1993
3013
8004
7089
1491
8088
8749
8042
3038
2289
5409
8025
2652
6209
1450
4944
5967
1832
4321
2173
3996
3208
5365
1246
4906
4024
376
6996
9309
5460
8230
6224
9994
5826
1203
9881
4631
6239
3568
848
6065
1496
7642
9563
5560
8741
1711
2334
2875
8959
221
3672
5131
5699
8793
6264
9679
1422
217
8368
2980
2488
223
18
5518
7693
3778
3880
9920
5558
106
6480
8916
1287
4856
5763
2919
2705
320
4071
1316
9367
4820
9514
5659
1342
4254
8751
1662
1774
4025
5397
3912
4085
6653
4370
6699
8571
8389
6288
9268
4880
1886
3470
4428
6705
8591
4951
5614
3369
5456
2047
4864
7876
3368
7689
4704
5151
8231
8517
7836
2491
5356
3351
5902
273
6868
1780
6386
5951
1232
2214
2998
9120
1089
4334
653
8234
579
9976
2783
3009
579
4922
3137
441
9406
1735
4828
2760
6872
1216
1869
7594
8822
6394
504
1918
8200
4171
5514
7870
7622
541
6410
9612
5206
5285
8794
8903
9400
9165
1568
9677
558
1821
5147
347
3035
8201
1013
5519
6918
9540
5204
2958
6059
8786
6828
8402
6766
8507
1813
5163
9165
3963
6564
5751
2098
9782
1080
2188
3041
3225
9763
1793
9828
5451
3380
8077
4129
4835
9949
1447
6628
9171
8998
4220
1342
2146
7165
9183
138
1800
2887
7115
9608
1602
5832
724
2312
4101
3099
2668
2964
9263
7934
8625
5098
8921
5022
3043
9877
264
5002
4836
7719
5779
8598
3752
4085
7087
6511
8651
4655
5318
8293
3650
266
391
5674
3145
5212
7686
6758
6668
5956
2660
9157
6721
2659
1033
6637
8739
1851
3470
1615
7129
7426
5943
5097
3125
2738
9965
6038
409
9201
890
3267
6451
7912
9854
4479
873
9667
4574
9598
1871
6548
9692
4442
8454
4964
7169
583
7166
5510
6631
9328
3740
6041
5476
499
1815
9355
2112
7878
2956
1733
7351
6869
8258
1287
5770
8330
8984
3008
5008
3911
6106
9929
3418
2146
8402
4511
4053
4861
347
6540
3176
3170
4032
8225
3436
8072
5987
3666
1611
2788
2106
7806
850
7182
2164
5481
7120
7599
1690
8328
6369
7492
9696
9064
324
4130
2794
6875
5639
7430
971
2320
1908
4487
8873
5326
8133
2667
1629
1340
5668
7362
3846
8208
3533
8355
2733
483
2852
2946
8403
3566
4291
1626
2262
547
3868
7532
1250
1161
8173
8532
7557
8469
9985
9397
2427
7698
8819
817
600
4718
9037
3318
9476
9408
1502
4568
9696
3001
8410
663
6583
822
5804
9757
1455
2783
679
598
1583
8671
7434
4652
9562
4993
209
3838
6106
6275
9368
8909
4680
298
8715
7955
2952
2290
5736
6784
9009
1503
7366
6610
5897
9221
9007
6912
608
6544
825
2483
7027
5345
8802
6034
7953
9382
2585
7192
7450
613
3066
6676
515
1412
7265
1405
6853
1000
4992
7376
9318
2777
1995
2200
9167
6238
9361
8184
76
8794
9781
1447
9107
5106
4794
7705
4780
5673
6541
2502
4943
7819
7612
6874
5514
482
3349
6825
4209
7256
4377
7404
1056
1706
8959
731
9213
1637
5220
5129
4920
1601
1088
1623
7524
5238
6485
2054
9151
9518
1057
4317
3293
6201
1234
5810
5475
4567
73
8185
6239
6646
6839
8375
9205
4328
2980
6721
5189
2575
2686
9334
6152
3368
2206
3701
8504
2658
1463
3277
5871
6505
1816
6911
3576
8980
8081
7233
2210
1447
2178
2082
3251
1333
6686
3702
1513
3285
3870
3821
2124
496
3347
2276
4671
9749
6723
9607
8165
8441
133
7841
9520
9198
4503
9058
2084
4479
1068
1659
186
757
1172
665
2273
985
6019
5580
6591
87
9667
1139
3590
2715
8629
5862
8897
1466
5171
9200
8109
6208
2321
5879
261
2017
3234
5528
8629
3550
8599
3652
4128
4839
7538
2225
2429
4823
9545
9934
1132
1648
7701
2616
1095
1332
7050
3730
5907
5341
3009
148
6038
4042
5761
8722
2514
4838
9725
807
2607
5494
7799
6303
2920
1807
9825
4798
8939
5410
9604
6528
7124
1877
8138
5870
387
2240
7125
7945
8025
6816
4643
775
1298
7563
8521
2647
6988
2545
6652
3874
4871
139
9854
1904
3396
1170
6341
2836
5679
7215
5928
1862
4409
7419
851
1275
9886
6050
3179
1874
8582
280
1771
5005
3559
8424
3435
2538
1111
4245
7154
9790
7359
6655
2690
6045
8811
6133
9266
5000
6366
6097
5610
2643
8786
9380
4903
2257
8733
4526
2350
4671
6527
9946
2365
7707
9256
5716
9885
815
4710
3032
6900
1533
5836
424
3991
9912
2591
4794
6652
5148
3482
6140
7805
156
849
5701
7577
7846
1554
8937
724
309
3031
8520
9391
243
9272
99
7826
5337
6670
4460
7574
8516
386
8266
5199
9541
1236
9110
9670
3510
6648
3893
4053
6276
4026
2081
6956
1725
4610
2150
785
5400
9779
2791
8387
1019
2637
3546
2687
6220
4258
4631
9275
8184
8070
8328
7632
8682
8047
6141
3286
5513
2380
2655
9815
2016
658
4494
3253
7179
2306
8058
7047
8843
3590
3354
206
7990
4154
2749
3335
5278
4247
4283
825
6044
4282
6326
8749
9673
8692
4482
3806
9033
7882
3231
2438
548
3613
6735
7192
2322
9668
7448
188
6627
7445
3143
6260
6168
8866
7199
3870
5313
9408
733
5330
1492
9923
4681
4059
3222
7606
3931
9042
3898
8935
2023
3046
6403
2302
8487
792
6504
8845
3092
8659
5747
5955
1857
3513
3573
5179
8228
5528
154
3282
7585
9883
1252
8086
6244
4717
9031
8937
6555
7240
1568
5461
9246
4987
915
585
3964
4395
8879
5090
3043
2192
4224
2645
5548
2800
1105
1976
16
2537
4540
8432
4043
4296
368
7621
2684
759
4366
6562
181
2130
6128
5657
822
8778
1125
7316
4704
4195
7341
8645
3144
3864
110
7214
6699
6079
2753
7101
6024
4438
7580
4735
3071
7612
6221
2454
1108
2733
4431
405
591
7701
8284
4280
6755
9142
9536
528
2953
5077
8549
1660
9640
9454
368
1907
2163
2408
1608
8078
1984
4114
4174
7635
5376
9885
8333
4123
8048
8020
6096
1829
587
37
4202
5844
9546
2195
838
627
9
9493
7499
1817
1814
4422
9563
4088
7945
5567
7033
543
6203
8770
7173
895
8596
8205
3094
7498
9925
3790
6114
7223
6014
8870
3821
5506
4606
3782
2315
9105
8933
4342
9140
6402
5671
3717
307
8048
1839
8650
3994
1620
3597
8249
5878
2967
3374
705
9547
533
9926
4658
1900
6062
4061
4315
8473
4983
4243
5250
9477
8957
337
9309
9394
2265
5886
13
8924
2079
4810
9339
5423
8305
4330
7371
7029
6096
3569
4812
224
1666
1368
8721
5840
7983
394
5210
7986
6965
2830
5787
8742
5100
4289
3198
2011
7172
9615
2085
9225
2890
2798
9463
394
794
776
9260
6597
9854
7955
9828
5753
5028
2878
193
3923
2701
4938
5333
5324
3762
946
3141
5619
9313
9081
5501
1986
3270
6815
782
3390
3653
5631
4290
2512
6227
4488
1616
5020
9300
2390
2811
859
7758
6540
5829
5209
3405
9057
7585
5180
3488
9764
5493
9807
7889
3276
7598
3051
1122
1473
8670
9073
83
8945
5152
9638
2912
1504
460
8763
278
2671
678
7784
6086
2327
4289
1141
6514
690
641
2933
1301
1831
9822
6735
6512
7328
7428
6330
8574
3945
919
7252
8392
8744
6532
7471
6725
9539
4115
744
5689
5026
9257
166
4447
8194
1194
5580
6929
9011
8971
8379
8308
79
1428
6023
4193
4952
2980
1987
1117
6908
2688
7259
2346
5319
4468
2591
1638
4326
74
599
7137
3635
4775
1624
2301
4706
8866
8449
5870
6903
737
7122
3632
6065
8188
4490
792
8535
66
5818
9795
7822
330
7964
7466
4276
6706
3946
5127
5148
7507
5820
4721
8630
7030
9394
3299
1674
8127
6329
6092
385
2840
4974
6047
80
3129
813
2778
3362
4322
7892
5075
6897
9227
7065
703
5281
8899
8388
6892
4105
5492
7210
1390
1935
5800
7144
8375
2030
3013
2200
5103
4919
1011
7187
3220
9553
2815
9059
7978
3294
4920
724
9331
7932
7206
7494
8314
5908
7834
1825
2330
3634
1345
5078
843
882
4354
3774
4828
1363
2951
5778
9404
7707
3400
6230
6882
3911
7570
354
9389
5949
9671
3022
5158
3696
1871
9097
850
2383
7997
8070
3907
1402
5612
2708
3645
7906
920
2345
4870
9277
4217
3818
4967
6882
8393
4393
4799
1255
5623
8012
807
4068
1844
3910
6896
4195
7995
8356
120
8135
2462
726
3772
6166
4475
5847
7831
5189
5229
3099
6393
8990
8031
2085
3203
336
5803
6706
1358
5268
8401
6085
7867
6375
2963
3792
7989
1368
5293
9883
5027
7488
9010
4405
2249
4649
3265
7716
2190
7261
2214
8506
617
8076
7805
2566
468
3321
2418
6916
9427
5698
4084
9746
7262
842
1784
5440
4249
7476
2617
8532
1141
8910
5036
7223
6751
9384
9282
3679
5926
9503
8071
505
2778
6363
7624
4242
4000
9217
9970
2835
9074
838
1492
7191
7715
3937
3030
2795
2960
4522
6051
7857
3858
6117
386
1808
8464
9462
5731
7787
7346
832
8884
1660
6992
5918
5411
989
6792
7308
4638
4755
1199
995
9526
7848
1839
1327
4882
3635
718
8303
9904
7446
9647
6969
870
7460
2978
4823
4007
1693
7990
6994
5265
1223
511
2793
4499
203
3506
3726
8155
7817
1678
2893
1405
9528
1637
4570
6352
9838
9687
662
659
7416
4639
5629
8765
8120
567
9936
8050
6376
375
4282
5905
3215
5803
8017
4474
6799
4370
2106
5981
8263
9474
3305
3646
1756
7593
6548
3284
4335
2591
9203
2880
8251
375
4407
7643
7966
3124
4660
8809
3538
7529
5740
5385
5894
6616
2361
8542
3341
2811
2006
6008
3779
3377
9146
3355
7224
2225
5603
3426
5658
8138
8859
9964
6739
5003
4266
7828
8108
3454
8023
6302
6028
1551
8732
2653
2306
8090
7397
1234
139
6626
9732
5279
1232
1070
9381
6746
6591
991
1113
7421
8244
9516
6193
9546
8323
2702
6777
7947
1029
3096
9310
7207
909
1261
8526
9169
9382
9221
6810
7915
2411
4635
9642
7368
3090
3054
3517
2318
1542
3079
8715
5098
3023
8858
8522
4574
16
3845
6633
8997
5181
629
6525
5448
5879
760
5125
8793
5542
6542
2236
3820
6353
6872
554
6693
2189
5251
3671
8780
5648
4014
622
6045
2017
1126
8345
5516
2430
2563
6543
7206
3688
5803
406
5731
223
6132
7063
9912
7670
4615
5581
4889
1587
272
2761
9035
2341
2002
6870
1415
2546
967
4628
4410
5916
1269
9891
1881
5200
5052
5389
2114
5899
4140
4880
1726
3720
2932
1142
5667
1178
3413
5059
6246
5075
5173
2731
9933
1071
9503
926
4003
8400
5303
5521
6228
5670
3499
154
5688
5051
3398
8648
7101
3992
1966
2108
9068
5480
9245
3608
2078
4855
4140
4050
4360
1430
7323
292
2801
6302
1518
3252
3780
5197
5122
4235
160
2466
3837
981
4253
8194
258
9492
6074
7973
2724
2224
3138
1680
6818
3743
365
9743
1121
7325
498
1167
6119
4456
5049
6933
9059
5131
5598
4815
7739
1285
9683
3605
2077
8469
1405
2666
1655
5797
1662
6405
1953
1312
3299
7703
6696
7008
3
2808
8486
8216
9624
5219
221
6187
8394
9258
1523
6104
7238
2839
4870
2419
1518
4065
8784
1664
5179
5943
3446
1358
2269
7548
6267
5822
2851
8351
6706
1551
9749
3685
4688
7736
3294
9286
7520
8049
4472
5505
9088
2990
9456
4236
5992
6792
1880
7484
8187
4794
4891
3309
2262
1253
6171
1646
2869
2545
5574
1517
6149
1552
3735
1754
1940
2880
9065
8091
7076
3502
982
4444
9151
4433
2590
1472
757
3706
707
1064
5024
7030
7393
6095
5528
5053
4347
2672
1187
5946
4208
8996
3156
2871
125
3468
8756
1349
940
295
9054
6725
4090
8720
8740
4678
4262
9768
7696
9979
6548
5435
3781
392
3650
7969
547
7833
1426
7572
3161
2831
7414
6281
3028
9432
7674
3645
1206
5450
4699
9789
8386
4795
1350
722
9076
6384
5515
5063
8462
609
3903
8312
1868
6933
8145
3801
4425
7151
5236
6864
7658
1668
4075
3968
3705
6247
260
4451
9964
9715
2379
3059
7379
1333
5359
7749
5169
6452
8865
4386
6466
750
3912
403
4251
5008
370
5625
5886
3345
4469
1783
2476
2875
7972
2732
7621
1416
3773
2672
540
8645
687
4683
5702
9797
7112
3021
4865
6293
333
2589
1872
2055
3043
2545
8372
2941
6441
3078
5111
8516
5081
3597
466
1083
1556
2626
8127
5710
2874
1162
5784
4515
6811
9033
2958
8128
1847
2462
1158
5927
5137
8907
7598
8448
2419
4820
3229
1905
6443
931
1800
3292
1027
1494
4320
3749
2799
9590
4857
2895
7407
3172
8742
6130
1811
6338
2160
3162
126
3548
2070
895
1028
6929
5997
6253
6781
8930
2520
7008
9195
8261
8692
6989
8328
8854
7114
7167
7625
9931
9208
461
7727
5187
6025
6821
2220
6826
5103
6391
1282
8171
6499
1920
3511
9107
3860
5650
2453
1598
7227
300
8158
6608
6831
3547
7116
802
8804
9901
5286
1078
7823
29
8751
201
6116
4336
1113
4773
5680
3019
1287
5808
3171
8335
5888
84
4565
2
1294
2988
1449
6587
5702
1655
750
4634
5251
5676
5906
9826
1211
4891
6178
1939
2099
4780
781
6200
2926
8614
8871
9786
7569
3277
5560
9791
370
921
2068
5699
3534
9808
4022
6689
281
8367
117
1230
5200
4138
7001
4962
4555
5357
5718
8563
4127
5614
7879
4384
2080
4738
7670
5960
6243
5880
7080
1605
9409
4838
294
1624
359
8014
6101
5137
1146
7756
4007
5898
857
8543
4123
8034
2411
1681
15
9921
1239
4581
8230
6269
5474
4636
5572
1336
1954
9588
485
8515
9057
4798
3406
1028
8910
202
6412
2751
7726
4529
9625
9204
5728
1711
2813
5637
477
6571
1904
3553
5550
5876
4701
1266
4328
202
5347
8352
1890
965
373
3840
647
854
6081
3852
6215
9769
5982
5408
1960
9075
3902
2094
9178
5150
5219
191
3095
7214
7758
7639
6073
8943
5346
6563
9766
6029
9607
2018
3223
9088
5179
1501
2742
4610
67
3333
4581
7182
2431
6743
5420
9254
9419
9726
7818
2081
7393
5685
4333
8751
3676
7303
3900
2667
648
9349
6801
7164
4965
5859
1204
1543
507
1824
5059
8165
7095
7649
2286
7485
5635
4473
6558
4893
2259
4086
8469
9914
2347
5258
193
434
4223
1589
2779
8874
1171
4508
5836
1145
3505
9320
9742
6080
4792
9133
9008
1940
4561
3845
5716
5322
1869
7689
2739
3853
667
8875
4512
1183
6358
5283
8361
6986
5786
3620
5705
1698
3783
682
7979
905
2318
227
746
5390
5224
4055
8323
6035
134
2453
4108
4025
8515
2491
5230
9850
5510
6833
5565
2979
9268
8579
2584
5356
3554
362
428
9893
7464
869
2339
1967
3057
6841
8777
2133
2478
3170
1839
4117
3722
6149
4793
7630
5480
2244
2499
9143
8025
2972
3392
7674
8858
3183
8242
4908
4747
1225
22
8665
4042
7729
2662
2384
5085
9678
3538
5209
8414
531
3657
9087
3904
872
9281
9662
704
7799
9174
8985
7480
256
5599
7432
5693
5785
796
301
55
6150
619
801
2977
5313
5962
4144
1350
2790
6711
6398
4348
8413
5332
324
6189
1924
7958
2139
4271
713
5324
5876
5174
8481
4604
3777
3791
7896
8121
4980
3229
6181
8801
8130
6609
4441
5891
5555
6914
4820
6638
824
4172
2644
2868
3529
4788
2524
6573
6763
9305
77
9384
43
2135
7363
4540
4602
1782
2206
2077
4644
1567
9050
6954
7006
3102
2862
9043
9692
4786
7758
9241
6028
3458
6221
9261
6866
2698
9235
5930
3745
8771
327
5054
5267
9376
4713
9651
2453
8932
4383
6669
4162
8081
3481
1948
7643
4316
3523
6016
7343
6189
871
5836
4045
8946
5740
3732
515
3410
8783
9584
801
7167
3740
2915
3040
2789
585
3445
392
3551
6831
971
5282
6584
2278
7305
1115
6911
6684
1742
6146
5412
3282
8013
4671
240
9764
1916
6991
7281
5506
5829
2624
962
255
4938
3957
5193
3797
9349
1830
2617
707
5821
8728
8312
4949
6805
3860
139
5678
9631
4087
990
789
6814
7270
8368
3529
985
9595
3178
6561
8491
512
2976
8341
7367
9799
2080
5379
7400
3347
8248
1663
3511
1559
5940
58
7942
7145
6869
29
537
2035
5933
2258
8052
3766
1958
3007
7487
8794
2082
5872
9319
2487
9965
1297
2974
3657
4511
8853
6338
5140
1870
2901
9483
2692
337
8056
7742
6734
6831
2347
3631
6041
3333
6622
4499
6531
1222
2475
2819
3090
5964
6771
5532
5319
3341
6487
8852
3584
5706
2032
663
3627
6993
1147
9615
8146
6210
1013
2098
6584
3918
8942
3989
5966
7515
1213
6223
3810
7668
8737
6136
5108
6733
3390
2608
5286
2149
12
4524
6992
8436
3896
8507
6974
8740
3445
5974
7158
620
6595
7462
9209
3942
3130
9264
9286
2306
7171
5915
7333
9860
739
994
3127
6937
5333
6821
1783
119
7011
1946
4925
8818
6497
2833
7487
6570
6998
8165
2612
2274
5175
6862
1719
8204
626
4947
8516
271
4308
7772
178
2202
8423
7798
9581
7699
5564
1952
9535
392
4705
9475
4378
5495
3839
7790
7748
8361
658
1263
5984
7209
4022
8413
3237
8466
6698
3314
4765
1894
8452
2310
6812
587
4385
3623
3243
6655
2519
1413
3792
7021
121
7721
1308
6984
6726
6758
9024
7540
5806
7576
5661
788
4610
6264
695
8685
2567
833
4901
2890
1079
8381
5271
6601
180
425
6500
9474
6377
2648
2240
4264
6911
5730
8166
1704
1753
9069
4487
7119
9005
1348
5183
552
3248
8627
2241
7202
2748
3029
2015
2415
5888
4773
5048
4953
4500
8048
8189
4080
7672
5884
833
7951
9688
9986
4829
764
862
3830
7294
2317
9332
3639
2284
920
3188
2706
9143
4739
8942
4033
2336
3995
9557
769
8049
4864
9638
1025
4234
3052
4646
2710
9049
7460
968
8204
2165
7895
4215
8086
8055
772
7606
150
3126
1449
7218
4953
8014
7462
5680
6425
27
6399
6600
3590
4456
9264
9821
7343
8302
4139
7544
6986
2715
1661
2929
2435
882
3086
3514
2769
4472
3351
9351
1924
178
8702
5389
2811
8824
2189
758
3058
6422
3601
7599
6680
2463
4318
2430
9374
8638
8944
5171
2876
5307
2508
3673
7774
6663
661
2281
2171
5764
1610
1420
4534
6227
4508
6875
1661
4059
3966
7429
8095
5507
1029
2476
9339
6572
3103
140
7587
9246
4320
5673
8047
6014
6503
1812
4014
7752
3759
8473
8504
1151
3025
6120
8255
958
5943
3311
6083
2842
1195
4080
4756
6550
4542
2420
6258
6114
4197
5004
4529
8322
1934
7023
217
7078
2736
5685
1161
5307
4208
4062
9035
4893
9344
7936
4019
7447
754
860
6321
8905
426
6620
7686
148
7601
1579
9474
4214
7958
8048
8076
8205
1359
7001
1692
4265
5149
2672
3298
1602
9613
1404
1961
9026
8123
9639
2118
8513
3697
8231
3530
5292
5998
108
2839
3297
9265
9157
1856
7802
8772
7167
360
3523
518
3819
6316
6730
5153
3946
2653
3714
5018
3879
2966
2659
7382
178
5868
5569
7369
5301
2115
6679
3802
2276
8477
5185
2147
342
5837
899
1221
7818
5018
9098
6952
1784
9823
9884
1983
4038
5679
6942
4490
9795
1590
8962
9797
9939
8026
4747
3006
3096
7200
63
36
3465
5435
4711
1323
2226
992
6118
459
3783
5653
9556
1720
8422
5416
7670
6125
312
1211
4523
3634
8548
8156
6965
956
8865
8387
930
5779
1685
1893
3191
1231
5742
9446
1432
4955
7612
6715
3078
1100
1674
4381
4245
4379
1223
874
4297
6942
5365
517
8973
5669
1118
3214
911
9855
989
2508
2587
1949
4016
6982
5011
3870
8568
9089
8232
4938
5706
3875
6119
7483
2790
3351
211
5877
5857
9946
6218
7846
2161
7666
8775
3847
8228
6718
7252
9811
7245
7831
3818
3215
1181
422
1031
4343
8922
3904
5658
3834
4206
636
8669
4331
4143
7414
463
7929
4006
9851
6270
2024
1150
4612
3998
270
8252
6080
152
5258
4693
2826
3426
6446
9168
9258
9879
9421
1624
23
9747
5487
3822
6298
684
2450
7770
590
6672
9627
4427
1315
4520
7594
131
945
902
4555
7368
4778
6256
6265
6840
9881
2968
5325
4332
9446
6535
4372
9783
1499
8806
3694
7836
3905
4633
6563
5562
7203
6200
9456
117
5524
3867
5071
5137
5773
7234
7157
8525
2654
6334
5284
2970
3910
2896
8193
8471
8238
5003
6064
5179
8079
2744
5483
2205
2628
4423
1842
8739
6122
9100
2652
3158
3619
6126
1563
5966
1562
7463
9822
5487
9490
2552
3375
5040
5671
1197
509
9907
2581
360
8293
1606
5975
6893
7049
9894
4456
6521
5410
6490
4134
2160
9634
1091
2292
7314
9986
4494
9054
8697
1514
962
5671
1537
1503
2637
2543
1076
6342
6070
2785
2001
5751
6398
8856
6488
7821
2905
5121
9557
9113
5602
1355
7367
3302
4736
9083
6140
2296
7619
7900
4779
1614
3594
3428
8733
5766
9973
498
4776
3407
8306
9492
7210
1162
5719
2645
8351
6362
6794
6626
4222
5498
7504
3325
6614
8221
1056
4731
8177
4097
3956
5673
8242
6685
795
8812
7488
1354
9309
6117
1855
8205
7373
9571
6055
8226
8980
5010
2403
1700
1119
5905
2601
6009
7111
6769
817
1627
8425
3466
4035
5153
8786
1528
433
6284
4089
5186
4014
5021
8041
2619
9131
116
5753
6257
3644
5027
681
9731
5803
2721
8587
2240
4152
5098
3676
8394
6091
4307
4222
4810
5944
3852
1827
2957
6926
8815
3944
987
3564
1700
7755
8648
5904
6407
1467
9028
1134
673
5019
9277
8665
7698
9330
2708
1121
193
3442
1133
3529
602
242
4271
211
3110
1371
716
27
8185
3467
59
1405
5988
4249
6481
9091
1738
5063
1374
8687
6736
6029
9555
5234
1774
7527
5441
9654
9346
1597
6940
9678
5699
8683
5551
8088
355
5948
8729
4812
6862
7944
2486
5012
9647
1271
6760
7272
9522
9985
8436
4229
4756
2387
8409
1113
2806
4912
906
5885
2977
6034
7981
4143
2739
4987
5276
636
5047
9549
1225
8614
675
9585
8943
5783
6699
2520
9699
2771
6835
716
9705
1699
9489
7746
6163
6883
5169
4863
1957
6777
3298
6628
4371
7072
1934
3031
4667
3873
9590
2463
7551
2269
5420
7308
4731
8186
746
8320
2118
1831
5648
5934
643
7677
5387
8430
4502
8724
3681
5145
948
3103
4185
5639
6659
3765
4902
4595
1968
6989
3189
3112
4352
229
6156
1595
9902
7487
6498
9604
1763
3641
3150
4154
1252
3863
8007
2073
9285
8943
1962
5827
219
1905
5082
7152
8512
2817
8194
7395
8159
4482
1670
9020
8815
545
5608
6275
4604
8699
2454
5623
2880
5692
3920
2499
9921
3461
7703
9162
9813
7289
3505
8543
464
6500
8057
3987
1438
8553
4036
1995
5196
7718
7806
653
6832
7494
659
1736
6057
4915
5081
4510
1888
8933
6474
7967
574
7884
8256
1858
3784
2982
937
946
5286
2189
8074
3651
2417
3472
9200
4575
3066
4060
7346
770
3863
8535
657
5998
9672
5914
7809
2972
5128
2776
9906
6400
6031
5598
9543
3847
724
5769
2471
6144
4464
5983
7234
6356
8974
395
8395
3987
4782
9065
1076
4732
8008
2969
9352
4393
9102
5347
1505
7893
5899
8136
1369
2075
9143
7649
2558
6652
1788
5815
191
4620
6243
4878
5875
2074
9991
974
1305
203
6540
1663
1785
4577
4968
8704
7689
877
2447
4548
8013
6254
4381
5867
9894
1348
4731
728
2010
2374
7221
8148
116
5612
6435
8830
5890
1418
7491
2141
3213
4218
4055
4292
4422
5941
8730
3296
2955
2413
782
6673
1400
1418
4146
1330
4683
7039
1183
8807
9376
8312
5729
1347
8571
6499
5603
1459
2659
152
9683
9739
91
6646
9477
7770
1149
4955
7923
3100
8768
399
2033
3820
9688
2334
9790
1540
2572
4048
9079
8675
2834
3543
4086
9849
8567
4356
2248
7346
139
6583
5933
5628
7400
6945
9880
1127
1492
9895
5877
8713
8716
5285
2698
27
5104
861
9270
6803
3502
4763
5959
4846
2950
6438
7832
6026
9788
8229
2183
1517
6332
827
4628
86
8760
5808
3765
4414
8189
94
3782
5562
8148
8117
1150
3584
4820
251
8301
9396
9732
2180
7170
5806
7934
1433
1257
2233
9407
4504
2145
3770
8396
5064
9564
6859
1038
8184
8063
4579
4622
7715
8489
9972
1355
5393
3377
3345
2104
9053
408
8506
8611
3630
973
9493
6672
2149
3087
9803
2036
2066
1373
5052
4349
7555
8170
1632
7551
5803
1388
8923
8761
5978
2339
1323
6918
1662
3127
8001
7008
6982
2554
5978
3423
463
9852
1065
8366
3757
4141
8131
510
1496
3758
9751
3604
5760
1888
9496
7550
2238
6974
1608
5044
2008
4119
8738
7625
3553
723
1236
1936
4459
9255
7256
9803
7385
4195
5437
3726
7238
1512
9767
1218
3100
7143
1807
4102
1458
8533
424
4896
6517
7146
464
6545
1537
4745
222
9367
8140
6282
3503
524
463
2275
2311
2939
3170
293
9270
5475
51
5794
56
2963
7235
1325
8489
2725
4029
4778
2804
8424
7379
7604
5894
5766
4711
7725
2675
4612
2499
2672
4948
3160
5942
6914
12
3860
8444
1783
1382
6752
584
5649
5629
4150
6977
3188
3527
5159
2086
757
6863
1371
2574
8640
5613
1382
928
3400
6245
3094
1372
1801
6985
280
4469
9417
5051
2042
4716
8925
9906
5195
2666
1769
3784
2431
505
543
9679
6191
5152
6681
2382
7213
6905
7121
7852
4420
304
7965
1319
8830
6010
7944
3120
8784
2223
9083
7495
752
9542
7675
7055
7607
1020
60
8830
