5884
8171
8623
2397
541
596
958
1118
8054
4318
9223
5677
1437
8844
7364
435
4284
8191
8972
813
8413
2733
6550
92
3438
3344
3415
6826
5107
7918
3596
1140
3531
5440
9667
4056
8587
2033
3236
3484
7127
5893
1021
7464
3503
8371
4010
5810
3238
5521
6068
6404
3725
4346
6528
3564
9438
5279
5192
2320
4149
3815
6375
3227
2520
2628
1918
6601
3928
7156
3316
5451
9744
4208
6522
1335
1433
1717
5323
2287
3648
3564
8851
3436
5311
7384
3591
8999
8568
4396
226
9379
7137
1254
4960
4171
5048
3932
6274
1140
4840
769
5186
8766
3844
9252
1457
60
912
3494
6492
3629
1823
3350
7373
1367
5462
2762
4846
8544
7376
3644
872
1336
9835
3567
4265
246
4191
8012
3652
589
2607
3309
1331
2250
1176
3750
9975
2813
5686
6635
4864
7186
3846
4673
984
2315
8470
3909
4889
4219
5449
1763
6671
4946
8886
101
1096
3664
8576
8088
5064
2344
8993
60
1305
9555
4991
3256
5200
6429
6048
2967
8859
1520
4378
2275
118
2491
8259
7420
1405
5998
1255
5397
7051
69
8248
5804
6048
6526
8880
4180
7874
6713
4898
3233
5099
2268
9614
7567
7904
7008
8675
6510
9009
315
6302
9790
5180
4906
945
5604
4444
9915
5359
2614
8463
469
7892
3753
3606
9124
5138
3348
1813
2933
4038
6848
3914
5594
9928
4574
1082
842
9649
6853
9175
9656
3047
5191
3262
2335
5092
1792
4172
9543
8933
1546
7521
6742
2958
3951
1693
902
475
2204
9158
7294
9825
7053
5740
2080
850
3675
3460
1215
3311
2672
5168
6171
6345
8595
8303
5179
5136
7668
9713
7365
6940
9621
9379
4140
8698
610
7657
7527
9294
815
5737
3450
3495
9965
1988
5220
5904
1625
6448
3588
4290
1681
2736
5976
8551
3316
3685
9603
5209
1477
9037
6938
2025
3194
2250
6172
4108
8407
9118
2508
2704
9139
7042
236
2732
1300
5270
9208
9301
652
6131
3004
3596
4255
3900
6930
3925
1999
5554
4220
2483
3654
86
6714
6719
9663
6090
2969
9592
1682
305
7624
8532
7418
9509
1672
3428
9749
2839
9520
6309
2663
4240
4474
4259
2651
7110
8302
6360
9639
2107
3384
98
2523
4688
7352
947
6454
4838
2855
1426
37
9733
9665
6687
9113
7973
6371
9107
1332
8330
2481
9829
3952
637
4644
9129
1211
7652
7263
4308
4514
6436
5405
6779
1881
1821
7049
2312
7781
9188
3146
1198
6758
1486
6104
3572
4277
4647
879
8077
6677
2003
927
7961
8569
2764
6429
6468
6626
7274
1851
7436
9523
5328
4654
2384
4179
4755
6833
867
1102
9126
3206
6512
5513
7712
6964
4808
1680
4271
1490
134
4558
9286
1694
2372
8679
6738
7642
4999
117
4058
1827
8852
3198
6101
8592
278
7358
1045
5508
1128
406
785
8623
7740
4337
5920
9255
398
575
4305
8222
4515
9296
7688
5553
4827
8174
5411
829
2149
6983
3418
3998
6226
6790
7621
7749
1857
2685
5463
1989
3162
8257
2120
1290
5910
8034
8177
1382
4683
2966
6016
8217
2934
1857
9436
1677
9233
9490
3474
3452
5412
8061
141
2846
8471
896
309
8866
6134
21
9566
9992
9981
8435
1953
8713
2050
8673
1463
9060
6035
6457
4130
8470
8340
7380
4246
5493
4427
1927
3188
1033
5943
314
5208
5496
9578
8977
4792
44
6071
4905
5005
7283
2246
5328
8782
2882
9685
7201
999
2135
4857
1259
7369
6218
1586
9102
3227
1886
8828
2353
7150
6186
1761
274
2846
2127
3404
6075
3188
8102
793
4829
5240
1048
7385
7692
9316
1192
4065
3287
8244
2096
9697
6834
1337
5959
9218
2498
8445
156
7849
3636
6273
1426
9416
4858
3171
8824
6564
659
5515
3492
81
5702
5715
2299
617
9163
3127
8559
1851
8854
930
1318
6000
2689
5688
3187
953
1220
5394
2307
213
52
9284
7046
783
9493
5067
5879
387
4365
7666
8234
6497
5479
4067
3698
7690
9361
5258
2668
9416
9026
7893
283
6746
7051
2936
1104
1100
9481
2062
4982
6213
1364
8362
1832
1034
6328
7482
4880
9216
8637
6397
1532
9806
3525
2571
1806
3041
113
8483
5809
5242
3120
3106
9236
2082
4165
2383
8644
6829
1892
9956
7562
4060
3882
4534
6957
1741
3526
6245
5846
6013
2791
6815
3695
909
5379
2383
5606
3442
3089
9988
2564
9878
4803
5452
6068
8957
9460
5679
4178
6882
6922
2679
5538
6159
1944
6397
138
8795
8163
367
6797
4174
8975
3245
5157
768
6773
4484
7548
1536
659
6770
423
4705
5136
4999
8624
686
4410
7500
8638
4285
5918
9166
6531
8194
3683
4115
2834
1818
5620
8333
9595
312
7736
7052
2868
2381
9536
4429
8981
3104
5596
3568
2608
7309
9242
3128
1356
1113
6316
1516
1757
452
9525
8106
5233
6247
9104
9451
7721
8381
940
7522
3874
654
4008
7021
2591
7863
7559
2734
2837
8677
5760
9636
4898
143
9509
1986
43
1412
606
2401
2177
586
2370
689
6399
2149
2305
138
2035
6072
8320
914
6182
998
5585
4007
5994
3169
1951
11
6911
6180
1139
1568
8050
5916
8774
7673
9106
8640
3588
3968
7856
9522
8665
2646
9474
4270
6155
1221
2004
3967
9043
2337
5453
4865
9321
3405
9881
3217
4491
1385
4408
4400
4249
6857
8002
1542
8272
2881
6981
4372
3954
2525
8701
3474
5263
7437
446
887
9218
8030
4097
7350
9305
7235
969
1573
626
3906
9393
7466
8383
6603
5204
5470
3702
9859
8968
9907
5576
5023
2199
7778
3916
8108
3964
4908
9271
1451
8855
67
4185
8841
60
8193
5543
3741
8430
9798
3521
3147
8756
9551
960
4837
598
2897
9246
6593
4182
9238
817
8278
8477
8654
7205
1888
7281
7798
8533
7507
4864
1174
7750
924
9723
772
721
3858
402
8343
8458
5852
9656
86
977
1532
6083
9422
1045
2089
4258
2050
5728
9498
1451
8685
8595
1454
2000
9779
3966
3209
6893
1013
4684
1801
3937
1156
2457
4007
2967
3229
4337
9000
8096
9858
5159
8179
4078
3129
7598
7373
8479
1709
3672
6960
2532
4402
6632
4026
1325
7383
2054
8546
7428
772
4174
3909
4338
2771
2245
3918
7713
2107
7482
9493
6992
3494
1093
9550
908
805
4255
5362
177
4090
4381
7563
2653
4738
5066
9432
6173
7110
3663
912
5047
8422
9554
6228
5139
2198
153
2061
8166
1221
4681
4245
5500
6232
2079
1153
7393
246
1306
2876
1405
4972
1315
5119
3130
5809
5851
1019
5011
2531
4911
2217
3434
2048
4874
9305
2550
7393
7784
9544
472
2529
1426
2781
5832
8443
4810
6849
7457
7233
6325
478
3445
9833
4800
1552
1822
9218
7072
8089
4115
9812
8938
8945
3219
8501
3803
6442
5424
728
4966
417
6907
9713
5160
9552
2345
8675
7113
337
2927
6042
8786
7629
7567
9364
1429
6483
7358
2313
8797
3556
8049
9260
8659
4986
1604
3930
5498
9081
5286
2576
3880
9646
805
8825
897
6052
817
3636
7585
453
6352
5316
8934
7549
4317
3745
8184
7963
5006
3723
3974
7729
7857
2719
8798
8506
2945
1523
1849
2955
4875
5243
2193
4770
6999
5246
1967
9819
7174
3858
2581
6690
4727
6787
2581
2674
3189
6291
7532
8764
4257
8012
3487
5427
3943
4033
5120
8868
1839
994
5357
2900
3379
1918
2821
7809
184
4195
1256
9722
171
8193
634
5819
9225
3820
147
6304
7867
9504
8054
6650
8060
3039
9084
3808
4904
70
1180
3821
5138
6366
8378
2199
3698
558
937
8288
2298
8509
270
9077
8932
6693
7747
6852
426
9155
4340
2138
209
9547
9705
8314
2818
1849
5872
9882
4694
7522
519
2280
3902
1705
4755
8713
3821
77
7472
1906
2418
95
6934
8432
805
7730
4708
6289
6029
5179
5723
3525
8876
424
9194
943
8280
9021
8097
8742
6567
1081
2596
5609
2390
2455
8366
2703
6582
2305
8111
2091
6628
3118
3924
3742
5827
3628
6226
9815
2999
5289
8814
7077
1153
235
812
2046
3602
2496
3666
4184
5470
3871
6999
1668
9695
3917
9454
7098
1523
5420
3369
4624
1203
734
2076
8676
5280
407
2896
5225
2316
480
5936
8702
8594
2536
7507
5017
9652
5397
8310
4627
5327
1016
7749
8301
1245
2479
5174
2049
9031
6804
5923
3123
7668
5570
4338
4886
386
9687
5122
5451
6272
7845
9844
8468
1285
5315
3636
7558
3025
9553
2018
4141
7487
4521
1281
4185
6467
4944
7932
2854
2805
3595
6320
7738
2106
1871
2090
8424
6028
1184
3389
3633
8374
9963
1408
9770
509
5888
786
8536
4414
6311
5227
7816
8640
6820
2768
6283
3622
7908
2386
5823
2724
4679
4996
8345
810
6792
8359
2237
1906
3591
8724
9360
386
9591
6998
1925
847
8947
7985
5940
8686
124
7283
3193
9912
4702
2469
1144
3625
1585
4029
222
1685
9306
3620
818
184
1601
6111
3867
4136
638
460
3179
4682
9021
8107
585
2573
1344
3094
6797
5670
7412
8191
4276
5417
7307
8532
5507
3618
5432
5489
2743
845
1738
7331
6187
8520
1087
1668
3812
8866
8378
5000
518
2784
2976
675
2522
8076
2859
6005
3719
4538
6433
5459
8764
6457
2735
1714
8864
2354
4719
626
8064
721
762
6182
1783
3789
3814
7676
7213
1749
4687
9181
230
2872
516
1362
8363
8449
9113
7360
5302
8894
7978
3283
7878
4363
8735
7491
1683
7104
9706
3780
1787
2564
637
304
3515
3308
2345
2137
5385
7668
2946
174
5246
2664
2494
1516
7681
9631
2220
4750
8430
8037
1521
4130
5878
3572
7405
3609
6656
6958
9404
6811
7853
4538
9625
629
4730
9416
2557
3472
4318
1730
6053
1743
9746
2066
3426
9973
8512
3322
2777
4288
9972
3652
7610
1718
288
2278
5870
7866
1836
353
1610
1163
6442
183
4529
2394
7960
7974
2917
5046
1006
517
4494
2453
3847
5674
6083
8145
2876
22
9588
3324
6860
7134
6795
9090
9928
6151
2727
4026
6794
1708
5752
1496
8918
1551
5529
4194
9609
1930
3670
7725
7006
5536
399
3059
7503
8006
4277
4755
1193
7911
1538
4070
9896
3288
997
4569
6481
3273
5866
5132
4319
7813
2824
3397
4468
6390
2436
770
9409
407
7060
969
6994
3288
941
318
1936
6552
7421
6641
938
8322
4501
7280
7022
7366
4142
9040
224
4850
7149
628
4317
5901
8145
8888
8122
9313
8664
7693
8229
9346
977
2768
5357
5647
557
2681
3102
9460
3151
829
8788
9753
4178
6177
1121
7531
4538
9340
4697
9845
8322
8855
6778
6203
1317
2611
458
1346
1896
6135
6056
9295
8116
1877
1573
4283
7905
2536
5259
4687
3742
6461
9579
370
5598
2986
8229
9852
1660
4863
5536
5382
6495
5240
585
6993
1592
1100
1528
5359
712
5893
1167
9474
2447
9724
1724
4319
8959
1152
5773
8237
4111
1635
2531
4448
7723
3841
8527
9533
3065
6510
9192
6618
982
5051
7871
6820
5983
21
1882
8107
9804
2138
8525
9806
4598
24
3399
7566
7530
5572
7303
5890
9957
5380
639
951
3791
202
3953
9265
9348
8029
9463
2243
2285
9829
6799
4775
5470
9091
6850
1674
9256
8667
182
9223
9150
5487
8489
9598
8277
1993
1102
6465
9381
4804
4500
5115
2284
8376
5089
3822
6402
3344
2015
2295
6215
6745
829
8751
3960
4026
6182
721
5120
8395
8686
7475
8251
3043
3016
6259
2694
3666
1476
5183
3698
5351
3078
2289
808
7455
3715
1765
1254
4395
5909
7945
4615
6108
189
7280
5345
4398
8695
8178
2296
9534
9657
3076
6896
5225
5798
4143
4735
4467
6767
2080
7137
7185
8777
6411
4245
7235
1930
9757
6965
6849
3932
3469
3939
4497
1460
4765
4254
8403
3228
7699
6004
8073
5612
302
1138
1958
504
1336
1318
7937
3251
2279
4917
214
2289
3583
5945
3609
5066
6680
2994
792
1818
3159
9598
7933
1253
7595
3955
956
2840
6310
6376
2287
2602
6919
7828
7548
2898
6704
4222
1855
4738
633
5619
3353
6209
4864
1174
2053
5751
4954
6386
2115
5329
7451
6283
7843
6244
9998
6067
9519
590
7473
8936
1797
5272
7169
9994
9040
4167
3101
2395
178
3218
665
47
9728
6670
7682
1026
1418
6357
5320
4777
6997
9878
4125
5008
4487
4469
3481
5795
3247
595
8936
1032
414
5800
8336
1178
1526
397
4530
3776
2397
8838
3548
5452
6109
6444
8361
7648
7580
3417
3270
3050
9795
1661
9666
3280
6702
3101
4257
6950
8111
523
3693
381
2591
6544
9866
6085
5761
6358
8163
1171
7428
115
2198
2478
54
5119
3257
5331
96
5958
840
4393
6850
9433
4621
7663
5451
2767
2362
8977
756
7609
1157
8745
2842
3988
9568
8578
6391
4375
3029
2231
1276
2411
1755
1114
4109
9930
4663
3873
7897
1217
2753
1483
7220
1583
6546
8401
9235
368
4295
7415
5619
2467
6965
6785
2422
7206
1577
4082
6123
7635
5434
7952
5705
4884
718
1252
4071
1779
2485
7789
7867
9676
8870
4772
286
7363
6949
5482
2361
1010
8173
6237
6190
9115
2047
9449
1540
4940
1383
4748
8624
5872
936
4466
1501
3122
228
5903
537
956
1769
8747
9883
8557
2747
1719
5812
6121
8394
1486
5073
6683
4288
3750
7786
7398
4809
2662
2618
1769
4383
5505
1020
5360
5873
7809
7342
7287
3056
7951
8277
6298
6806
1023
7309
9911
9203
1496
4394
821
6677
9392
1952
8638
4531
6727
8107
2440
6342
6778
1788
3713
8805
40
8881
4120
8155
2929
1360
2441
5335
1578
1615
5936
6496
3004
9491
1759
2723
5917
8612
378
2219
8934
4057
5440
3579
6211
117
3908
5098
4170
477
1177
7676
8611
8804
7788
6665
262
198
6251
9885
8977
7629
404
2780
1720
9715
3016
1903
4071
4565
7230
6398
8980
2048
7683
5292
8847
7308
2191
6234
8043
5249
4964
457
5782
9961
5152
1808
68
772
4161
3909
1626
7106
5576
8428
3286
5153
2278
4858
492
9523
8179
2772
5628
346
7309
9929
9071
4115
8029
2424
3615
8669
6934
4784
6358
6884
8135
1842
8111
8575
2080
3956
7913
626
801
613
6506
1328
6749
5273
3376
80
7901
3104
9043
6731
882
4007
5750
4000
7298
3002
3244
8420
9956
4228
9463
1097
1318
3189
8971
5978
2875
7822
5313
1584
7683
3020
3336
5876
9618
1983
3622
8066
9250
6390
4237
4870
4756
9897
2520
5509
6546
8899
3908
5563
6272
4154
5292
2348
4145
5579
2588
5193
5798
8311
567
562
3105
900
7780
6818
1224
9329
4755
7083
9860
4715
4238
8639
1513
6309
7162
6008
9904
1575
2285
229
2464
8437
8249
4913
2668
5642
3030
8657
4310
2178
3711
8522
1152
9265
8130
3773
4083
99
6491
448
3801
4673
8970
3019
3684
2156
7248
7851
9586
8570
1241
5510
9048
2266
8163
8092
331
2757
3070
294
9533
1747
7275
2301
2916
4967
9526
3690
6295
8297
4592
582
7634
6574
1109
3133
2394
6725
7661
5059
2346
336
2158
6899
4906
8509
5182
8128
1937
5105
2054
8794
4817
2656
1106
688
7905
27
1493
332
4217
5446
1673
735
9766
6500
6708
5273
4237
6050
2630
1493
9404
7342
1375
47
9196
7586
45
1619
2067
560
4051
8131
3222
1563
7062
2789
9691
9791
9569
295
812
7663
6984
6416
6904
5209
2793
7956
1187
2760
4910
2227
5166
2918
575
5838
7009
7132
4389
343
3157
743
8345
4677
4350
3640
27
9697
6805
6937
1919
4416
9620
9783
9857
1852
9211
8128
8921
1313
5216
5787
5962
1842
210
3806
4132
5541
1694
5295
5481
2994
602
4379
3037
7907
7631
8141
4470
3160
1525
3820
4499
3002
8998
6739
377
3321
8116
302
4633
1925
4870
8126
6925
3333
9565
5369
6737
4216
4582
2753
990
9270
3064
975
5457
4881
476
4684
4475
7293
9309
7148
8497
7530
4677
1047
6404
8586
9159
9733
987
579
347
8118
6940
6514
2419
7339
1513
7034
5837
5780
3719
1816
7089
4887
2986
2084
6538
8569
3789
7430
2609
2765
8222
7794
6117
2950
1477
370
8311
6619
3412
1823
5922
9590
4026
8924
5352
584
9490
79
8247
6157
841
4988
3290
8631
7037
95
2364
6810
7712
8486
615
6403
3020
6473
6842
3158
9888
2295
3466
3682
2281
2798
3583
1059
6012
3527
3359
6164
367
5003
8488
8479
391
6054
4007
7651
8380
87
8870
353
2169
2912
9841
8195
6000
9265
9385
9864
59
1675
210
4160
4796
3859
8615
3793
3333
2438
3454
4596
2756
5459
6741
2543
8614
5114
7243
1504
1053
8687
7436
7154
7324
1130
2548
7615
4079
4078
4085
3091
6839
9252
6420
8312
7315
5779
7197
7043
4330
8510
7943
7275
1381
1035
1073
1249
8218
9083
4668
9200
2194
1963
5411
3203
9324
3302
340
6909
5771
5925
4514
6009
9290
8484
3972
9214
2624
1441
7029
8622
2543
6468
4750
9180
5382
6614
3825
4520
5718
6415
7772
8393
9521
4944
7181
4389
238
5353
5717
7520
185
7209
8517
6158
4808
6368
8197
3559
8601
1410
2548
2518
4743
6490
6601
3613
4523
6408
3704
8745
9566
9401
3632
6702
1084
3089
2769
9983
9765
5512
7050
2300
2126
8190
6689
8376
484
7468
9996
1733
9936
5753
460
95
838
3701
4410
8210
5688
2597
3402
4120
6551
4508
2219
659
4553
115
224
595
3254
8613
2329
1669
5564
6617
6602
9369
3523
5820
285
8318
4075
5274
5412
6572
3697
9161
5078
8525
3505
5939
6699
1848
6277
8542
7219
8556
6891
9657
4608
5862
3380
2821
2676
9199
7689
6461
7988
6710
8888
6404
5212
5509
6445
1706
1373
1905
8956
5946
6193
9251
7738
6387
1903
8559
139
2705
8266
1854
3557
6935
5364
5804
3540
5996
9232
207
6039
2303
2852
5826
7896
9895
7357
606
6377
8124
5869
3300
1226
3900
543
7465
3863
7451
1131
9630
6749
6266
5749
2251
9997
6018
4736
8248
3145
701
752
8824
7036
8226
9245
594
4855
3467
403
77
5029
9396
6278
8599
6511
1363
6723
9042
3116
4334
3346
5019
1728
3533
6216
9209
3462
7085
121
4399
40
750
1738
4558
3947
3306
5379
8154
5592
2035
6275
390
4804
9079
5455
3070
1969
1922
4963
8866
4781
5681
7577
3306
7592
1246
3046
9483
2660
237
6513
6004
229
6386
6816
1797
7191
3372
2939
157
5919
2850
8321
2717
6442
5529
4697
5183
2001
3551
7153
8797
1726
999
9074
9055
3544
3057
2197
7925
6794
7541
1950
8780
5795
1004
2007
1505
5846
299
600
1888
4561
3373
2497
6167
3706
6220
2522
1308
6982
1004
1282
3079
1699
8036
1187
5565
2533
3482
8743
427
7838
553
9524
3915
4470
6514
4946
3158
667
5820
7822
4038
3441
3177
1895
3127
6810
3991
4437
5769
3841
6015
1017
8676
3633
2189
3696
1193
98
8813
3089
6241
1379
8910
1318
9349
4819
2934
2935
761
7369
9090
2369
8021
7844
4792
6438
433
4381
5259
9326
2524
2937
9930
2268
4121
8074
8565
6859
807
5892
5869
551
6092
3405
6280
5400
2781
9422
3933
4408
9916
5894
5250
1750
1919
4750
3999
2403
4409
1335
1806
3322
5831
8543
3074
7725
5865
6147
7969
4762
6346
1582
2176
3436
3310
2832
7257
4734
7288
9898
3899
8362
6277
3701
4095
7568
2808
1170
8930
2514
5379
6236
1011
156
798
2106
331
9329
8680
5344
4596
5184
2647
5077
6680
6501
765
6448
8919
3612
4889
5595
5412
721
9639
7626
7853
2723
661
6069
9685
4919
8755
912
3295
8184
1847
1692
9801
9531
7210
8438
8467
2417
6706
8301
4602
1254
2572
545
4262
4247
965
9399
3788
4193
6582
7193
3665
8947
1194
4986
4876
981
4782
1447
5189
7538
5764
9737
1200
1425
6035
9223
5233
8498
3278
4121
5659
9043
7135
2951
3945
7234
8512
3679
8375
6829
7126
3654
9758
5301
8667
6486
5034
4657
5670
8597
6090
3823
793
8886
7460
4965
6423
7737
1410
7254
5680
9533
4525
1232
4970
4710
9924
418
7710
7833
2681
7722
620
485
4440
4300
7499
4828
2949
7039
5985
8766
5105
6658
3019
7750
2424
2060
651
5950
7115
6897
7387
4350
1029
5456
2322
5682
1852
4201
8034
9609
437
9644
8474
9737
5140
1709
7487
944
5455
5187
5826
2518
9822
1935
3374
8542
2562
5866
305
9291
1519
840
9909
8848
6231
6136
5097
4255
8196
9981
6624
4498
1313
6935
2614
7832
8501
5722
7019
6936
4862
5313
8205
4593
4230
1627
998
6514
6661
5427
7567
2293
8386
8813
3215
5158
6471
2012
3061
2993
8240
8545
2030
9609
9855
6686
6867
7333
7824
8185
706
4150
6292
4716
1111
2403
7612
137
8166
8309
9540
5338
8712
1823
5401
5398
5968
5732
1417
5360
3529
8268
6101
2538
9486
4914
9621
4359
677
1813
1432
1421
4073
446
5734
8073
9042
5905
5429
1725
2387
3196
3748
7108
5056
3628
1688
6967
7482
3791
5488
1624
8025
5829
2919
6187
2516
6143
7701
804
9280
4810
1218
8859
83
6325
7529
7068
6660
7021
5636
6363
7489
4154
1626
5669
8955
2818
8177
8866
8674
843
4354
1799
2905
3998
1064
4504
9846
3175
5380
2778
9848
121
8465
1398
6245
3070
7967
2489
7311
1260
9694
3960
2691
5363
4408
3809
2654
1171
2651
2653
971
4299
4673
1586
5773
7404
7342
7989
1206
4780
3782
4044
5042
4294
7145
7570
3555
7054
6700
9795
3673
5234
1845
5127
3374
493
9939
9052
6651
5813
6551
987
6907
7700
6211
461
3978
3747
4685
4919
345
8738
6463
9024
4289
5045
1663
9315
4256
9577
9542
9727
8677
1908
1200
6668
8069
1977
6479
4937
9288
5531
9307
6225
9747
9145
3546
4940
9842
1096
1896
1025
9634
5614
5235
8792
1656
3770
7606
8029
9554
4754
3664
6978
1384
8916
3840
6444
3501
7454
656
3677
184
2104
9963
6546
4682
5167
8395
7986
7979
2813
947
1223
934
5188
1174
1513
4029
202
1539
2581
8970
237
2430
3085
308
6503
4219
2010
7610
7997
3145
6044
5023
1170
6057
2258
2690
2681
6938
9092
9336
3831
6915
8861
8185
5607
2380
8871
4244
9399
7321
5711
3183
8687
8035
919
6287
2178
2933
5802
7104
941
6864
5338
4193
1612
2780
7749
6912
4620
4107
7670
9085
3739
875
3240
6126
9787
7865
7749
751
9126
9708
1581
9443
7484
9189
8914
6443
9447
945
2336
2866
1663
4648
3994
8179
3674
5717
9151
4407
8235
4770
9004
431
267
32
9243
7098
3589
6432
3449
6835
379
8129
6181
2363
4727
2134
1363
7694
2460
8435
9377
9076
3610
4852
1697
6807
1008
1866
1173
5948
7899
5395
3513
1312
6893
9861
7130
7744
8537
3446
4501
6357
3835
7739
6170
8106
8885
3068
5758
411
6483
4688
8160
2892
8224
1034
5875
9843
5089
9903
5178
6483
9760
5442
3987
8790
8947
782
1610
966
5370
7184
5374
9048
3912
7007
8816
4885
4729
2953
5367
678
5234
2603
9473
9596
5813
5900
308
9546
8163
470
7379
3759
1708
8291
7068
5507
4787
9552
3902
6830
5789
240
775
6928
4296
7984
7548
5104
9271
82
9682
132
9451
4120
9864
201
6334
2991
5992
112
5721
198
8147
1269
7094
8249
9065
5597
4655
3422
6602
4268
3269
5243
550
3793
125
5938
1424
7326
2229
6923
98
7911
3268
396
9802
4518
1103
1687
7410
4489
3047
5856
622
8409
7392
746
6958
6311
3533
2541
9778
9029
2887
901
4413
7711
7053
2490
5635
1780
1892
6472
3468
9253
2767
1947
3978
9384
5371
1832
2007
9833
7649
2122
7736
4014
3087
8600
894
1798
5456
7952
9051
8637
9398
1538
5393
4830
5210
5403
4966
278
4587
1949
68
1729
9506
9895
2621
467
2646
5206
3179
5061
9403
2312
2997
8057
8102
1480
9310
8140
8987
539
9240
7384
4199
1558
4998
4307
986
122
2895
5895
8716
9773
5661
4479
9056
5430
9413
7594
3653
3093
2002
8671
1993
1773
634
366
3385
4142
2706
8655
8756
1923
8365
4681
7966
8677
9792
9952
4527
5130
2705
8140
4155
4814
9869
5091
7213
9292
2312
8002
6908
9753
6943
4205
8416
6013
7738
3856
3101
8798
3694
9505
6382
9947
5327
6021
6637
451
6866
8539
2351
8240
7056
5049
4349
1747
4166
7585
9340
8780
7321
3231
2174
7397
7848
2322
4258
7965
2938
4788
5382
2620
2998
1112
989
7880
4289
9311
2139
4035
33
5767
268
2110
4864
7121
9413
5039
525
3581
2915
3722
2461
6644
5536
5311
9663
5106
2212
3504
4364
3886
8519
6668
8077
6231
4644
4685
39
8285
6570
9243
9249
9704
1420
7995
6758
1017
9928
3159
8998
8220
2261
4555
6455
3654
3701
5881
441
5105
9770
7994
630
4481
6181
770
2296
9234
6441
5230
5461
3040
9118
3885
3590
7299
6386
4120
4197
8613
4442
9648
3108
6433
134
4898
7611
809
3570
6665
969
244
6520
4736
8268
2466
5363
6306
235
302
8799
4400
5520
5903
2108
7950
1107
378
2050
7835
7986
8648
7918
5708
2301
4096
8794
7876
3901
2048
7386
177
2196
5357
7202
7957
2992
2325
7014
4000
6378
4333
8762
8439
8763
6300
584
7363
8461
7299
1727
3208
5167
7255
7288
6016
6915
6701
1444
5300
3106
3008
9506
4310
767
3122
3421
6078
4040
1325
1153
1375
6296
3141
7870
6421
1690
7180
5493
7262
6745
4081
9327
6978
3298
9318
4301
3216
91
204
4234
8710
509
4253
3341
5068
460
4438
8539
2094
3959
8031
8441
9813
3915
4936
4319
4496
642
7746
536
2420
3304
3080
3141
8205
8638
7896
8433
9408
5848
8577
383
2335
434
5258
8976
743
4447
9965
9345
8826
5121
4383
2466
2212
7621
4396
49
2140
7493
8803
2612
7049
8817
2908
837
3438
5496
9762
2375
5379
5040
705
2039
2498
8853
6508
2719
6651
7230
2059
9012
5876
5467
4800
4830
9313
6106
9204
2824
1996
1929
8755
2157
9857
3190
3185
6787
9224
5587
1831
5700
4943
7477
1278
4390
708
3483
9511
5693
8604
9019
6916
9654
4979
1656
7095
8388
8384
6704
4341
7832
7140
8466
7750
3561
9567
5773
1483
7075
2975
6915
7356
3115
6199
988
94
4800
6024
9543
4110
7758
1406
2635
7117
7949
4473
9820
7703
438
2453
9801
6497
4277
7593
2754
719
3705
8265
3448
9567
3065
8344
9020
7477
4417
8718
3945
8180
3130
6514
8413
4534
1543
4324
2850
3560
6699
2042
76
4005
5832
6500
5755
7182
5955
350
1695
6674
8580
4386
6683
1008
5481
2599
4915
5366
9033
4138
2015
7732
4502
7159
9250
979
8156
5236
8244
3083
2294
2122
3914
1221
3823
7713
2472
1486
2358
3383
7421
549
2731
3533
764
8914
6103
399
459
2898
3208
2541
148
643
8665
618
4441
8168
4768
3504
916
9241
4336
4270
3724
8027
6575
944
9012
6231
7410
457
9678
1290
2197
3408
8621
5977
1735
388
8408
9102
8129
4140
3370
8131
9911
9856
7894
7434
1175
3422
6007
5126
8463
7962
1542
7690
2235
5525
6341
2140
6844
4248
2904
6150
4740
1149
8851
7465
9565
3722
7326
5597
9753
4987
9174
7210
1956
3628
1885
2380
4582
1792
17
3815
1461
7536
2506
3463
4392
5395
6797
4449
6854
7830
1694
1228
988
6681
8850
8166
8317
7174
5170
2053
515
4206
5067
4602
6772
2882
3907
6995
6193
6075
694
7326
9448
8982
1326
5717
8665
9776
5185
2955
3285
2457
2852
5505
6402
8344
6910
8757
9851
9116
3959
2279
980
7145
2303
4665
5804
5559
2075
8291
6715
323
7610
3089
1995
6864
6149
4409
1219
2558
5061
7788
4797
997
2191
1945
489
4654
6730
8824
3979
9134
193
4810
3248
992
1940
2186
9726
3118
1481
8688
5689
2620
2416
802
7553
6737
7204
9511
4409
6706
4749
1930
6435
6845
6962
4919
6982
1871
2523
2965
1841
5122
3525
6000
8890
9959
6271
6354
9519
2764
4514
221
9726
1130
3437
7751
240
6765
2030
2307
6112
8449
2204
4856
5545
261
9393
3760
3837
4991
8549
3535
6018
348
8470
3022
7830
2802
7172
9603
2564
6932
7656
3903
6207
4481
1829
2627
1563
361
2647
64
3483
941
5959
1162
9860
6530
4096
2632
7025
1970
60
5530
3920
2463
3560
5863
2569
5444
1447
467
5455
2938
9425
5369
607
9812
2892
2394
806
5192
4851
2514
4991
8539
9506
8436
1449
7895
8340
5586
3206
2059
1380
8123
6032
9919
7871
7200
8759
8771
5115
1172
7382
2595
4913
8640
5635
9625
9893
3073
9412
7807
2150
9007
527
5263
817
1994
250
1913
3488
5235
1602
9264
7280
212
135
193
7952
8701
4899
6801
917
1132
91
7523
7691
7800
1166
3714
8581
8154
7675
161
3589
7337
2368
1037
7064
625
6189
9931
7544
2142
7574
35
549
4395
4023
3656
1054
5201
5554
4627
3945
7886
6660
780
210
6789
581
6133
3136
939
9070
690
5395
7973
5285
3064
1898
2843
8036
1985
5089
4057
6232
5962
5559
7650
7861
9257
3357
8833
7335
2270
3195
1230
5091
4068
2509
6298
8028
2772
1994
6263
2305
6471
6517
7126
2915
3094
1452
638
37
7232
5742
6806
8684
3399
8970
5983
9622
311
978
4801
295
6404
2062
4801
7886
3263
1165
6891
9126
3972
3351
8034
7496
5459
1502
1569
5982
2650
5602
7117
1634
5387
7187
7865
1957
927
81
245
28
3175
5712
629
6549
8954
9480
5305
2919
336
216
4766
3671
9513
7706
1568
6279
7803
5506
7834
425
9559
784
3660
4017
3703
4021
9703
7928
1862
6433
505
8013
9547
171
5296
1606
4372
9867
2988
164
4427
5969
9957
8132
5927
8328
6325
642
8306
6773
3972
3736
7858
8889
8271
8949
4951
6694
260
4968
4592
1887
8893
1899
714
2119
9142
2925
7558
6427
557
4312
6725
7420
3669
961
786
517
5206
4877
3373
9227
4884
5792
1824
6898
4122
9697
7295
2508
2388
6842
6209
7116
8166
6636
949
5369
9069
2127
5875
7038
3343
3366
6257
5982
1697
5121
5662
4325
4245
1532
1806
1721
4670
6005
6899
7055
9554
1675
4228
9530
5018
7026
5725
4479
1577
8642
162
8244
8151
783
8977
3351
1577
4772
2195
2698
3198
5065
6879
8779
1704
5203
3740
4690
2549
3210
3936
3188
842
5174
4633
5269
4107
7570
4231
4346
7513
1043
7461
2124
6904
7970
2850
7081
8476
1157
8016
2884
7568
8348
7769
4029
8370
7494
9768
7931
5934
932
5739
5941
9126
4981
6563
7328
8955
7857
997
3106
9098
5826
4769
262
9910
5996
1676
3161
9517
1981
1228
9201
1946
7102
5071
1469
9015
2522
1048
5910
5053
6326
9624
373
2122
6686
9253
2463
8301
7073
1097
8987
1264
5314
7978
5861
4082
3424
4721
9130
9281
3727
8601
9443
2369
9557
8599
3551
5195
65
3936
4073
9445
7205
4171
5177
9738
1748
9795
9510
7334
5638
5337
5897
9135
6105
6133
8541
7715
3442
8342
5986
1355
3297
7918
4528
9193
6946
2339
1577
5555
7376
307
7272
475
4500
8343
9797
4602
75
5346
8826
1641
3061
9815
6032
9420
4202
8149
1954
7515
9527
5856
7027
7710
9942
5212
9436
5221
1292
8008
3165
4641
7691
8773
3781
1123
6584
1970
2221
4734
2311
5398
7358
3019
5682
3320
9555
2986
3305
4990
6009
6543
7395
2385
50
9121
7698
2057
6105
1754
5045
2618
7713
8411
1990
5099
4966
1920
2548
5070
8324
5595
9628
7825
7654
3168
3552
7073
9399
9628
3609
1957
1317
19
5193
8526
6595
8821
8249
2121
237
3692
2417
5789
2470
4
7462
3640
5246
1335
8285
2193
1888
8740
3230
9465
4263
1003
5444
1348
1376
7672
928
5613
10
8378
4445
7227
2650
1807
6863
462
987
798
5285
2149
2019
448
9213
6096
6641
3243
7878
5469
1571
5517
8657
9650
6644
3394
161
3637
4817
225
7265
8939
3244
8329
7476
7595
6538
6308
3352
7519
6328
8837
900
9702
2011
2339
5041
1288
4564
7906
6036
9160
4098
3594
1561
7327
9729
9382
4219
7210
5824
5452
768
2066
1552
1028
2882
2868
7321
1014
2584
2173
359
1460
4051
7748
3601
1153
2500
9540
4666
9214
3947
5620
2512
1231
170
5604
866
7966
9480
8502
3743
667
4433
4887
3641
3790
1002
8009
3897
7195
9891
462
60
6561
2918
2787
4858
3183
5515
5382
7159
7203
8878
8166
1587
9921
6392
3654
7932
8412
793
4093
6611
9636
1480
5245
8988
684
7569
2413
2990
8326
621
7958
4811
542
3024
2086
9210
1104
2219
6628
9488
8598
7329
3602
1949
1122
8327
3208
6786
2245
2661
8274
5360
2745
297
8056
4283
1249
5466
2246
3118
3787
6346
5895
2520
3535
2053
2403
8165
7111
8806
5410
2007
4507
5449
3404
2179
424
347
7950
9768
6956
8605
8315
4153
6736
7128
957
28
7154
1962
8694
1211
4543
5342
40
8776
649
6538
140
9310
9098
8274
3827
6482
9798
3946
103
1640
4854
8232
4669
6242
9494
4152
9498
4084
8252
7257
879
3810
7923
1349
5986
9690
180
7837
9770
4238
2272
6579
183
1162
1693
8689
9675
2181
8682
263
6793
8322
7744
5650
6489
5125
3367
9816
5156
7587
1410
8528
5266
3602
7304
1165
4382
8895
6176
9052
1667
463
3368
675
3590
2477
9394
5529
1375
3842
9276
7957
1829
3891
6618
1918
4212
6756
9986
8513
2702
4330
9316
6193
7051
9631
1412
2073
3742
7390
2389
9965
4135
3278
4276
8591
2894
3947
6462
4493
4738
7247
9775
8871
3134
6592
6872
5694
565
3108
5516
9464
1130
527
423
6320
6974
7213
5756
7659
9494
1963
9209
8453
8536
2575
8873
2442
8147
9640
4310
1904
825
8543
8200
4273
7578
7453
2127
9959
9965
3687
4665
3680
9117
6197
1536
5121
7774
5328
9443
599
9050
1977
9391
9913
7597
6950
9642
1352
8809
951
1053
7480
5639
1991
1051
6905
9947
3646
8481
5630
4722
8835
9036
6894
9867
3023
8482
489
3023
1693
9214
6994
8862
4365
5660
7563
6663
5831
4572
4335
5316
5709
1398
1976
5376
6058
2699
8464
6182
8806
4628
9285
7703
3307
3370
3254
5735
1106
5201
394
661
5334
6065
8816
5574
1083
1426
2928
4124
7143
2035
3904
5800
6142
1399
1668
5401
636
174
717
8911
4842
1275
4817
1425
5492
3639
4443
9735
898
8609
8905
3749
7554
2640
3588
3221
4502
6327
7885
7392
1641
7363
8050
7768
6589
9764
6895
3829
849
6789
146
8058
9070
6426
5671
7267
3136
5734
5234
206
258
2950
7178
7811
4034
510
5954
5473
676
7453
7012
1686
1970
1055
4695
9530
5488
9695
5551
7081
3741
5767
1763
2939
9190
2678
1945
7458
9301
4124
3390
3439
5063
8853
4082
9986
1564
6335
3647
7564
3367
122
5851
9794
8260
9628
4515
1168
4393
814
1575
856
4261
1750
5525
3078
758
1313
7965
7185
8599
1229
8835
5824
8454
1056
3427
2886
1443
5209
4399
2331
4068
7041
4996
9225
2101
8093
2603
7024
4925
659
5691
8614
6956
5015
1899
8623
1681
2065
3893
9476
4344
4876
7174
4755
9040
845
1779
259
4923
8414
6437
2291
1838
6886
2933
2094
5288
8727
2130
8668
4512
6404
8319
5480
4135
5469
6394
9481
7324
5080
7815
3856
9774
5534
8699
2845
6124
7967
2996
4654
1433
1891
5334
1350
4667
5998
1872
6181
9650
9582
8749
5737
5590
5076
1207
465
681
4749
9590
6890
9115
4092
6325
472
172
4454
6469
771
8205
1034
2283
1483
5311
7355
9029
6089
9709
9355
443
7651
1654
4821
5920
3612
5362
5063
1239
6006
9926
1755
1666
3572
9986
8016
2069
8001
3527
8762
5289
5303
5926
5522
7917
2253
1812
7771
2727
3152
1401
8323
4104
2236
1736
2913
2046
6247
9017
6946
5539
3114
3346
2634
4194
7277
4260
3881
5194
5262
7633
7451
4218
5038
6428
2012
5308
9736
537
4535
2095
670
2099
7801
3229
8210
9228
5830
3003
5854
9039
1959
4415
3841
1441
5151
1835
6679
4502
889
8919
7427
3840
2704
1869
9548
7539
1210
6862
2305
8148
9010
8098
3097
6943
1776
7965
1355
9431
3272
3773
9495
7848
732
8175
6528
9256
5614
9537
4055
796
7573
3746
5125
6424
3611
8886
7988
4446
5570
2278
1963
9576
6721
132
3716
1248
4767
9003
2651
1692
2490
869
5349
4775
9651
2727
1194
3082
5722
9639
449
762
7378
3886
2599
5771
1825
1320
3836
4195
2151
3831
5194
1081
9544
5383
6914
4011
5303
8781
9717
9503
5024
3065
4012
8257
8450
8235
4068
44
1032
5426
441
1060
6515
3150
3358
6383
2326
375
1911
84
7613
5751
9395
1819
4074
9074
1785
6516
8829
3046
4765
9028
7024
4669
1231
6826
6236
4543
7665
8864
8396
8101
1043
1389
6476
6840
4877
2199
2333
4808
8696
9302
1752
9385
4825
83
2716
7527
891
4479
70
1098
8872
3296
6732
1556
7684
726
9686
5319
4598
4332
553
9397
8435
6458
9761
5791
7145
6872
9115
2398
5893
3980
3980
8000
5665
9812
4465
7402
3197
704
1973
1933
5593
7398
7192
5427
7229
8809
1570
6136
3286
2132
3220
1253
4365
1263
9446
6295
260
7716
403
2318
5504
8444
8350
7378
4014
8131
1119
464
9332
5738
1421
690
3605
8539
4362
6093
5039
6054
9558
1268
6453
1018
3105
1946
1204
688
5488
9604
4933
9889
1946
6572
2622
8808
6240
7794
2053
8562
6008
1933
4658
9170
2469
6543
2207
5329
1380
1991
7038
8946
6292
784
9768
7940
9235
5767
1262
5248
4050
5418
8509
7203
3076
443
2451
1477
7336
1796
664
9047
3568
4244
220
3388
1742
1015
1515
6398
9066
5204
9903
1601
4210
1888
5026
7109
623
3617
157
1973
7087
2253
6482
332
4005
6608
5155
4119
6633
6203
8238
6453
493
8986
2310
8924
8669
3022
2686
949
5409
5529
7092
7047
4467
8665
4423
5409
5608
795
9047
1425
2381
849
8712
7074
9248
2846
9410
9058
8791
717
2152
1297
7712
4242
851
4021
4231
5288
9995
6875
333
3642
3553
72
4251
5133
316
2829
9171
298
5502
7161
991
9050
8418
8232
7369
585
9188
8329
5686
8861
9501
8142
3152
6464
1001
7676
1822
9369
375
5410
3922
6010
6460
2519
7135
5890
5940
8284
2868
1426
9463
512
1514
2428
8468
2850
7798
9879
1133
9265
9675
2143
7918
6208
6127
8698
8027
4197
6648
4757
2101
3216
4643
4317
2856
4745
177
2762
2692
1282
5567
4838
9734
9436
944
5435
9747
7189
2073
3321
3408
4446
1688
9943
113
6475
8866
5089
9996
8404
2632
4704
2569
5593
6309
6760
505
9522
8535
811
2831
52
3975
8458
1087
1871
5863
2891
5746
8580
3111
9110
6771
5956
579
3561
2969
7236
2509
1756
98
6941
1506
719
2648
9951
3276
7375
7538
2917
9524
7639
506
8084
1265
1459
2726
3294
6705
6592
9237
1139
2547
6815
888
231
5535
8009
5067
734
7395
4061
3119
7523
8602
260
6469
3000
3563
8181
2601
6808
8780
3940
8328
6328
6432
2869
6415
3933
7764
2126
2593
5415
4210
4875
4773
4506
4208
1355
7706
13
1481
1880
9800
7947
7045
6500
3205
71
1847
3006
5552
4717
5875
8164
9437
9204
3514
4611
8797
8671
4739
9049
5466
8258
2152
1740
9500
2098
6618
995
7179
5909
2226
4114
753
9385
1478
2355
1579
2753
5091
4127
5964
1049
141
3373
654
7210
7072
5521
8790
4601
850
1398
8002
970
9272
6982
9762
4691
1250
3013
3249
9787
3779
2126
6366
3905
9248
2117
9067
8536
3461
588
2177
128
8782
5505
5582
9712
8361
8853
5517
6799
4150
1303
2368
9555
3207
8766
1355
4401
442
5637
6048
5474
2224
9601
3699
8166
5593
7103
1130
6194
4686
1096
1795
4853
6011
9238
6098
6073
8695
3456
7669
1749
7857
1313
5205
1487
9289
6679
1963
959
8920
8488
2141
9646
6125
9567
180
4173
996
3619
6075
339
6549
1432
8150
6110
7
7151
9325
6154
5391
5880
8003
6159
1897
9817
8407
3652
641
1878
4230
7858
3503
3344
3339
3300
6893
5131
645
6890
3366
486
4419
1709
5516
5487
7390
8269
9014
7295
3811
5510
8436
8721
8315
5440
7585
5985
8121
5845
7236
6239
1312
8078
5827
5986
1039
8839
4580
6441
2122
2689
3201
2269
8469
2182
2552
7986
2351
2615
5260
8668
7545
7121
8907
3535
9554
6510
8797
6062
9360
8151
1142
8821
2829
663
24
6034
6268
1083
664
6766
1958
1958
1002
4074
7349
7265
3324
4612
701
5919
1789
7913
706
7951
3528
8244
3354
251
6417
9173
6015
7661
5322
6749
3297
4992
6930
6917
4998
2004
2603
8574
7343
7004
2134
3827
3064
9666
7342
170
1755
5179
509
3674
5667
148
3679
6407
7768
2075
4673
9880
6603
8939
389
4346
2847
7791
6901
2893
9298
2087
7282
5900
6279
4120
2168
7866
7538
3998
1487
376
2975
3037
1521
2435
8079
8021
2435
9082
9823
5668
3458
8509
3527
7477
443
8576
3948
3238
2934
1743
3747
2839
2576
4828
9139
6478
7796
4149
9749
7144
8022
2752
4187
4650
6364
5528
7098
1413
5112
7617
6053
232
7126
8214
1719
1488
4031
8021
9597
4874
4024
1680
2158
7560
6858
5924
6135
2946
4574
4998
1143
580
1445
2921
5140
7126
4305
3980
5625
6745
548
9169
7021
1996
5635
7929
800
334
6086
1930
3860
1679
719
6754
9686
2447
5684
53
4552
4088
4011
291
7484
2135
6177
1749
911
4180
9846
2773
1695
7156
6825
1245
2522
36
1212
7592
9317
5766
1331
117
6598
9336
95
3659
8767
3247
6545
6166
2712
5027
2765
4654
4391
1332
5933
7080
2270
410
558
1046
1649
9370
4092
1690
6322
1764
1957
8313
8043
7081
1372
9146
2295
7690
8204
9853
8686
3068
1622
7176
3708
8200
7674
4285
4860
1599
142
1735
5798
7258
5198
3603
3378
7903
4528
7692
3319
7327
34
6575
9813
5581
2435
5837
7787
7849
5722
2142
1670
8570
7655
4850
5991
4859
1940
8594
2224
2412
8536
8790
7195
4137
3096
3776
5254
7751
3994
9414
4494
1915
4087
797
8423
9173
8428
2480
9382
9129
7422
7392
6268
2718
6647
3862
9951
5391
8913
8771
6038
8176
1838
5016
9744
6523
2882
1234
9474
2663
9886
9821
5100
1434
2601
873
1366
6261
5724
3018
6172
2942
8363
7481
8195
7675
4507
7560
8647
8522
3509
355
9763
4461
5093
8770
1387
8387
9775
8443
265
3650
671
5476
3459
3392
1483
9238
9861
3570
5959
8221
6513
987
7684
4491
6575
741
6055
77
3714
7566
9330
8950
425
6394
8161
6167
6127
3494
5859
1136
160
7677
6226
959
1128
4803
6241
1271
9897
3118
2321
3597
6920
3221
6287
140
7653
5841
2430
7560
1654
1792
9789
5487
8319
8856
7781
9820
9455
7256
3394
7429
4650
9290
4315
2244
3663
693
7439
6290
6101
3136
1149
3599
487
9184
1296
2751
6729
2514
2165
1982
5413
1188
2219
980
4087
8029
9638
3972
3521
5693
2176
1886
3275
8783
2461
1108
8283
2476
6281
5162
3790
9
4320
6790
4192
4512
9817
6567
8381
6940
1136
547
4468
8349
5983
6232
6789
9340
4696
9620
1847
9545
2513
7295
8024
7888
3261
6630
8370
441
6051
2163
4918
6879
3293
5431
200
1752
4895
6042
1271
8579
6866
6730
199
817
9932
1167
9357
1081
3646
495
150
3599
8602
5981
4645
1055
5086
411
4983
1651
5697
753
8436
9621
3001
6022
9700
958
3591
1387
9467
732
2784
7735
707
4306
1160
8045
3140
8345
3053
4442
8467
9412
5886
3290
4788
6978
3398
8074
4269
3709
5496
7112
9129
2175
9288
8854
1670
1748
9828
7342
8348
3882
9534
3711
6330
37
3095
6182
2670
9663
4889
1192
9376
8652
6800
6155
2955
7580
1223
5301
3658
1226
8507
1372
5467
209
654
7580
7715
4335
5034
1447
1502
4849
6239
2438
2848
8237
3003
9742
1277
4095
6949
8238
1314
9835
9686
2885
2510
1713
2005
4736
2176
6415
5054
8369
8510
1424
5438
7787
7487
8370
5181
2697
1382
6021
9640
3887
795
2352
8026
8665
9640
9261
4902
5807
5965
6629
5140
1674
6368
918
3381
3792
9556
2240
6645
8795
2773
8655
3309
6536
1806
5219
209
8890
3655
8507
2364
5791
9742
5648
614
2795
7056
4158
5088
8176
868
3197
2828
3055
5941
830
3451
3304
5818
9824
1972
814
7092
7859
9358
7254
7315
3588
9979
7053
8021
3606
8257
3673
461
3938
2373
6440
123
7637
3542
3957
8813
2872
339
3769
6514
5469
5147
4397
8695
5589
3296
4782
9200
9838
2630
3705
4372
5882
5997
7974
5429
9019
9288
8930
5835
826
7434
3300
9677
4374
365
145
4203
3866
8718
7402
9114
9064
392
7955
9773
9121
315
5727
3260
1318
9017
1207
8228
1432
9933
7465
9995
1740
6136
5277
8573
8123
7881
9123
7832
4614
9368
6904
6337
7494
3808
4568
7874
4401
9655
6893
4832
4297
8075
5285
2748
702
2234
1506
9798
3284
3182
9962
969
31
5747
7711
504
2315
2230
7561
4115
3288
9421
1519
2245
7906
6045
5253
9293
9534
7643
1039
4662
5729
4243
8692
1701
5883
9166
8430
3376
4560
4164
1565
230
1255
4334
2411
7726
7260
5142
922
5455
9264
8365
1322
8313
9728
6057
8951
4415
3843
3450
7519
1954
9404
295
2048
1563
9568
5049
9088
1220
7441
3155
3526
5347
1625
7356
5766
52
3763
6540
475
3394
2082
7695
4844
9714
1941
8712
7904
893
8802
2373
1982
8679
7711
9499
8414
2496
6529
9502
8539
1447
6315
2831
8010
886
5208
9523
9619
4542
9027
7371
8126
1504
4355
741
3834
2148
7653
6623
6246
5386
8929
1251
8866
7659
5007
5027
4992
427
2018
7810
964
1853
8946
125
8763
1634
6856
1780
3879
9680
1218
2073
3880
4604
1654
8916
3367
6915
6579
5744
2252
1258
2963
2630
2623
2848
269
6756
5499
1245
4936
217
3359
8922
2761
1087
5950
5004
749
3734
5350
1758
6482
9561
2909
9962
9823
3232
5656
8307
3429
4897
1077
4722
8877
7171
5144
2876
4080
2784
99
8044
6630
3894
5727
882
9158
6939
359
775
9084
7643
2979
2844
6744
1744
3938
2174
723
3868
8304
2440
9805
4805
1559
3702
7234
2061
3346
8833
4315
2221
9453
1867
3504
7390
1096
3241
5627
7716
9066
952
3799
6904
2162
3789
2536
3264
9817
846
5397
5965
8964
3942
2144
7280
9717
425
262
4009
4704
6132
8993
110
2811
9007
7146
2341
1087
2963
9548
3582
4252
8722
7509
3408
8040
4103
3893
2542
9544
7483
9321
758
7143
9489
3985
4870
1859
511
8333
1083
5655
617
1495
2679
9283
5723
2857
9422
3192
2291
9807
6318
6863
7657
4631
9384
681
6989
4533
3919
9633
5195
4131
8348
3358
9196
8870
6188
9925
7548
5803
1702
4427
6980
1040
3789
3143
2900
4624
5214
7126
1343
70
9414
856
3538
9155
4468
2904
9362
9498
8390
8825
3009
1432
8515
2732
3101
2977
7924
9950
7813
6021
6256
8366
4137
2834
4402
8669
9069
8627
8841
9373
4809
7190
7532
9580
1824
9772
6311
7162
7979
8793
4631
3093
2994
4971
1406
4054
2662
2983
6324
68
5886
2174
9386
4071
204
9007
7852
6311
7146
487
6690
2211
3782
3027
7139
7197
7064
2582
9255
4242
4188
6374
4838
199
5649
6656
6274
5168
5597
6364
2511
5274
8650
1771
5035
6472
2544
44
5421
8395
2112
3615
4206
6329
9931
3281
286
5904
7693
8470
7349
85
3849
7828
9096
9285
2690
2699
5491
5580
7620
1507
1865
5380
6541
6015
8373
6133
2011
3357
427
1563
5234
1439
353
4422
3850
7859
1331
2778
1139
9806
5448
9014
3175
1528
6447
2578
7162
3729
7557
1
7392
1090
8198
7030
6827
238
9676
1043
9551
582
1673
3341
3701
4379
5502
1883
5768
6495
8550
8765
5135
3717
2882
3194
7847
1303
5313
369
6349
7733
795
9089
7557
7147
1850
9716
9545
4508
8742
8374
2418
2026
8108
2739
1388
2456
3754
2127
7721
2247
2473
9071
8389
6428
7911
4852
5488
690
3312
3656
6605
5900
5225
5601
9799
2115
9
8690
2763
3533
8405
8977
7334
3487
9334
3091
1387
1705
568
4547
9841
2015
8050
7570
2183
4185
3821
1209
2213
2368
1154
8970
5585
4248
3237
1524
1530
2509
6360
4580
7796
8630
8733
7256
5024
2791
6380
6224
3319
8114
7533
9806
7300
7773
3651
2620
5675
4431
9430
5692
3354
3747
3915
8298
3546
4383
7489
6830
8481
7631
4714
3422
104
8042
196
3777
6292
5319
1843
3454
6051
2664
1501
5874
9477
2915
6610
7712
1301
6130
438
3746
2994
8561
7325
2014
7598
6388
449
4756
9618
6315
6563
9060
5548
142
4924
6893
3110
4530
5822
3328
2372
1054
1804
8691
2490
4743
2770
6353
2120
4134
7763
3039
5779
7452
5229
537
432
4620
8331
8698
9024
2486
8023
1243
7859
4164
6825
1714
2074
6061
417
9836
3789
72
6429
5478
421
5835
9991
1797
3736
7152
4943
150
9295
9960
1920
3599
2933
3626
8545
4691
110
388
4474
4325
529
2066
7089
1604
2996
6829
8944
6421
7155
2298
3445
1711
6140
5075
6486
8159
3562
9763
2670
1659
4267
7275
9289
3651
4928
4386
2503
6452
9505
633
7169
6263
4379
6844
422
9846
1624
8644
9247
9647
2360
1913
9623
8865
6353
1221
7697
5570
9377
9924
9429
1587
731
2855
8859
2411
3334
8792
867
464
4078
2152
7534
1733
612
7508
1148
7501
2905
8598
5379
9486
5507
4376
664
7712
3545
8003
2478
9428
4161
1333
328
6194
6611
4641
524
6826
6810
2689
4263
7404
5063
4966
7223
9316
5777
7008
7336
7645
6621
313
8783
198
8549
5323
508
3329
5673
6242
640
7320
1167
4124
2043
3115
6743
6077
7920
1956
7680
1616
1991
780
737
8039
2079
918
7749
195
9374
4168
7206
9375
6086
5131
7252
5223
2119
2824
163
5734
1563
2754
4446
2988
2177
5154
9835
2367
3209
5165
6717
9705
6889
9202
2416
3359
90
4320
9029
9457
9282
