4601
752
7406
7933
416
8601
8141
6600
2045
9776
1722
9299
5582
7789
3795
3475
6894
5478
1229
3905
4671
1897
828
9475
1888
172
2122
5513
5851
6379
968
5170
7934
432
6111
1775
675
9057
6369
255
8622
8195
1649
1754
3411
9501
6476
4874
4290
9255
8738
1315
6240
1489
8069
7314
3075
9344
205
2387
9145
723
8885
7821
2998
4116
1157
7017
344
8362
7421
8320
5304
6170
9387
4562
2976
2238
2682
7026
7251
8686
9799
5566
3341
6587
9361
3117
5593
7883
1836
3906
3545
1326
6369
1325
6597
5423
710
8912
3939
5414
5445
8814
2975
3994
412
4943
2775
9972
3649
9057
1558
7694
5136
9161
5035
5914
3106
4487
7317
3424
5131
3575
6573
5263
8769
5908
1776
3317
8756
5015
2504
7642
8494
173
3334
8502
984
9238
77
7362
2470
7722
1758
9292
2416
4006
716
7396
9102
6932
8715
7219
32
2137
4186
2860
6727
3367
2682
6122
2067
3971
4218
8793
1194
8817
7521
4625
5586
5243
4663
2013
3963
3937
639
1450
412
1610
2389
2107
2600
5352
2016
7161
701
1673
229
7607
3449
8698
9576
4019
9785
4327
9951
2873
3151
6366
4868
6978
4399
1793
8567
3993
3094
2393
1518
1550
2232
1384
2794
8116
1620
5015
6824
8101
4278
2478
2800
485
3306
7746
4733
1587
4744
2376
3129
7676
6784
9016
1717
842
8722
6477
946
4874
6330
9864
2463
2603
8247
4420
3231
4834
4359
1269
3062
2491
2145
8010
3008
7546
6062
673
9438
8831
6356
8137
9149
6487
9953
4675
6709
1567
9008
1538
2460
1204
9787
241
9556
8998
2686
4435
6424
6315
3491
374
366
5743
1056
6257
6040
9193
6089
4028
6461
6025
3474
9551
6272
2894
9910
3203
7914
404
1789
612
1257
2218
3965
24
6819
6850
7216
7833
1784
593
4222
5550
6692
4486
8679
5544
1918
5431
9087
1464
1745
9623
6102
222
4292
6469
8387
3468
9255
6990
8396
7305
1180
9153
677
1489
576
4563
7251
6473
6661
2441
987
1441
2429
5075
9003
5794
4917
6457
965
2103
6156
4812
8852
7129
1998
8991
6124
8098
3233
2047
7986
8242
3339
5149
213
6304
1294
3661
1592
4024
1745
3111
734
19
5485
410
1200
3428
5377
160
6109
1215
9154
3597
8783
8372
6050
9521
4070
7753
6603
9309
5875
4326
2729
9458
8947
3177
6353
645
3862
1369
9762
2542
5675
1384
5655
7008
2954
7122
7477
3907
4173
4882
7943
1421
8508
7236
8516
3791
9428
5797
3290
4955
8195
1862
4441
2372
5282
3248
4750
1822
1039
3841
1962
8692
2614
6004
8895
2264
4540
1663
7639
9828
5304
2390
5008
4720
3806
5213
5960
5149
5673
3434
9312
4510
1733
4729
7760
1622
5094
9513
968
1052
952
9267
7902
8251
9988
907
57
86
7243
2800
6057
617
9426
6381
192
7962
7322
2418
7185
7934
123
2540
9540
6313
93
4529
3491
6797
9299
6696
7140
2227
9588
3380
2083
1784
8775
3666
6474
3070
4410
2888
2512
7892
5727
6013
92
672
5012
7911
3349
4296
6414
9776
3624
2448
3281
3538
3636
4285
5374
561
9781
2904
4649
3208
8459
4030
4645
331
3526
8581
6975
4699
4496
249
4308
1657
8599
3941
7728
5394
5910
7085
3588
280
1184
8951
6307
3073
4312
5770
5465
504
3055
782
808
7010
4523
4851
5857
9403
7536
2190
9596
8863
1373
5646
8163
4356
1926
2461
4609
7172
6010
1602
3746
3593
6048
5363
1223
1809
8435
2663
5882
1585
2023
4985
2984
7606
3254
3577
6047
5158
5116
3261
3157
9461
7211
757
34
2244
9244
5916
8092
5268
7091
2474
3597
9976
685
8022
7235
3175
9625
2201
7636
6065
3360
5726
7659
4953
9234
2117
67
5121
7135
1543
2479
1380
8702
4675
1348
892
6989
7783
4244
5251
8134
2219
6328
839
2523
7303
1529
9047
1422
4196
7419
3562
6063
9584
4918
6703
5202
1595
5522
6206
3724
7663
3086
397
8234
6876
6029
6031
9726
7137
6606
3704
4599
343
9271
8635
4796
9527
77
8052
549
2028
9763
6257
8679
7763
428
5307
8441
2207
5598
1107
9319
8281
2245
8679
2867
340
8289
211
5490
7870
4414
8404
922
5891
7294
857
358
5404
6325
50
6180
4293
2208
8938
1116
6315
9074
7569
1133
4724
8541
7122
501
3385
9066
5716
8460
8126
3397
7227
8638
9027
679
9310
8963
9715
2929
4435
3661
8809
9843
4407
5262
4466
8134
7738
4739
1101
7468
8038
5936
879
9234
9824
1289
948
8046
1016
1595
5104
667
5211
821
1731
9247
6856
6934
1946
7637
3311
1924
9250
6651
5380
1014
152
9770
1139
1631
2140
4589
382
5672
8788
7553
5394
8408
8189
5208
8600
7458
1244
8489
3591
9467
2642
759
1990
8055
2846
3452
3695
7311
1852
1139
2943
5729
8587
8047
7659
2149
6220
4954
2476
9047
8327
8702
7915
9413
6680
2266
2423
118
5606
6978
7075
741
6708
1254
829
634
2497
364
8857
2883
330
9772
972
8500
1855
6281
8628
1640
658
8967
9605
7778
603
4909
3454
1861
3113
681
1722
3356
2708
2794
1747
6358
4686
3310
5505
450
2936
424
7007
4835
3712
5469
8846
7249
4455
572
8595
7212
3681
5800
8540
3405
5494
3699
5457
1562
8373
1864
9045
9286
2408
2405
7931
6771
9011
2531
8693
5509
1014
5700
1543
9588
2402
6456
2314
9469
7192
6860
7997
2854
1245
2512
3382
1852
698
2930
8806
4587
8751
3740
7387
2009
3943
5623
8127
8079
8087
2939
9997
5109
5457
260
6147
9865
8933
6738
1411
4300
582
4701
1684
9065
6010
1235
2406
7683
3196
8768
4259
6713
876
7929
16
2825
2533
6901
3475
1791
4335
2280
3054
87
1003
9773
4009
9143
6300
111
350
1682
933
3108
7966
8138
3693
5303
5601
9749
4239
1360
603
8267
4190
1394
1161
473
8374
1233
9755
1013
2542
8958
3676
5743
2281
9473
4732
2512
9099
3074
9055
962
7833
1348
3374
5836
8745
5198
4155
5592
265
9798
833
7346
3627
732
3034
8223
9150
2417
4747
7608
1976
1587
602
4994
4639
2582
8064
379
4007
1296
3832
6578
7829
6272
6183
2243
9298
7100
3462
2767
4636
7495
7947
1268
8758
2555
8310
4350
2096
2392
4183
4953
3265
1097
3517
2322
1184
735
2488
1273
3187
5916
7120
3189
2350
9198
8495
900
7789
439
7961
9741
9901
1429
2860
9924
3268
4754
4354
1225
6881
8218
819
7086
4574
1828
2856
5379
434
1216
8058
9392
7043
3275
8937
4238
1816
7554
8696
754
1789
8849
5014
71
8992
9926
1000
1943
904
9398
193
2262
8165
3915
1283
8859
658
8826
527
5371
1799
2557
8553
3956
8827
1905
5655
2803
9399
5950
1672
1810
4982
3790
9681
7218
1528
780
4803
5472
9862
6379
1592
7591
607
5344
4156
2595
401
9517
536
6157
996
2346
6937
5992
8720
1058
6959
6550
9086
8503
6690
7239
6588
6163
4895
4272
4474
1437
1104
7300
3650
1524
5226
306
3685
8059
416
6586
2639
9841
7813
6605
8700
9884
7566
3296
8949
6497
4453
1596
9059
8690
3034
3782
932
2340
756
6214
7082
5868
9029
6470
4977
6278
2844
1305
7065
1986
7828
5493
4929
171
1546
2606
8053
4565
5084
7409
830
1475
1292
6697
56
7746
1428
6722
4513
5493
7347
1672
4652
925
3717
4474
709
2789
8049
8481
7680
2584
396
9063
7082
2975
2124
5046
3777
4651
3031
2414
5808
379
5353
1745
5538
603
1443
4095
5111
2281
321
4378
5636
5621
2308
2773
9733
7044
8606
7214
2766
6129
9997
4516
1295
8513
3518
3783
1909
7169
3603
6571
5709
4046
6943
9560
4132
1313
3757
6418
5562
3893
9185
607
7685
4470
4006
4874
114
5400
1367
9668
7302
3377
2137
7249
9618
8500
1045
5830
7493
9147
4292
4957
395
4912
7346
7138
7396
6824
2981
3758
1455
7853
935
781
4213
118
511
5870
7410
8341
8127
5526
2013
4508
2950
2498
9097
6989
1860
1303
9237
8093
7694
343
1230
181
152
8563
2692
2133
8991
5623
793
7012
5577
1639
4486
24
9715
180
6744
8574
2346
2346
8471
5287
5846
3433
9656
6512
6368
4510
2136
2044
773
2382
9112
368
2466
4671
441
4730
5055
82
5693
1071
4280
1632
6940
7024
7878
3920
616
9064
5853
6403
2056
8021
2110
3052
3169
6848
5885
1871
5299
746
7293
8677
4687
8565
5271
6953
1079
8541
2825
1923
637
689
7547
3246
8733
4770
4125
1959
5895
8102
1820
6932
7428
217
1027
3311
3658
8114
5806
8622
5850
1693
7130
5921
2295
6842
6360
8343
5313
3505
4001
172
9119
7903
6947
419
4987
818
9898
5004
4776
670
554
739
1038
9801
3256
2645
3126
6601
8680
6943
5329
7416
384
3861
1378
5249
7964
939
3404
5594
747
1011
3190
4413
9575
8308
3212
6229
2498
3140
1279
7778
619
2082
6028
6136
6320
2626
281
218
9134
8278
9467
7631
3907
2981
3654
3374
6005
6026
1260
8012
9131
2620
8695
9007
665
853
6593
237
1689
8578
7120
2102
3588
5638
8752
9627
641
3691
9496
4105
2356
3430
3166
758
4520
8662
1254
1799
4855
8329
7317
8107
2133
2026
3413
7448
1629
1626
7057
4144
9571
1210
4064
5247
601
6499
526
8756
4973
259
886
3962
7135
4149
4252
3937
7217
5403
3334
3390
4807
7146
7307
9244
6749
8225
5348
6781
8968
9783
7071
4737
4469
7841
5650
9409
5261
1613
9932
3001
8746
8447
2391
4960
8803
2485
2570
1605
3843
8344
7435
6264
1256
6194
8737
3793
1480
6486
8648
6817
2237
112
3102
3412
9713
2458
2698
2560
101
4360
6812
9660
4747
3986
1087
384
5923
6235
5019
3381
7570
5922
8232
232
2143
8565
6093
2848
3320
6220
4949
8745
6545
7369
5123
7405
2108
1130
6301
4383
4916
6232
9539
3731
2227
2048
275
3709
6756
2028
2277
516
5139
7933
225
451
4400
390
4801
8124
4322
856
4240
3497
8696
5654
4114
1441
7051
3348
2829
4787
9487
3409
4789
4401
8728
8910
1206
8908
7705
26
7002
3544
6792
8251
522
8076
7582
7739
5921
8569
3066
1405
5740
5605
4085
6410
4670
8658
2256
701
6432
1407
3705
5847
710
8363
8541
111
8700
6769
7079
9114
5487
5653
8439
9571
5560
9065
8526
8695
5955
5644
9349
4607
8174
3984
4669
1723
5613
8310
4752
9288
2602
4152
8439
6797
5305
6915
6246
5992
6938
8495
8818
4384
4440
6445
6914
774
2510
2812
1299
3133
7369
6951
8373
4899
1129
5502
3091
6107
3937
4624
7296
5001
173
4274
1917
4713
2675
7999
7015
9948
7251
8155
6253
5232
4856
2373
2191
9034
1792
7865
2641
9443
8840
6656
7087
3660
9329
3717
7755
2655
5823
6900
5218
8772
751
6832
2381
6653
6360
6737
4564
6895
8923
1465
2188
349
4677
9186
5264
1154
8867
310
9181
955
5268
2489
8392
3103
5290
2967
667
508
2746
9958
5532
9279
8324
5800
8974
4895
540
8079
9648
8102
2806
8828
8884
4141
6641
8471
2987
2083
9018
4629
5547
4602
2913
4008
6546
3919
8536
9657
1492
196
7480
3930
4705
8443
3726
7147
8882
6801
3747
5244
673
9748
649
8362
8136
35
6817
4455
6002
96
473
5482
6958
2932
3490
7568
3971
2976
6848
6878
8045
444
1547
757
8564
6974
4579
5520
4477
8968
2320
5676
9306
4334
7367
6004
3021
7106
1976
2889
5259
5502
4036
3722
3659
7534
6093
3366
8429
3831
1365
7291
7575
3656
5144
1913
875
939
1958
7945
9556
856
840
4691
4815
8519
6196
4545
7847
6303
5756
302
7160
7776
5776
2377
8885
3929
1588
2844
2550
5527
892
8404
3545
6508
531
1900
7816
6615
5371
3834
6379
933
6895
9334
4100
1923
1381
8915
841
8095
1903
6299
1887
811
9744
7003
3265
2476
9564
9112
4544
565
1944
5036
8740
6523
9648
5665
8305
4485
2455
9321
7349
7715
7417
2632
5037
1543
4557
7694
8568
5252
6310
3397
4819
6593
4696
6819
6403
4250
4920
2188
9505
3860
6237
1736
3743
7403
8722
5436
2921
7866
3453
8824
1959
2501
2873
5356
7407
1590
6096
5352
9431
4355
3301
830
9368
4297
5437
3862
4766
4951
7949
7390
4603
9929
5679
9420
4572
5742
8174
8786
6916
1625
2305
2716
9316
7825
8565
8184
5244
8133
4610
9875
7146
9600
2719
7804
8321
4964
8978
5623
6886
2726
6768
5713
2164
1190
6562
4795
1087
154
328
6101
1829
7414
6856
2216
5121
4890
3775
1359
8665
7271
4120
5603
9655
6271
202
1522
3892
8088
7211
7596
8512
7661
9587
8297
2047
4370
9499
362
9981
3665
5124
1994
3890
7926
4036
5921
1265
2259
4380
3814
634
6225
3973
1453
4351
8404
4600
9252
868
1897
9804
2006
9535
8958
4874
187
7439
8014
6797
3549
8650
9337
1062
1526
7374
492
523
731
6488
5169
9663
7087
3331
4566
8189
4469
1465
1522
3310
4231
1989
7418
5498
924
872
9071
8523
2633
8074
1888
2749
3719
4473
3748
4833
7788
5693
1596
7297
6297
6828
9049
4350
592
4873
4458
4037
4047
1990
8623
7328
3837
5611
7071
5384
4736
5007
4706
7144
7529
9555
3708
9597
5485
4974
3703
4554
3232
3795
7771
8984
6576
2527
5293
6859
2491
3742
226
2607
670
1885
5822
3265
7964
2890
8925
7290
2295
2839
1132
8374
6734
6590
1397
3715
9202
4334
6214
8853
4246
3700
7661
2390
1251
7573
6786
6171
3686
6407
6113
5105
8967
6352
3954
2518
7767
8070
1831
4037
9956
5013
6065
3657
699
4911
1871
978
4812
9837
7237
6854
6771
6884
1285
8046
1560
9219
9324
1393
6724
5352
6891
6543
7038
8499
784
2803
9201
9235
8929
5500
4172
9676
5093
4389
6583
5465
6159
2479
2044
5614
5447
9552
569
5207
3991
9189
2337
3900
1839
9123
2153
8406
1253
7851
1990
795
925
9420
1537
3109
8384
9955
3923
5536
4796
4189
9427
7986
5640
2141
3161
2678
5714
3720
2782
2337
5031
9166
8466
6661
6175
7843
5338
4019
4402
4587
7156
8315
955
4549
6056
3968
4375
4766
1165
5943
8346
1830
3524
7901
7327
2784
3685
5304
5721
2866
5
2774
826
4381
7553
6978
8367
7542
1657
3253
6135
275
923
6424
2255
7089
7851
120
731
8114
3949
4610
5154
2052
4271
5326
6614
3276
5797
1945
7823
594
1666
8666
6372
4854
639
4566
4069
9072
8396
7710
7303
9173
4673
3078
4445
6885
5231
1921
223
5474
6487
2376
3002
5275
1959
1865
1908
1302
9725
2492
410
1020
7209
9761
3224
3965
4563
5109
9123
5077
7030
9716
8935
39
4904
5560
2073
5845
3030
1823
2984
4562
6609
8299
5156
8846
2415
8674
1995
6401
5904
886
6252
7123
2814
6431
218
7575
7887
9620
1455
8776
3019
7369
7034
1068
5412
898
5430
8037
3542
1366
9513
8550
1917
2735
5382
4355
8765
1389
5423
4033
3379
9610
8602
1564
7462
3256
638
5975
232
5607
7291
1742
6815
2915
4628
8664
9194
713
7450
1273
7698
6682
8470
451
6864
2057
8882
8364
8965
5374
1684
4506
5321
4125
3336
4491
1107
2033
3193
626
1538
7281
3292
5755
2502
7748
1258
3616
1214
6097
4728
5652
9407
2704
4340
4956
4189
2508
1949
2046
8233
9721
4399
3745
6199
1762
9786
3812
8683
4268
2015
4795
9312
1223
999
8243
356
1554
5247
1223
8195
3405
1795
2907
959
5882
3526
6853
9849
5837
5915
2220
9967
6035
9956
809
7953
7982
3972
2586
7969
6062
6003
7909
4871
9196
6494
42
3390
9152
584
6945
2927
5362
8705
7170
2535
4669
1392
6899
9608
4879
8736
3180
6953
7854
7205
5494
4171
5205
2282
5106
585
5995
841
1111
5802
2901
6854
259
3223
9585
7528
8706
3827
2259
8212
8301
6428
9453
8423
6969
61
1863
1824
3696
7421
8511
6265
669
1384
762
3088
97
1447
9864
2118
5698
3646
2229
2626
9939
8179
4683
659
4847
7958
2117
1681
8527
2657
4847
8399
7259
4029
6665
2751
5501
3278
9498
9313
4001
1196
4849
8810
1784
4864
3143
5709
9948
6167
5329
8168
4590
710
4449
8638
4011
362
7291
3772
7997
3770
9541
1098
2766
7676
5080
4017
4375
9536
1988
3203
6182
6701
8415
4027
3502
4630
3821
8322
3416
8361
1356
4235
4568
9748
6519
6124
4458
9556
9098
5721
3643
9275
2165
5135
3572
4701
8809
521
1761
4039
8735
419
3824
1613
9160
7689
9157
7119
255
3546
555
3463
9627
3967
6212
1441
6912
2818
7073
5575
2533
9292
6013
9256
2001
1791
9011
8613
7343
1213
9809
6616
80
9139
5460
3697
4895
3254
5346
9310
3039
6168
5335
4710
513
4775
7191
354
6738
5475
3203
6184
3601
7561
358
1270
8415
7104
1983
3015
6030
3087
8953
5829
8572
7066
9381
6316
5833
9287
5113
4279
963
9297
6258
7785
2611
792
8005
1753
1952
819
6324
5515
2146
836
5692
8183
2433
7654
8090
9977
4284
3013
1502
5972
4853
2585
9047
2515
6937
1505
4110
8926
3805
3400
5887
6853
6372
1351
2290
5180
14
2247
4760
4515
8235
4816
5393
7537
9741
7427
3050
1821
7258
961
3171
3544
7712
9702
2351
1690
9332
5398
6517
8343
8147
9090
7123
8574
6713
838
9634
3822
3248
2018
4708
4773
4864
1315
2954
8199
4069
1918
5858
8295
5790
3896
8990
2213
8098
8421
2784
7972
4349
3019
1601
2295
152
9938
6833
7815
5606
2826
6248
6803
3562
5353
5131
7797
7990
4735
2106
3949
8223
7880
7527
9052
748
3646
7025
6191
941
7128
7294
6614
4873
2100
7335
6576
1359
9036
3389
533
126
8279
2745
3760
352
143
3905
374
4641
1114
9383
6247
3869
7623
4635
4080
1992
967
5537
5867
2711
7734
3341
2084
3915
7572
8299
6488
7678
8421
8043
4572
8598
7089
713
5975
8822
8440
427
2557
6468
5750
7283
9338
5189
8015
9396
6871
9988
5479
1730
907
7714
3616
754
513
5896
5425
512
2482
6104
8464
4544
1407
4081
2876
8972
9678
5952
1801
3932
1982
563
6920
3651
2776
4938
4962
3590
4
5559
7074
6504
85
6612
9516
1968
1154
7859
3422
684
9682
2752
5665
2847
1219
419
4636
9701
7912
8770
5701
3816
1500
1124
1828
9771
2519
5439
727
5363
3468
2403
4268
7286
9644
7072
9646
9643
2187
5281
6990
3329
524
6732
4061
7292
9724
9281
4484
2362
8904
1216
4977
131
9500
5672
4174
1023
1450
4442
5887
8145
7283
2220
8488
2273
4612
5945
1385
6440
1887
3221
8327
7588
2213
1807
6792
6987
6702
3535
6714
3837
9493
7775
9408
3378
6498
3077
314
1794
3749
5214
9552
5123
7676
8967
2604
5453
5953
757
849
2170
7795
7476
1483
2041
4463
5661
9524
913
8860
5952
4832
8258
6928
3937
6550
3656
4161
8703
2316
1065
5180
6911
4222
3950
4860
8535
4442
7630
8903
2711
3099
9333
3947
1202
9855
2867
4896
9657
5799
5793
8986
6137
1676
5631
6430
5195
2952
8985
9790
6073
7160
4952
5331
7297
652
4436
8950
3794
87
9991
6203
898
1514
3453
3402
2354
7768
9064
7419
1737
8821
3535
2141
205
3856
2150
84
9345
3562
3930
2413
1080
817
4515
6719
7624
1150
5403
1135
585
2984
5565
5215
7900
2754
3559
5189
5657
3640
5466
7316
3328
1521
7664
6377
9377
6705
9197
7700
6247
5742
5629
6913
816
2125
5117
2194
8920
7337
6406
6507
34
3759
8629
7241
4008
1704
3814
3840
9162
2660
3902
6623
2226
9423
4727
4146
7800
6947
374
3620
82
3498
4600
5311
9539
1662
8219
9218
1380
4448
6858
2269
9921
1393
9296
1660
7306
4831
7998
5102
4265
1856
6615
2561
2195
9076
9416
7163
2935
586
53
5479
8244
2530
8479
2427
7512
298
5666
7026
578
6583
4490
2075
1417
3090
6069
4028
7782
5292
7027
6132
3147
2095
4987
6252
9351
1987
9000
329
5986
4874
7136
1618
9779
9145
5940
5992
6833
3683
8291
6886
421
4851
1210
6678
7727
4806
1670
5358
128
5506
5674
8213
3316
4247
7132
2742
2690
9537
2537
1808
5020
3607
7609
1399
5169
2835
8973
9259
6626
62
8789
6322
1170
3623
9246
5317
790
6704
6025
4532
5979
1606
7734
8423
391
379
4191
2114
2216
7169
3873
2035
8953
7444
1509
3227
5667
5285
4510
6295
640
7679
650
5483
5019
9816
1979
3274
1651
7510
6176
6372
253
1579
9452
6651
9881
9246
8328
5556
1213
6727
3060
8071
5166
7559
8552
3715
4798
4930
761
722
9599
9146
552
4643
4981
8393
9524
298
6185
6491
6863
6480
9753
6229
1518
6984
9901
7638
8602
6304
3413
7128
8852
5120
687
1603
5462
9010
1284
9839
84
4301
9746
2579
464
5744
2276
3599
5485
9672
5437
7042
4524
5390
9395
6665
8386
8080
7480
6005
187
2570
661
9655
2343
5969
7951
4763
1154
7276
6859
606
3026
7215
7773
3470
6729
6949
3244
5597
4683
2729
370
3440
6409
3137
6239
7178
1435
6968
2973
5488
3341
7367
2767
6057
1664
1375
9538
8676
1729
7109
1845
630
5255
5482
5717
6030
8982
2054
9489
7303
3936
369
1229
3658
1371
3133
3842
189
9710
6435
8193
43
2213
5721
3272
321
8772
2829
8430
6243
8727
6977
7512
8281
136
9123
7646
4201
5098
9271
8359
3922
6658
9075
5905
2642
5766
5527
9822
229
8030
4887
3464
3610
9622
1366
6580
675
9061
6272
9124
6186
9080
6005
5127
1051
2424
1117
6315
1442
5866
3100
8419
5377
1189
9476
83
1661
1838
3505
7528
1750
7135
8037
2037
1569
1670
1073
7223
4196
4009
3724
5914
6222
216
9555
7445
4176
2203
3453
1617
8300
4986
9226
2679
3336
363
7512
3815
3647
4998
33
8900
4213
1333
7540
2620
1700
2103
7390
9686
9880
3940
6677
4852
2323
7546
5217
424
1357
6165
1271
8995
5932
7726
612
4936
9244
9418
3554
9744
6236
4403
7530
2502
3701
4532
5094
898
1191
846
5377
7651
9857
9224
1998
2997
1181
5475
7106
9123
5366
2907
447
6006
9286
6793
4861
7387
1537
6757
1559
7762
1880
3369
5152
3570
874
945
2672
1179
1518
655
8687
980
1653
8907
8652
2050
5935
5383
1642
8554
7101
8272
5976
6141
2719
2272
891
6066
9273
3185
6987
2386
4710
8492
3735
173
4633
3360
2693
7850
7356
9694
2474
9531
7768
6816
5170
4798
6175
3226
8813
3056
6425
1880
8391
1741
9609
9719
6993
275
5899
1297
2865
7252
3532
3200
8211
5977
5638
7027
3370
2371
8903
7646
7288
3645
6301
635
9701
8782
6480
8015
1263
6283
7659
1128
6383
4041
8185
3266
8084
6048
8472
1449
2046
2459
1565
952
3097
5355
3780
3696
9539
6555
7409
1396
8972
7007
5256
3873
5401
1702
9365
8027
6293
2286
4297
5299
1109
5142
7698
6757
8934
94
2566
6125
2070
2683
6908
3689
8411
3464
1047
1386
5955
2198
3055
8836
1434
7107
4238
2549
3810
9577
8532
1410
9074
4509
6487
4573
2237
5352
1626
8259
7533
8722
7097
4402
2572
8954
6110
8167
5711
3938
9971
7013
2304
647
6981
5890
710
2559
7122
315
8163
299
6511
1944
8089
1420
6776
8202
8250
7730
7700
4241
8892
4399
3875
2234
8005
1321
1976
7542
8200
8047
4893
4758
7147
3315
2136
5185
6612
7189
232
4648
7392
6289
7211
6369
8960
7215
7824
159
385
7192
371
9955
8166
952
1819
8252
3028
4127
3788
9897
6618
4161
6921
2687
9947
5773
3690
5367
137
859
4325
526
9119
8894
7324
6048
3195
1994
2835
6911
6
2351
109
4077
5985
2883
210
8889
6735
6877
4351
2965
9897
445
9946
6070
1074
5370
3552
9222
1159
836
7484
6132
1570
8248
4518
4666
4508
4177
662
8894
3132
5435
6884
8482
385
3186
3102
1047
8599
1242
1205
6734
3482
3400
3060
7183
6244
1741
1053
6098
3780
8003
882
1435
4494
4864
7197
3907
1832
7928
1053
1409
7464
1295
6973
2407
2712
2587
3715
6665
4339
3655
6674
2120
4303
7733
1196
4381
8135
9771
5847
1377
2771
1742
42
7993
1702
2236
1989
6111
2596
7283
7147
1915
7630
3679
8413
6336
2972
6465
2547
2115
2421
4171
4665
7655
9646
3975
6885
5092
5933
39
6849
5637
6856
1656
1673
7856
1663
4688
9970
1265
9987
4470
2708
1344
9153
9648
710
8257
4543
2119
6565
8698
2370
8904
6304
1294
3738
5540
1059
6184
314
3606
4462
4532
391
5956
3298
7463
4317
9871
9799
4622
1433
4933
253
2756
4294
6662
2269
7070
6455
2099
202
7824
1966
8850
2442
5650
1751
1758
1323
9197
6356
508
6020
8352
6213
7640
7513
5103
5939
3950
538
4059
7418
9124
6617
236
6737
3348
2070
3898
7863
7736
152
2843
8812
3246
6634
3879
5177
2123
3856
7416
925
5420
2741
4061
788
4743
3635
2430
6582
3056
4893
1705
2330
5719
7660
5259
6133
7407
7300
3002
1843
7802
5619
9199
4577
6464
9718
2513
6500
1102
3607
3340
841
7034
7206
7153
6762
3669
8435
7911
2858
2026
9446
7215
9421
6067
1227
9653
6215
842
1597
7202
2336
9389
6942
8399
1712
9451
5664
2372
2413
4155
6483
2590
4445
2715
2220
4078
9562
1190
750
414
4114
8591
2727
7055
3208
7354
2073
495
9931
5162
3700
5606
2160
8245
6045
6799
3790
2131
5389
3587
2806
3381
1465
2544
9469
5107
3017
6265
712
6814
9638
3112
5027
9316
4613
847
5854
7009
5867
6187
1796
6482
7660
8425
2425
3221
2421
4547
1023
1981
1025
7763
2773
2610
8363
4024
3501
1317
8162
7542
7656
5713
2770
3864
4161
7340
2756
6560
3955
7581
6100
2719
2807
727
6299
7873
3005
8419
8361
159
9399
5453
3424
728
381
1989
3872
1225
624
1222
9194
313
8655
947
3892
386
9887
6460
2216
7225
8235
2976
1017
5567
3384
8605
9731
1552
8882
4850
7837
792
5001
4758
5790
7829
8402
4034
3945
7400
9707
3881
1671
5269
543
1784
400
9194
6050
9719
8357
8381
7290
463
6157
2717
6170
806
3497
9226
7676
5206
7334
7201
2889
77
1359
8880
9112
1757
957
7032
2642
4018
7660
3376
2382
4148
8362
1221
4734
4338
2127
7855
8836
8751
5028
6047
514
4745
3650
197
7501
35
3975
8991
6573
1717
5319
5643
4804
8250
6237
5517
584
135
701
8684
1151
7851
5623
2966
1734
8449
8602
5476
7710
6290
5523
3817
451
6920
5088
6883
5082
7022
7493
900
5687
531
2666
859
424
4829
4687
875
5426
1865
4797
6253
4150
1617
8843
3377
5359
3223
3321
4160
9610
3774
8925
7053
4370
3303
7672
4426
3368
3433
307
2902
1564
1802
4891
628
3002
506
2070
1079
7635
5327
3985
2537
3575
8410
2265
8155
3468
456
1890
5399
4174
629
7366
4225
7235
5227
4765
3660
2105
3561
1446
2408
63
6447
720
4809
2125
2853
7895
4356
8385
6762
9838
5586
4966
2202
6645
3431
2898
9193
6551
7196
8509
3821
355
744
7194
6120
4965
4829
8739
7442
1409
5695
3237
4053
1083
3359
4501
4658
7461
518
1565
4177
6582
4893
4184
3285
5572
7689
8885
1454
9550
868
875
3352
2328
3110
8522
913
8963
3731
2393
5512
1688
5902
4610
3921
2865
811
2406
1973
5845
9857
4814
5510
5102
8350
1087
9487
8169
357
649
5114
9817
4755
1180
7372
2103
2480
1528
6427
8778
8464
3584
5487
8880
9433
8697
1718
8518
3038
7028
786
3754
362
9350
205
1034
4377
9857
525
1896
9712
4145
5074
2109
3277
7157
4923
9719
169
7031
1593
2944
505
5130
4236
4396
7988
6975
5081
6335
8399
5700
4957
7080
4260
5306
6379
7966
6449
8721
1905
1862
7197
7330
4281
1918
9253
4520
6411
6921
4213
5100
3248
407
9218
5276
3633
528
2644
2552
9166
4830
3169
4969
8314
8452
6531
4925
7859
3918
220
4563
8320
6454
8480
831
3860
6608
9681
8347
7247
6931
7176
9179
8115
3221
4207
7419
595
353
2619
9399
7752
2248
2167
7558
4365
2353
2748
3012
2106
8334
5740
8699
9295
9613
926
1134
6870
1511
3011
7489
3674
568
3127
5544
9415
652
163
6506
4743
4931
3392
3249
523
1120
9094
577
4635
484
3474
8083
3668
9649
6742
3070
1616
238
6858
4576
5636
1991
2592
3854
2722
9757
6677
4374
6143
8305
3331
5821
111
3272
1380
7738
9548
3356
2994
446
4742
2576
9753
5230
148
3373
7853
2062
6728
1885
6888
7516
2705
723
7963
134
5274
4821
2262
3449
5904
5144
6691
1256
4624
4327
557
453
3823
511
6318
8943
4515
7321
6101
6984
6543
9797
631
8401
9500
4191
8092
8244
2674
1761
1498
5230
8678
5381
4415
4407
4189
7413
9591
559
9023
6193
4814
2471
1127
3516
7231
3273
311
3348
3643
6837
8440
6812
3878
6554
3710
9991
4139
8717
4938
6979
1823
1640
2474
3280
3811
5266
1675
6684
7859
8183
6254
7356
3195
9556
648
3129
3514
3729
548
3956
2638
6171
5347
8711
6431
1021
4452
9706
2024
1562
4478
6735
9071
2442
4602
1819
2550
927
5261
9393
8362
642
4915
9740
2649
4143
5752
5368
7056
9834
751
142
8674
5596
1126
1850
8821
4030
7120
347
4407
672
994
8311
558
3879
7082
5256
5084
7233
776
7799
5937
1126
2208
8243
3643
1693
2920
8366
4552
4904
8973
7253
1084
9021
8194
6426
110
817
9800
9215
3148
1539
6889
8576
1808
8355
3933
6382
266
3005
8480
5140
988
4486
8251
8584
3301
3361
5311
7167
8773
159
1664
2765
5023
1873
4254
4985
764
6075
2238
8569
9260
6118
2663
2542
5432
9522
4105
7054
7283
1991
5768
9498
6879
7958
1655
4188
3291
5617
1662
9807
7802
2659
6414
6747
6591
4877
6427
4347
2724
8110
4440
4861
9594
8383
3985
8021
8875
9528
6641
2350
7995
82
6196
1871
8813
5914
6583
1525
5106
9951
3468
4994
5804
6312
3113
8850
3504
1173
5216
7094
8090
4992
217
7312
9947
4271
4283
777
957
3770
5321
3090
1527
8803
3945
4709
3451
7511
4609
7191
2925
2239
2907
5660
6335
5075
2119
823
6103
4268
3982
2685
7698
1108
3876
6325
9361
5165
6312
2942
1874
7930
3782
2909
9722
414
139
2897
13
255
7096
5188
7520
2070
799
3169
8006
9094
5434
13
5671
5815
2028
6388
3983
8542
1871
4080
3682
5755
4652
168
3757
6046
7402
3587
1208
5638
3533
6151
4823
7416
9807
6915
7616
3736
6397
101
7287
3047
6520
5688
2148
5978
9420
9726
774
8738
9469
4966
1121
5437
6365
1099
3747
8153
3786
9640
9973
2192
1300
3723
989
8517
9804
5925
8768
4361
9768
5579
4596
6601
5140
2701
3875
2808
946
8609
9259
2757
5090
6299
5315
2217
684
1114
1400
7199
954
6578
6198
2160
5251
7009
1522
3802
1730
2576
644
1804
7909
4585
9298
7888
4353
4320
1063
1382
9939
271
2770
5337
481
769
1339
4721
5935
8267
8480
4
8718
8290
8894
8409
4255
4461
2187
1659
5573
8984
3456
3478
7096
5217
5284
49
9845
7939
7780
8296
5811
5325
3151
1204
8688
7295
1789
4969
9258
9968
6735
6669
2234
6478
7969
5392
9515
1571
5900
8252
2057
1152
1161
6698
9780
3721
2752
8078
5043
8076
7662
9697
6997
7551
8645
5305
9618
70
541
5479
3424
7278
888
7548
6979
9081
5524
8857
6988
5990
5913
9298
9378
2236
9218
5357
5149
6387
2328
6861
5870
7647
9898
902
9245
8793
7017
6924
7051
9548
8336
8189
5526
9001
2192
7863
1307
4392
1033
1831
9829
3132
8917
2031
9459
273
3583
3667
456
2052
7281
5041
3996
5711
4475
7786
2144
783
7487
561
3247
8916
3208
7599
8416
5269
27
3521
8679
9710
3878
5871
8923
4199
7622
6745
8258
6226
7093
4336
1545
1472
9839
78
7824
3504
3925
6115
6530
1125
1547
1629
9458
7091
1116
323
4705
9990
1357
4446
9228
3791
9887
8580
1681
3757
6078
1219
6530
7315
2486
8407
499
5403
2886
6312
2110
455
6348
9939
5414
2559
4352
9730
6056
2620
3981
6139
9053
5488
7162
2898
5580
1136
5222
2748
4332
7024
18
5537
55
7017
8232
5884
3307
505
6713
2451
3434
5911
7509
3342
9569
9089
8643
1350
2901
8692
9825
8171
7609
9655
2389
2001
7084
1829
6865
5400
1536
4005
3333
8167
2213
5879
3823
4373
308
8542
1965
4899
4296
8964
7859
5849
1094
3630
1128
124
9453
8110
3019
920
200
831
9107
80
5585
9696
564
9423
6784
1456
4413
410
9537
770
9629
1204
3699
8813
7766
9437
4012
1155
5115
7528
8938
7932
3155
6520
9588
2078
3919
3766
8863
5067
7768
4385
2301
488
5377
5907
5664
7221
2956
3996
6093
8589
5288
6414
7947
5644
5912
628
9050
7528
7039
9519
1584
365
200
8750
8046
4489
7682
7865
6290
5713
8967
6042
3558
1070
4750
953
3429
4168
295
6243
6254
1117
4532
1782
8209
2877
5783
524
2998
309
4501
4385
6029
5175
9290
8498
5231
834
7047
2980
1556
3619
6838
9918
1262
536
6878
501
19
3789
7617
7282
5352
7157
3011
3553
3288
5190
8966
9561
3268
129
7312
8115
2292
9468
7134
6121
9868
862
6066
7708
1306
7783
1303
8289
7643
5977
2549
7722
333
6695
6624
5917
7903
7449
9051
7571
6853
6281
8122
2287
6360
6333
3173
7480
9626
7201
6056
6069
1079
4912
8743
580
9031
6607
1839
5912
9327
3686
9576
9389
9128
892
3622
3784
3591
7950
1855
7151
4827
5899
9335
4338
3638
9183
9399
5397
7314
4554
2524
9084
6437
5885
6859
5506
9807
2432
7394
8885
6496
562
106
4801
9527
6126
4168
23
949
4935
8051
666
1983
1856
1408
6951
2962
1274
3978
5294
817
5819
2669
5553
378
9351
7985
5256
7720
8318
515
6686
3393
2834
7231
987
3198
6835
1274
1551
5963
6584
8524
1864
245
8044
2171
960
6112
4483
5074
4295
5211
5400
3792
2808
9403
2005
4701
1178
8739
2813
9528
6229
8245
3913
3659
4927
2515
2109
4976
5603
7566
8278
6285
6252
8768
8515
8202
5507
437
6957
2435
2835
6803
1141
6761
69
3178
6616
4820
4605
5350
7793
323
9920
3730
3339
5091
8528
8839
6145
3581
5174
9811
725
42
219
1396
8377
7922
3
8051
2109
8194
3911
5565
933
620
5437
6076
1430
1864
7189
2981
1582
9849
5858
4139
5677
1066
5092
5505
2883
1943
382
6332
4504
6103
9865
3878
754
7159
2564
1023
9414
4163
4166
3982
3614
6205
7826
22
4435
5743
5637
68
8791
1917
2848
260
2386
7812
4876
7043
9367
5744
6366
5278
1091
8681
9865
346
5153
4428
1579
8701
732
9336
2037
4826
2066
8575
4602
8714
2066
4493
3619
2629
4498
4709
2156
5681
2703
454
4991
4737
9649
5644
7931
6398
7594
419
3808
1443
6364
3287
7642
4674
2340
375
1256
1828
6967
903
2264
8574
6311
1749
6176
5999
7025
6131
9483
9733
199
9923
959
1264
6469
7441
1799
478
9730
7673
914
8886
1237
3450
8375
9520
465
4051
7762
7393
5567
4601
256
4708
1783
3402
2259
3076
2234
748
1922
102
3886
1807
9089
6243
1719
3841
5480
6356
6751
8592
5298
7206
3170
3578
7380
4012
648
8080
6568
2260
6527
1849
9462
2786
245
4579
4350
9608
5599
7396
6884
5719
5817
5566
6872
1695
1035
7793
3744
3922
963
1611
2309
2743
2709
939
5143
4587
5452
8515
6622
8690
1547
4235
3950
2154
4293
2145
1622
5056
4853
3774
613
5676
4171
149
9593
9352
9876
2837
901
3886
1909
1214
2943
2655
2211
32
6771
8319
1153
6462
2791
7230
1287
2978
6461
6754
1068
2954
1006
8848
3121
4432
2313
3017
2841
5383
7672
1521
88
4065
8794
5163
8774
2221
5459
223
8384
9038
3565
1934
1964
4071
440
2669
9031
1619
9845
8221
1597
1393
155
1963
4501
7612
5028
8066
8390
4360
6696
6510
5241
696
6948
6444
7468
525
9414
1006
6304
5225
5895
1258
3361
1602
5365
7090
399
5698
3196
7598
4637
4298
2785
3221
4613
7255
5915
3115
7030
5245
9006
1252
3756
208
3029
8103
9579
7761
7019
2702
6599
3589
4502
6601
930
4706
3489
2114
7155
3138
3925
4779
2623
714
371
1715
7239
1157
432
5704
5326
425
670
9431
3509
8539
8163
2735
5990
4317
4215
4915
5993
4454
4863
5742
1157
1979
513
5536
4359
681
9940
9255
1992
8196
9062
8409
5102
633
5113
5021
9282
6848
9195
4922
3273
6445
9856
2519
7793
8854
1646
1570
5609
2543
3749
7436
8670
8001
5913
6209
6206
8313
5069
7653
2907
188
5646
2250
9326
9048
7769
6078
6084
182
5690
5330
9290
1932
7890
3333
7392
3583
68
8878
8045
421
492
9833
3536
4072
7708
2504
6030
5159
3765
7179
7132
4535
5086
8971
6810
4678
5460
2416
6938
976
9519
7186
5164
5178
3356
8380
7720
8764
7420
4076
5848
4348
7864
3863
7727
2549
7119
9834
521
1607
9742
9484
6000
6711
9819
6159
8984
5959
3550
6581
9032
993
8349
1247
8517
5900
3362
9520
7181
6481
1147
8768
525
8968
5774
4380
8112
4283
7638
2699
8116
9244
510
1260
1242
7842
5209
8443
7402
7423
8748
1842
4001
1677
6233
396
7432
6854
4297
3653
2706
7411
5012
6685
5793
4540
7280
8027
8486
735
212
1198
8771
8796
5704
8095
383
4732
9467
3410
3685
9089
1600
9915
8233
9017
9654
4814
25
5308
9939
4782
4763
2277
5756
8759
3113
6526
260
2504
3669
4467
6622
8551
9786
5049
4016
7753
8642
903
3382
9401
3470
4530
144
8981
9669
4183
5386
7176
155
8642
5302
3153
2493
1707
5879
9091
1463
5952
6668
1622
2642
6205
8968
252
5853
6952
3114
8477
6343
7081
8974
4163
6455
8870
2063
6770
1032
3405
7127
1343
5316
9931
6260
4529
1611
1722
7337
5397
3056
3078
9470
6347
5504
272
869
6926
6784
1180
6267
8609
4595
9973
9030
6197
6949
1809
4481
9479
2262
8079
4897
6614
1606
8476
4099
3714
7849
2213
4069
2112
8696
4422
7981
6218
6772
241
2202
2611
1351
1691
8309
5688
4713
8480
9091
4258
4027
5990
3082
3865
1140
1407
3213
8178
9126
6665
2070
5768
2348
9168
9904
2697
8259
2387
1694
5687
9793
259
1770
9311
5286
3687
206
646
7678
6573
6665
495
8671
4987
9807
698
4998
691
9311
9479
7976
4613
8754
9319
3399
9887
829
8115
6228
6240
3587
4614
8444
7402
5403
3445
6080
7221
9305
7712
5573
6304
4779
2560
4980
5682
2578
3983
1566
8031
9211
9960
2912
5478
6137
6883
5679
183
1697
3571
4113
5826
978
971
9816
650
6575
6698
6667
3321
2650
344
2114
7357
8174
9480
8366
5808
905
2605
8082
6677
1940
1769
4962
5150
9089
1745
8535
7275
4592
1548
7100
5676
5725
282
7961
7368
2330
1457
4953
3526
7877
7475
7866
6856
3829
971
6064
4808
1750
5846
4118
6619
911
3039
9938
6146
8604
4547
8116
3727
7037
275
5707
9028
9402
1047
9444
2631
8209
9839
4000
5474
9870
1189
3728
9366
8726
3215
6384
7280
9263
400
9965
1348
3199
8110
4724
342
1856
222
3961
727
109
3083
9904
7900
5932
2310
8188
2411
7528
6359
3586
5535
5946
6594
3577
666
7347
3605
2160
9738
1384
430
5099
8452
698
5273
8700
6973
6144
1670
8618
3352
5444
8601
4593
2009
9192
9915
1189
3384
5075
5006
5940
4802
3147
9358
584
4553
5472
3731
6469
6187
179
8995
1253
320
929
4292
2941
9356
2224
2143
7132
8821
1205
7376
8368
8335
2672
8554
6228
7411
3397
3736
282
9422
4887
6510
9169
1526
194
8621
1731
6199
4469
7253
3806
6091
4203
4021
6317
6056
8021
9790
9554
4850
7077
7445
4706
4930
2217
9799
9629
1695
7155
5128
2344
9689
7121
2068
4281
7797
7037
566
8366
7329
7251
9350
491
2777
5146
2621
4894
9826
3473
9957
9680
7348
7144
6332
9019
2805
4472
6871
7779
5504
1824
6226
818
4421
4685
8645
5235
1722
4245
2867
1306
8975
9744
8876
2879
2094
451
2354
7301
5473
2122
4249
3163
9278
4625
232
15
990
1232
7964
6810
1627
3169
1019
796
4103
815
1301
3364
6777
2285
9911
2411
6099
5903
9242
2606
6591
1945
7096
6103
1959
5715
9103
1975
3204
7205
1389
2466
9663
8437
1035
2518
6275
1194
1975
361
3779
7772
9945
5167
199
7002
4599
4517
5346
9783
6308
2141
2303
8577
7939
6070
3434
4608
3001
1639
8779
568
9952
8615
4828
251
7960
204
9948
6622
7993
6879
8476
7814
2227
88
2759
687
3734
1260
1839
9705
3309
1103
706
8319
1525
4823
5324
9301
8620
1423
5669
6173
1317
5716
5403
6022
3800
8400
3226
5378
7637
4672
9208
3
1337
9332
6910
3025
9945
3939
7552
2714
7083
2665
29
743
4709
5774
6641
3302
9965
7171
5080
2649
6063
8556
3726
4907
29
7108
6226
2074
7968
6994
8793
870
6989
3767
6878
8324
9811
3472
5767
1119
4705
7390
8435
8700
9237
6271
191
776
2670
3448
4008
8848
7267
1634
3082
9852
7340
6159
4743
7034
8654
7495
4612
6323
7797
1107
4557
3435
4745
3717
7113
5786
1555
6082
5752
7842
3577
3453
8856
925
4709
1154
2551
7557
6756
107
1347
1007
3354
8194
189
6661
2498
7748
237
1198
2115
8542
8158
5612
4559
839
5338
9649
2373
202
720
6191
2070
1534
8033
7163
260
7027
5035
9245
1447
1196
701
375
4489
5427
1497
4767
7729
1693
5063
3563
6749
988
9366
6456
8248
9579
1005
8903
9275
7641
4896
9781
7695
4341
494
3013
7633
6050
9463
4572
4975
8007
4411
6712
9103
4550
942
9950
4814
6950
7159
8559
4133
5728
7032
2294
296
4611
7640
1712
6409
5940
7611
8232
7449
6325
7395
4687
1295
192
5376
9637
4001
5713
6035
6262
4654
9182
9232
1092
2334
3059
6002
9692
1841
798
3704
8744
4068
4228
4973
9073
4275
2878
5701
4766
520
7075
9011
1213
8769
6419
5576
2829
2512
7310
1095
4678
8156
3055
7091
8229
4676
3880
1257
8728
3396
1643
9770
6178
2608
3698
9105
6012
4333
731
5235
1417
15
9828
676
4884
829
1983
8021
3335
3505
7266
7659
186
6875
862
2588
1287
9605
9625
7683
3974
8577
4218
7731
6810
1119
944
2471
5767
9627
5200
7064
5998
4659
7946
9384
1142
6550
8967
7931
5033
3255
7456
1157
648
6913
6190
2254
8892
484
3993
7954
4458
7870
1775
1126
8066
4022
8260
6261
2532
4753
6240
3560
5328
4167
1754
7364
7849
5183
8831
6412
148
2023
6398
2551
1043
2976
6051
8765
472
4726
3646
668
8856
7214
7279
4791
4767
8280
9041
749
7193
3731
736
2695
8196
4463
4280
8203
8448
3022
7147
1198
9247
7348
9951
6295
4719
5902
3698
654
3841
4063
9130
8163
4773
7845
1262
8698
1364
4953
7850
6324
9737
9925
7203
7898
125
4817
6536
5346
5583
6134
7392
2004
7340
3779
3430
2582
5200
3390
478
2228
1593
9410
5443
3979
6547
1974
5310
5828
2038
1615
3749
8782
7481
6572
446
7140
5169
350
2398
4094
1194
795
4930
8003
4432
728
7897
4795
6218
3763
9756
6339
1108
1891
395
3786
9640
8839
3702
104
1673
2859
4116
9775
1739
298
2707
7673
4914
1757
445
1377
2597
2497
4644
2749
5966
9334
682
9353
5954
4835
3519
4783
4312
8583
7207
1474
2727
6715
5255
123
7520
4516
1740
8010
8421
9716
3145
4590
6404
511
9995
7279
7749
1835
9578
3800
5820
2993
8206
8179
4090
4033
1867
1421
7382
8066
8427
8600
7316
9894
1575
8351
1744
8651
9826
68
9081
782
961
565
7149
7643
3963
2446
2844
9791
7001
1672
955
5134
1145
7102
3896
8913
5317
7520
7525
1511
9611
5472
4003
3260
7145
7066
2765
1335
5544
3857
3885
7101
1330
3892
9166
9763
4160
1824
992
4480
5348
5375
6866
7825
9311
510
7247
8247
6209
764
7799
6411
2571
3694
25
9249
6882
1647
1130
6730
7043
6149
9620
5235
8749
399
2830
4187
6127
2538
2148
6354
3183
7171
9267
2221
3348
7479
4547
6070
2113
5
5489
6657
5551
4005
3448
9705
8245
1427
9724
7464
6295
3699
9746
5909
3192
5544
3263
2136
8285
3376
3436
3113
2687
2135
99
7143
5196
7676
3128
7252
8347
5696
9351
3501
267
170
3126
5400
7975
7896
5670
518
2567
1281
7484
88
9910
6757
2198
2909
9676
421
9660
8473
1512
1535
3557
8546
8203
5218
3251
3316
4243
6752
6748
9221
5874
6273
9878
5170
4459
6004
5758
2087
1865
9393
8356
1070
4860
410
4023
2495
1905
6879
7849
3350
108
5488
9006
7123
5877
5821
2582
2490
6764
6874
6149
8010
8986
1006
7084
1771
5541
3627
8021
7024
5104
1032
3888
4173
7437
2809
8229
2210
2624
8224
2117
85
945
4013
6754
3149
8525
1089
1927
954
9642
944
9381
9587
9541
9013
5212
8167
6426
6015
7794
9141
9551
1529
2051
8775
4238
3000
9829
9
9437
7901
7846
3544
7915
7370
1652
1349
4073
2449
1193
2776
5394
7112
2898
4609
5561
8281
9402
5130
446
4774
7207
553
7116
3930
8865
2418
7426
2282
9562
6296
763
6458
9007
5268
3853
1148
1193
4766
3931
3043
8496
7528
4615
21
8925
3627
4696
2831
4634
5753
9923
6275
4569
6481
2377
3789
9454
96
477
2963
5977
7941
7248
410
4804
1789
5547
9685
741
5005
5752
3033
4096
3758
6270
7836
9149
9731
8183
5915
5713
7494
1535
5675
5436
2736
171
327
7550
3847
1236
8168
8934
6785
4591
9011
2169
7879
6986
7083
3131
8773
4068
6392
5454
8382
7274
8528
980
5677
6186
6753
4018
6550
134
2000
1667
7722
9142
9020
4453
922
4234
2892
4981
7186
5163
8983
3922
2903
7133
66
2704
4443
2276
291
2780
5581
5647
3733
1895
942
4725
2372
6241
9069
6122
5320
4067
4421
2270
1231
6440
6156
5731
3283
2521
8988
1866
4459
6436
5871
1609
3020
7352
8563
8042
432
7472
6077
2018
9983
9
7017
1164
4618
6370
1728
5762
4983
1119
9586
3367
2709
682
5507
4372
8929
4951
2354
9006
8402
7553
2660
3360
3135
4998
9552
875
9921
7261
8755
2118
5619
6239
5347
3043
1573
4121
2929
4207
8991
5900
3880
7717
9939
7855
1074
4561
1739
6546
8857
6364
4770
3887
3690
9001
3934
4447
8774
9466
7739
855
3475
7504
8851
2829
7968
3837
4969
2026
3365
5943
806
2734
5560
1516
7242
8667
8236
3693
3108
9839
7124
2040
397
2145
2950
7910
2686
663
554
2269
7106
8226
5409
1859
8678
7927
9027
5584
1068
986
9777
4430
8223
7433
6873
2624
8097
722
6983
3868
2272
2098
9336
6726
7496
2539
2890
6875
7026
9009
6736
4071
4377
2146
2338
3763
5181
3824
9953
1134
4816
4220
3735
1719
5086
5520
7773
2948
2603
7544
2646
3810
1188
5182
7689
282
1415
3394
6076
5740
1934
4738
8555
7563
7718
1035
1576
7621
8094
9484
3613
7869
4779
756
9853
2822
6968
1208
7624
3902
6459
7810
5293
804
2355
6264
5481
9864
5357
3368
8238
8590
1206
6974
2928
5631
8315
2930
8232
4828
7452
2961
6715
8335
1343
8262
3605
5584
6032
1780
3423
3488
3398
3219
5008
6358
1409
2868
9807
3060
3071
419
7142
8645
2111
3352
6050
6741
3949
8874
9319
5805
7227
8225
257
6809
8400
7046
5877
6936
9738
6249
5173
1056
5472
8334
7587
8363
5234
1478
8045
7041
2146
9061
2854
5044
7371
101
598
930
8751
7559
8247
6731
1744
1889
9152
1967
8308
4472
4287
5730
7099
9419
4831
8144
6796
6361
5178
8743
507
7761
5959
4613
2567
3684
6532
8879
2785
73
7407
1850
8151
5741
2606
3626
3309
4212
8974
885
3965
545
5017
2771
9590
349
769
6181
4208
1480
5577
9359
8575
9417
2306
3570
8597
3683
1554
6522
6066
6087
2642
4689
4471
8016
3134
1007
2761
7423
2815
1855
1472
2835
9525
4719
5023
1508
5806
1091
2318
6045
7412
3526
4290
7940
6930
4718
8607
4647
4118
2074
5796
9652
4850
7451
6772
2372
7741
8013
3797
9142
5255
3121
1665
1892
8121
728
9850
7860
6986
2990
75
2717
9263
1200
7785
292
1594
5899
120
546
2403
7363
7818
5811
8452
3644
9586
638
493
4521
5767
6764
5512
9487
3172
2215
9368
4596
3356
5824
5402
7386
5242
9565
334
4242
887
2205
783
7518
933
4554
6268
9048
4696
4314
763
6440
6836
1057
5524
8246
5650
8838
4057
2140
1644
9120
5397
4359
9463
157
4114
1338
2273
5504
9525
3583
9312
453
1588
8539
9082
993
3639
4221
2499
5147
2620
7891
2768
1984
5093
4792
9434
4568
284
9998
5918
6835
9414
6452
8674
831
8821
3012
2690
602
6872
4716
6792
382
2621
1270
7130
4973
6471
8646
8749
9322
7258
2320
1704
5138
5267
3028
9043
2197
2709
6023
3998
6821
5582
1791
9246
6074
9336
4427
9682
4831
8107
492
4852
8908
2016
2979
7067
3153
1648
4313
6076
4156
6314
1253
4817
4552
3876
8941
1362
8226
6585
6013
560
5560
33
8301
9585
3393
8398
8418
9797
4515
4162
355
9239
8053
1742
2646
4927
3009
3222
6919
5956
1093
3136
7796
319
8487
1611
6712
8346
8211
380
1538
6039
1762
3443
5361
3518
8776
7644
9742
2494
4394
6625
2422
1877
9467
77
6435
747
5250
8764
4566
40
2489
2399
9043
3365
2707
5403
3544
6400
1227
9681
9691
7241
6550
4728
3760
5705
8341
7269
9444
8563
4681
2605
9289
6771
4098
9569
6413
9874
3654
1528
3545
1580
939
6091
4276
3848
6705
9418
6434
4134
2143
2796
4412
4120
3064
5363
4861
71
2617
2846
9846
5574
1971
3784
4798
9667
7311
3022
1642
4202
4419
3069
9925
788
2159
6745
6604
7676
7524
1147
809
1282
4850
2706
5561
7145
5532
5770
5276
5659
5307
2186
6329
316
3259
4887
8187
6139
2790
5926
2508
1237
1291
3567
2829
3940
5003
7853
8639
405
9360
6882
6513
1399
730
9895
9446
8127
9511
4080
8050
9977
6301
302
8785
8265
2055
7151
3780
5311
7435
9744
4729
5672
7252
8018
7029
8177
3953
9770
657
7063
4409
1347
7551
7482
3353
7886
2631
7984
5115
9801
1106
6117
4708
4414
8226
4624
2059
2274
9820
4705
8561
5150
3891
679
5761
1066
8306
3822
2534
101
2806
6213
1251
6833
9174
7854
2067
3308
8960
3374
6142
6089
4913
7492
8852
2461
2000
6871
2121
3957
3799
8855
3981
6132
6831
1702
5847
9467
3400
4032
6493
2273
8850
1972
3539
5426
4138
6727
9245
4068
9044
2158
291
4340
8482
8921
864
5311
510
8992
7830
5453
1514
2805
5331
5943
5441
2680
5688
1433
2857
5737
3179
8595
440
8504
7291
9913
2656
441
1691
3003
1081
5028
4334
7263
7161
7224
7309
7065
9026
4399
7079
1052
8840
189
502
3899
2845
5714
4762
9016
235
7919
1764
4206
94
581
3777
7786
7052
3913
4897
7876
7777
3123
8627
9804
