4451
4150
7144
4286
457
652
5133
825
6768
9161
8635
6846
4327
2746
1403
9049
9388
4121
1763
3435
209
6826
4392
2854
4684
1473
4624
7145
809
557
2773
419
5019
773
5190
4805
1247
9486
4664
2809
6257
4150
2441
5993
2280
8880
3541
4141
2204
1068
3425
933
4632
962
1573
7103
5642
8027
8375
7557
872
9389
2402
9094
5069
5809
982
6767
1536
8498
5081
2198
8501
8787
7594
9251
9437
5197
726
3484
7177
1189
4372
5211
4028
6359
6507
7037
1902
7073
3635
714
12
3821
9976
9117
2989
8460
7723
9599
3648
9932
2964
452
8801
7382
4962
2417
5562
3462
482
8439
7398
808
1166
4305
3521
6971
6620
5879
5099
5221
103
4813
3115
7091
5244
3019
880
3515
315
9785
1347
8560
397
5830
4408
6417
6228
3637
6883
8751
2062
5877
424
5752
8387
4924
5307
7973
3806
6479
3061
9884
2601
2320
7784
2835
2592
6293
9242
690
9464
9553
2301
5347
3432
417
2319
393
6549
7061
9645
1658
8844
1432
2530
1531
6121
8046
3070
8054
8868
3290
8481
6346
491
5593
2231
4704
1754
1470
1662
4677
839
4091
2738
8505
5146
9721
6985
930
3369
9588
5898
1533
3747
8981
1993
6755
1762
445
5981
4628
5123
4171
8419
6179
3106
9211
7131
6846
2302
9324
7680
4760
395
875
9766
1060
3607
3969
8955
4608
3220
5126
8767
8908
3796
3552
2400
9878
2563
44
2094
5507
8766
3863
7534
3547
7841
7210
9754
2738
5646
1712
117
4063
7706
230
7773
6507
9841
1038
4377
3127
9018
9247
4545
714
4069
5980
4044
1878
4128
8015
4148
1462
2857
4594
9319
8390
4126
5018
7719
5951
7312
737
6929
6605
5206
5294
1675
6623
8958
8371
8134
5851
5470
8643
2498
107
920
3710
8993
1320
588
1194
3827
8097
776
2944
1057
1016
6411
1952
4774
7257
5639
1297
359
1288
1924
5929
7764
902
4913
1126
5958
9264
2277
5447
2328
1908
5396
7929
4242
8192
861
7458
2896
2249
8832
8308
5969
53
3165
4638
6331
9205
4407
8069
7788
3683
5960
2026
9644
8148
4654
9177
3006
7865
4371
8237
277
4408
2282
8611
2195
5394
6453
9657
205
2161
9156
4914
9898
9920
8408
1946
1610
4327
4725
9665
9059
9217
2133
5349
3527
9803
4282
7776
1410
8332
2907
1563
6543
5852
6640
5886
1929
6434
6297
6293
8159
6781
8232
4624
9777
1663
9247
23
8119
6225
2596
9912
9025
3351
5809
4303
4153
2498
4455
2480
6869
1467
5875
7556
1336
6466
569
1214
5080
1716
3133
7785
5178
3426
1936
448
5689
5188
5143
473
7462
9833
4808
2543
9402
4089
8238
1002
2774
5274
9708
3949
9883
2012
7565
5116
7654
5985
5561
8408
2515
779
6916
1369
5730
3620
9041
3559
9303
8388
3988
2420
3355
3475
5093
9481
4896
9468
9841
3980
2930
3209
3354
9979
2249
2593
3326
8615
1883
7659
6037
8224
7391
4333
3428
2665
4475
8117
1230
3848
8606
499
4506
1357
9210
4818
2256
3483
7706
6690
5949
2120
3010
4771
775
3629
9139
5535
6698
9450
5581
2356
4816
3626
1823
9404
3551
1149
7290
236
2396
9384
4419
1398
9117
2694
9688
6746
332
5193
8170
704
1432
833
3768
1099
7478
3992
7388
3274
3588
6295
5087
7264
7070
4025
4407
1454
9514
5002
7089
4714
6333
2123
2394
6895
3936
5749
8295
3472
1662
2791
8260
5241
8596
4750
8985
3493
2827
7775
6537
3110
8962
8212
548
5620
1619
4913
5005
7029
3688
931
3829
293
8311
9812
9494
2802
3961
9853
2476
215
9288
7816
9469
1667
6806
7232
2026
5653
3018
6103
7149
7863
4086
1860
5490
100
1652
5400
8610
8790
9759
3243
1323
3232
2205
6856
9483
4053
3370
7937
5691
1236
2272
9120
825
9217
7138
7356
2829
7649
2424
2132
8109
1553
5477
6155
8492
5474
84
5728
3661
9189
3745
8840
8917
8320
2452
5963
6670
9755
7495
6024
7928
3450
7497
8405
5771
1286
508
9127
2567
2874
4312
362
3084
4887
3458
3741
4470
4933
6103
942
4959
2054
99
8750
4584
7992
3455
1456
2307
8024
854
1123
5912
6381
872
9289
5527
5000
5559
6387
6973
1334
4399
4876
5023
1999
4179
4495
5491
6478
3650
4405
8335
6477
1305
4639
5705
4349
7330
6076
8173
271
4009
4919
797
4994
2319
8097
6978
2105
8952
4438
5441
5784
9183
4687
761
635
426
5715
121
1235
8376
8538
735
5774
4438
8224
9370
7650
1937
5795
3889
5270
6501
5993
6508
6284
3684
8048
2192
5167
3
8291
3401
1621
3598
9894
6367
9953
5900
1775
6891
7368
2893
5281
5699
1581
6511
1190
8497
6635
2656
7304
3170
1855
9678
4988
7450
3088
7723
9755
7188
2252
8668
8574
1399
9504
7904
8598
1653
3
4509
1270
7245
5776
2261
1069
752
9374
5145
8820
3936
6269
6212
4336
9221
4927
6280
2916
1193
9073
2838
6070
4227
2325
6934
1372
9217
7261
6599
1795
4606
5174
6896
1868
5315
8703
7893
8019
4634
9940
8837
1437
5101
7307
5664
302
1901
1034
7350
645
4447
7299
9723
4996
384
6558
3559
1935
345
4529
5769
9152
6750
142
235
1717
8113
6601
1568
7607
916
2405
2570
1448
8347
4234
6377
8008
4847
6436
8606
7747
9278
7131
7389
1546
5312
2923
9505
7869
6901
6544
8793
4530
1130
6255
8640
7605
667
5891
2458
7036
1586
371
6651
1702
8461
5965
5986
3791
5310
8273
4946
9010
8972
3900
4753
4012
7046
8592
2136
9017
2328
9980
9419
1437
8518
2189
1572
5217
5221
9697
2504
2695
7017
5155
1835
2300
9673
3848
1695
9690
3951
1861
1847
3959
7915
571
1609
7293
5111
9264
9298
9399
7109
5931
2516
2820
837
5980
8395
1547
8211
2182
4669
9820
365
7546
6751
6831
9890
6208
8740
3675
3701
2980
7472
7557
4641
9323
8811
8066
855
5361
258
4091
9570
7761
2999
8093
9980
3088
1608
5769
1177
1142
3325
2078
7409
5706
6059
1633
1627
8424
8197
3319
6821
8050
9091
3103
8896
1617
538
3231
3192
8790
7355
4505
2514
6097
552
2601
7614
4076
6368
9550
6747
806
8332
1826
2842
4440
3874
2616
8874
245
295
2130
898
3890
1842
9019
6462
4528
3067
1143
9825
7522
7474
4965
7529
2223
5356
8927
6607
86
5975
5822
7741
57
2191
6636
7275
5064
7674
1575
6178
3354
7197
6607
465
3482
6530
4173
5294
1788
7393
4367
2916
5210
9498
3220
1610
6976
5957
3329
5333
752
5409
7005
7572
8035
3593
271
9753
6637
3941
882
2727
9820
8588
9491
8374
5900
8822
5335
1171
5817
1184
6971
245
6851
5241
6713
507
7911
9913
2259
8177
9792
834
8032
7538
7177
1342
9808
295
2397
8888
7678
8653
669
9302
209
1844
9550
7348
7646
8323
8925
6348
3342
4473
4079
945
1848
9791
1977
6572
4843
5162
7624
797
7881
9884
6206
5619
9907
8634
2955
790
8317
6328
8180
6241
574
6639
4978
622
3559
5905
6441
4042
8845
580
3683
3207
1845
8186
1049
1808
2715
5186
845
5287
2398
6806
1511
6778
7003
4869
9290
8469
9493
2939
3698
5569
7678
2013
4637
4633
8565
4049
7139
5421
9292
3305
3987
2639
6644
384
267
5723
5959
6493
7667
4
9138
757
6711
7034
525
1853
1568
311
9737
3596
125
4472
8388
9439
5875
1961
7980
5767
6526
1593
9422
3581
3507
189
3161
5765
3700
6880
4388
9824
5742
5784
7145
699
9667
9668
7677
9365
6799
1329
2060
8414
1689
636
102
235
4520
9794
7808
9239
9311
8371
7624
5907
6663
2148
5833
4845
3751
7620
7750
670
5138
9718
4295
7773
3086
4782
4430
1906
8812
9943
5093
3653
265
4384
9573
9669
7104
1239
7733
2436
2857
2109
4125
8367
8930
5930
1158
556
8841
3337
5873
6924
1683
4004
384
4208
7164
2442
5493
1928
6939
7133
4661
4261
8049
7592
1528
896
4623
9181
4287
3540
7921
8461
9891
8183
9050
2769
6998
2918
3885
8117
1256
1038
2885
8372
3321
6230
5826
735
4949
5737
6192
982
4561
3171
9478
2697
8993
4449
5880
728
867
6394
8746
6807
59
3420
4449
9309
8700
2063
2695
3516
3488
5815
9627
7547
5525
2933
8643
2030
1412
2140
1567
7111
2366
5521
443
102
3541
2139
9537
4204
6164
1754
6664
1245
6204
3077
765
5300
1740
59
9532
48
3405
5659
6795
7692
8023
8191
2707
8621
4787
2803
2892
3556
9135
9764
404
8515
7943
2867
8572
7676
134
5464
8464
6325
1240
8724
3888
1928
3899
9454
6223
9127
3538
4031
615
1533
2053
8538
999
2239
2025
6307
283
3553
2967
6400
854
37
748
4604
5215
2606
3101
4184
7573
8386
3284
6285
4223
6270
5835
365
7493
3108
1140
1079
6693
2464
114
6920
9075
920
5416
7567
16
6161
9420
8057
3029
4526
8680
6523
6524
9156
2397
6158
7051
825
2036
5045
639
9082
2962
9946
7393
2140
7366
998
295
2874
1827
8639
1769
7997
9877
6347
9246
1274
7522
6387
3859
5077
7182
8244
4904
5811
9306
5199
935
7677
587
2879
3106
4240
3010
1226
2999
1009
9166
513
8146
9439
3834
5058
3632
3969
9139
8445
9387
6110
763
6659
5639
3707
1747
2745
9271
398
5433
6749
5629
1938
4221
6144
8685
580
7601
7969
2732
8201
5437
1675
714
994
2621
3140
3145
7672
8216
6902
1849
6098
5580
6331
8514
3573
1723
9233
2221
3787
5724
3645
5055
8684
1936
5788
659
9849
8690
7140
307
5896
8602
3896
6003
9737
7726
4523
554
4918
7477
6716
9742
3593
6570
2400
346
9640
5977
8718
4894
2284
1865
2195
1268
7392
2246
6230
8314
9892
4298
3621
481
5696
6919
7598
1137
4870
8003
9594
4070
9136
7601
6051
2060
5449
5672
7191
8450
1272
7266
2260
8910
4342
3139
3235
4349
8241
7124
3298
1749
6649
2891
9017
4073
3671
7497
6143
2616
4174
847
8276
1570
7721
3294
9054
9112
8548
7962
7378
1407
5991
3994
168
4113
4333
6846
8226
6832
7491
8461
2101
855
7739
4347
6357
9376
4640
6531
463
7195
5444
3655
7711
545
4853
4369
4242
3270
9599
8708
8886
4644
4347
7972
5614
682
2388
5247
7490
9169
3322
4422
7603
1222
272
2140
635
5416
8480
2122
1715
6848
7486
6365
9342
1784
969
1005
1907
954
5598
2570
9480
3382
4055
389
1913
7055
6721
1112
792
4434
2507
2915
4319
8788
8474
5892
7969
1864
265
5010
4990
5289
974
5414
2901
3194
4232
8119
7780
760
8548
4881
874
4632
7951
2961
7998
4914
2950
2639
4649
1130
2953
1304
9533
5895
3790
550
9769
1473
673
3903
117
1292
3593
6887
7096
7228
3942
8643
6793
6595
8151
3307
4898
8574
6760
5403
6480
8233
3208
3190
6439
8986
9096
5000
2931
8785
79
7686
6345
3769
7387
484
8923
6267
6675
131
2603
336
6071
5652
3095
7777
9689
654
9170
7101
3781
2680
5444
9254
8602
5939
4439
7464
5613
5127
4338
5687
5059
3561
3763
1396
412
774
4181
9579
6239
7998
2706
6973
4384
5423
4625
4133
7055
8045
5072
8904
8986
1275
6477
4190
3218
4281
1822
6184
5051
6827
5057
2701
6844
6465
7437
2981
1223
1704
9479
832
3651
2828
5297
6436
8148
2040
1244
4418
9212
7484
2399
1044
4091
6186
896
3845
7010
669
5758
5469
8374
5686
3777
1079
1199
4484
5194
4208
8400
5807
5492
830
9729
945
5356
3451
6375
3746
3772
9869
982
2911
9138
8692
9741
1399
2336
2191
9295
4993
2253
9643
2946
348
4201
4201
2128
3477
9085
6346
4523
6655
8816
4921
5902
4786
7719
6054
3246
34
3060
7291
2543
4283
6047
5004
3795
3926
4706
8112
7485
8555
7021
8678
724
4067
8187
4182
3171
5480
2908
8390
9421
2283
8145
3253
4093
9762
6806
2744
4524
2236
2553
9982
5148
1090
9993
5649
7009
2140
153
1452
64
285
8452
1651
4831
2557
3307
7108
7451
33
2106
8425
6569
8552
7720
5174
9188
2532
5693
5061
9749
8499
8174
2923
8385
5258
3987
8870
9948
5901
3338
9398
5755
6925
2965
2198
4583
9726
4990
8966
3021
5924
8570
6021
3139
490
587
6896
2117
4830
5792
369
9069
3212
887
8374
2577
5238
8563
80
1751
8285
5721
2708
4099
2494
8803
5778
4176
7132
9543
4671
4253
9509
4050
1025
5775
2628
4782
6134
4453
2339
3171
66
1257
7163
9290
5731
9218
8666
4556
7650
8374
6271
7096
2393
5996
5492
3172
7995
9951
8473
5291
1444
5695
3449
5877
3375
3922
3675
8372
3534
6456
3720
8058
9753
8252
6611
7448
982
7350
5274
8050
3105
7277
2216
2430
4104
122
1748
2395
1206
5911
8761
1886
7978
2103
2019
8471
9315
2271
2067
4610
9306
3922
95
4890
5916
9002
6873
8440
9474
7170
1066
4841
1567
5921
6987
1597
4182
8368
2160
7051
8406
7693
418
5971
9843
5400
5895
7164
9585
9002
319
9707
3951
2950
1982
8933
5246
6184
2929
7595
45
2282
1807
9076
387
6021
237
3482
8808
2691
4462
6746
5407
2083
2965
430
6100
7815
9049
2392
8590
9624
8500
4244
1361
5401
9383
3584
1540
5992
5358
4968
4346
2689
4251
6697
1534
669
9634
1912
96
7336
2449
1483
5014
7823
7081
3636
7553
9240
9581
6206
8126
5532
5558
9088
5189
4975
1216
6943
657
2449
5317
4113
236
8460
4804
6699
3126
7085
2638
7019
7315
7872
9228
914
2063
6421
7648
4041
2686
5359
7255
1860
4915
1946
9768
5892
8541
5740
1420
823
3865
1252
3770
778
5784
3999
1325
1918
4719
8714
1828
8440
6805
5618
4422
2083
3164
9655
3871
1248
5119
815
1324
9357
3652
8678
7983
8324
4109
7763
7231
6458
8561
8151
4352
7096
3811
2990
4250
7382
2668
2951
9128
8403
8777
3456
2544
2210
9203
3579
5690
3246
5223
7741
4110
5837
4658
5685
6703
7059
7627
2362
8606
6990
5357
4028
6028
2030
3263
8541
4511
2903
3729
2681
3584
9359
6469
688
3583
8211
7128
3668
2660
8358
428
6621
5827
4761
8947
634
5595
4693
9178
9043
1691
3125
6191
1930
1953
977
4913
6703
8881
9589
611
8034
7086
1633
5004
100
6520
3017
8958
3766
4674
8765
2512
627
9742
8979
9659
314
7304
1455
6766
6659
7100
4756
5294
674
3668
5269
2813
5193
3058
1413
8469
6552
1895
3724
9777
9600
9630
5114
6441
9830
5143
5094
7113
1475
3043
720
8188
407
8073
6501
5034
6125
8452
3744
5627
5946
7033
5293
7495
9135
424
9881
652
1678
8814
1685
8202
6074
7380
8394
3870
167
1305
8118
5753
9568
5351
996
4941
3703
2644
1770
2723
183
439
9132
8188
677
2420
3645
3986
8357
1110
2822
4442
3305
2568
2095
5561
1908
5872
9819
7488
3181
3593
9632
4677
1199
6572
7683
9231
6541
8202
4946
4206
4723
4329
9883
8676
8311
2184
1771
7796
5359
7808
6272
1462
8540
665
4111
5044
6579
6758
3762
8468
796
5662
7737
5137
2740
5112
8561
1112
7469
34
642
7181
5270
3934
6403
6888
7253
6986
2168
5968
7536
954
2235
9137
7099
6628
8761
9309
4427
4168
8739
2477
7497
1578
356
610
2707
4605
3843
6940
7788
2318
5966
8917
3268
2666
518
6315
7250
3853
5034
3145
77
4168
620
3058
7994
366
7312
6105
7616
9307
2578
111
1399
146
8694
8169
4591
7233
8251
4030
9581
6291
8905
6762
7520
9170
1418
6466
3314
4038
9397
8245
7706
1903
2325
9450
6254
5739
2296
6364
7861
6164
2691
5679
4587
2761
9747
4093
6621
3799
5294
8242
356
8964
280
2864
4495
6873
178
3504
3465
2617
3404
1670
7098
994
4747
6911
1754
2430
2198
9994
3471
8534
1258
3328
71
148
6990
8081
9457
2276
273
7949
3286
2727
7438
7499
1078
227
8353
4553
7532
8826
9924
305
1667
7124
323
9892
8210
5020
5150
4151
7858
53
9036
5046
3425
8983
9179
6297
8239
2986
8054
8098
1350
4813
1648
4847
5238
8516
6109
8562
1662
8012
9536
3050
7143
603
1951
3326
5098
4601
6291
5558
7826
821
8667
598
3740
230
2863
1272
9739
5087
7826
8901
6136
1997
9937
7504
4694
6352
2521
7998
8483
2691
4245
1429
5883
698
516
9952
7975
6648
4137
5309
3459
9994
6620
276
4797
8180
2878
4148
7512
8741
5450
971
544
3385
8742
1425
1593
2683
8249
5346
144
5093
342
3574
2787
5766
9415
4191
5372
8734
6965
2303
1304
1193
5571
6755
966
7557
8443
6607
7691
8594
1712
3319
739
1270
3891
2440
5186
4602
4849
433
8888
8804
360
4913
2770
865
6586
2366
1261
7199
5499
2687
9158
1988
6229
3543
2381
4159
4539
6910
6296
8345
4666
4974
8356
7255
9691
7783
7830
4255
6452
9855
6863
7445
9455
1418
1614
353
3427
5825
6927
9070
4670
8066
8865
1873
4196
6997
8486
4372
4289
5622
2723
1214
3274
1347
1015
5489
5170
6371
8969
5152
6328
5345
2521
3259
1822
8740
2953
665
9572
5005
4757
3072
3571
6061
8701
6883
4518
6688
35
5529
4866
9081
3808
694
1494
7866
3089
1304
4013
1393
9742
1440
5808
7882
1787
9211
729
7301
3112
4428
9027
853
3203
344
5293
9506
1069
2702
317
3116
3946
5137
7921
4460
5010
1523
3664
2824
5716
5072
6239
7171
3691
6707
5264
7231
5688
3577
4805
9872
6670
3008
3923
30
9197
9660
8609
7190
6262
1718
3583
1886
1998
945
7315
2435
6638
4731
2222
6673
726
9580
8989
2814
2674
7518
6636
9795
180
3576
4422
3224
4465
8489
9751
1931
2552
7886
9666
2413
2349
1392
5582
633
1572
3533
3131
5090
3672
193
2131
3239
5563
6400
811
3782
5240
1875
6248
3786
5956
685
3391
9442
5027
4089
1749
5840
3351
4946
5397
4715
2067
5502
4016
4306
9294
7032
4750
9804
1443
425
8450
5505
3061
3890
1532
3886
4800
5256
7160
2713
4091
6620
5220
7778
2921
4966
3696
5442
4030
5789
9645
4963
5855
7654
9671
5900
6722
487
3039
1767
2213
7431
1697
2480
5882
9588
8341
2508
9312
4272
177
2532
8157
6536
8459
7932
5111
2034
7051
6165
8914
6851
191
1851
6339
491
1705
5547
2579
990
6067
2597
5840
3487
803
9706
7550
9786
8265
1299
1578
5070
8853
765
7454
2086
8357
5764
7056
3347
7788
4347
3158
9656
2143
9862
6388
1633
7016
1412
8790
6640
8526
4892
8521
6741
2924
6258
979
6202
5101
9750
2131
1257
6809
2938
3187
1562
5736
8542
3066
9436
3686
1130
8078
9599
2096
5943
2150
4380
6362
6234
2254
5746
7378
3694
4804
1822
31
1853
4431
5222
4628
6603
4495
9378
7281
9087
4815
9895
7704
1678
3671
7153
4733
9110
478
7533
5142
5764
589
4320
7266
2034
5823
2200
1222
2129
5780
9597
6818
9390
5893
2498
4147
7412
193
9214
7553
3119
3942
8578
9224
5128
9148
7479
5877
1826
251
7349
8998
9743
2957
6114
2852
5871
6781
741
460
7607
2447
2070
2680
1370
3945
9172
9485
4310
863
9874
2110
8606
9197
3551
3709
2095
8173
7232
2753
6018
5496
1772
2740
1245
3577
4292
2883
7542
1005
7582
2009
8549
3351
1021
1365
8100
2592
4382
9031
8278
7275
6224
8906
2833
9590
305
9179
3753
861
2050
5303
1306
8745
6982
3603
9138
102
8956
6133
9962
2738
7142
6704
7087
5649
6118
237
6000
7981
2116
644
5494
1818
4654
586
1867
1704
1421
5076
1800
8705
3263
8010
6288
8819
3559
4743
3458
6376
765
493
1615
2752
8739
4885
521
5856
3381
4372
2419
9908
7052
1129
5131
1536
4703
3410
5648
628
7798
6543
1506
8893
637
7086
2869
8376
7202
9301
3553
3938
9067
9823
8042
1308
1271
6445
5110
2250
6639
1214
8656
7225
2024
6697
6889
7456
1784
5719
3285
4864
2322
2174
3529
2005
6176
5223
6207
9807
3884
6241
2163
4378
8507
1247
9854
6664
2326
3644
1324
4129
3798
3711
1260
609
1788
4233
1603
3408
363
3163
6478
382
9795
1813
9874
5725
2970
4105
8289
8569
1256
734
4556
8562
4047
8369
2623
5690
2581
1093
5070
5562
1776
363
714
6527
1117
8013
8079
6658
5533
9828
5853
1349
7677
5129
1329
9352
7824
5560
8064
5948
2603
6321
8320
239
4605
5753
1410
2854
8264
4861
1327
3289
1520
1046
7454
455
5535
56
288
9930
4915
3412
8264
5542
9317
9406
2682
2443
7031
9401
7919
8187
2457
7021
1730
2997
1447
2971
8106
7534
5267
631
1877
8033
5338
2452
4333
7518
38
6750
2425
9582
9072
2657
515
3607
815
823
2129
4250
641
9086
2115
5978
1237
9463
1832
4167
3315
859
3420
664
4969
1800
3666
7400
8099
2953
5594
7095
4101
7348
7296
9057
2264
6125
9585
2187
1199
7528
346
5529
6932
428
750
5869
8724
4962
5812
6811
9140
7341
3435
5223
1711
1219
331
7584
5069
8842
4874
9318
1025
8734
2423
6486
2527
7694
7398
8998
1768
1862
921
9260
3731
3527
8391
137
4794
2435
3723
403
1006
5461
2700
528
7384
6525
5300
3022
9294
3769
9840
9999
9918
175
5843
8514
9385
822
7623
9085
511
8837
9633
3734
4403
4227
2688
8577
5338
7742
33
6771
3894
5447
4594
374
2265
1818
8049
4853
9128
5787
9504
1223
5663
7180
1512
2040
4667
8459
9719
1251
9335
8232
504
6444
694
3141
6845
8761
4505
2918
7467
3921
1070
9111
1873
3213
4854
9277
5462
5563
4369
4884
1695
2129
6121
8856
7098
9230
5287
7264
2187
1900
4613
5780
3392
5746
8481
3503
4786
6454
1307
7247
1435
3344
2620
2745
846
4297
6883
8074
2007
9602
5372
8249
2384
769
4479
4504
6797
1510
5619
2056
486
2828
7709
4316
1198
5084
249
1062
9220
5307
8771
2814
3109
8739
5155
3297
1132
4447
9219
518
7592
4783
8878
364
584
748
3430
8175
3829
485
9122
809
3212
2776
4354
6725
1191
9709
1537
3615
6999
8604
7590
951
7679
5519
1831
8452
1888
4434
2123
9013
6941
5190
5065
8258
6042
7173
4626
7874
3494
5007
6728
8230
2818
6451
3066
7906
9709
3946
8589
9996
2781
3934
4072
8701
1244
904
4492
7284
7133
1398
7214
3082
7721
8378
2131
5232
2507
7264
3351
7444
9428
9752
4617
579
9307
5553
646
9480
8165
2839
1729
5890
4588
4371
2588
2404
9248
4673
4358
1302
375
8175
6497
1801
9122
7745
3982
9608
9197
5809
5896
3786
4066
4547
5913
8387
9292
7399
9309
5402
659
3528
9121
3686
360
3537
5031
1425
5310
5103
9306
5807
7395
3714
6744
631
1066
1069
9104
4800
6087
6221
4041
7831
5142
3318
13
2988
8024
9880
6545
2893
187
881
6258
2794
6404
6348
6653
1704
4428
7447
634
945
1844
9234
4710
2968
7526
4227
1596
7098
9146
6311
3872
3552
7202
8371
1240
1889
1379
6856
5543
4405
9984
1093
294
5780
3204
6214
8913
7564
4684
5706
7372
2145
8319
6291
2048
5151
8587
8247
2438
8428
6701
5203
879
4249
5515
7006
3373
3494
5282
1771
2946
3957
888
5897
8355
4950
4061
3477
1288
6994
627
3311
883
6468
8119
3290
7530
529
9435
716
5763
1288
4929
4149
4939
645
4182
2525
7154
6895
7912
4278
2695
2625
997
1089
1628
2182
9202
4876
8454
5309
5157
4377
6195
348
9648
3082
2615
1825
2571
3239
6165
5140
9756
3762
4151
2616
3797
1330
2587
7488
3818
620
2490
8526
2301
1201
4245
3542
6504
6832
894
2162
4838
3867
9984
3135
8111
775
2444
548
7887
9597
8322
4034
7073
6093
440
8951
5213
9715
9882
2125
5403
673
4702
6768
3250
1068
2546
9036
258
8131
4533
8692
3850
5642
9742
2015
8775
2629
5709
9293
5962
895
8589
3800
3941
7851
2258
4518
5554
4977
6964
2922
8079
8746
3432
7546
3706
23
72
7275
6548
9947
2846
4632
4885
2106
2434
8274
5885
2457
7117
2033
8290
484
666
9657
2587
8206
2568
9112
9384
9059
2782
9531
8331
2794
9660
4208
423
6630
8345
6903
8691
668
9886
5297
6923
8094
2447
5754
676
1814
2513
5412
1658
2206
2429
4200
2680
2460
6767
3585
1314
1788
6363
4788
4498
9285
781
4999
5854
3213
683
5779
6323
9128
249
1364
9008
9068
2681
2541
6801
4992
2813
9912
3109
5715
2106
2299
3695
9352
3051
6839
1878
415
5327
3289
8585
1887
944
7347
1011
3760
7201
5973
7382
3477
8195
421
8199
2726
3172
1198
4038
507
2484
1092
4473
8773
8581
821
1908
3287
2847
6443
247
529
9198
1455
7267
6749
233
2311
3530
6082
2031
7456
1042
3846
1007
231
9878
3985
3668
336
4698
7388
1435
8922
5704
2968
2675
4330
3836
204
8160
1075
344
9606
7580
1592
5685
7010
1131
8872
743
9240
2553
3016
4347
7952
1378
1198
3167
9600
1981
1225
9374
9846
1318
9774
9559
3714
4439
5742
650
251
3442
6451
4622
9233
3261
6377
433
4850
2891
3657
7005
6982
1779
6464
7220
6981
6047
9599
4120
5465
9940
6540
7160
5678
5368
293
8731
821
2373
2821
3634
4920
984
3198
3934
3624
7350
7462
8990
3714
2236
8879
5090
8336
3698
7470
6465
7931
1451
3534
4019
718
9579
5101
1564
8710
3478
8499
2550
790
9473
5170
6969
5576
583
4585
8842
5853
5690
8963
93
5236
5620
4765
9128
5977
9880
629
966
1637
8458
7070
2741
5348
3416
5103
7229
3908
2692
1115
7917
4137
7679
6123
6019
3741
2851
648
9607
389
2845
2373
7045
2831
4165
8312
3509
7159
7291
7513
3177
7384
5056
2515
4530
271
6718
632
607
4764
1989
5554
9796
6194
9027
531
9427
8190
4095
1357
5849
6180
67
2702
71
4436
2995
2884
3195
2540
3710
2958
5323
2263
5296
9939
7886
8883
9265
315
6839
6992
1550
11
9582
1316
1682
4878
5773
1084
1072
655
1236
4013
8944
4292
3369
5577
5827
612
2831
2988
9765
4328
5682
8870
4431
1167
6925
1219
4645
6428
6936
870
5490
5258
3985
4900
4430
2224
5797
9981
5674
1408
6092
5509
920
9609
4990
3472
5833
108
6326
8749
6820
4075
3089
2345
7600
3869
8739
4996
799
863
3062
817
9895
6565
3536
7990
5117
4061
3776
9012
6656
6644
3140
1792
7088
418
1275
5920
5417
625
1570
4817
2416
1755
6109
2101
120
929
2227
7370
9041
6824
7638
2549
9855
13
5262
4286
7666
2538
5410
2965
3063
5360
4818
6498
1834
1124
9667
7578
5910
582
8344
7870
491
5564
5033
2893
2267
1662
3747
4649
689
219
7964
2327
8974
9769
6881
7856
8321
3113
5678
3509
4818
5544
8312
3055
7020
4353
1483
3860
4293
4433
3244
4678
3883
7923
3002
4229
7420
3049
709
6245
9458
428
9946
8922
4361
4330
2315
3247
7903
9471
6040
9126
4071
6239
5692
1706
8937
3439
3062
6689
8073
243
4145
7613
3363
7874
8195
5473
6592
7270
3759
9281
3224
7935
2071
5106
8548
7383
3329
7248
7742
5216
9716
8015
1816
6010
6480
809
2149
2416
8760
565
8136
82
9805
9881
7063
8478
552
2934
6315
6423
9603
274
8855
4168
8340
99
4195
5874
727
343
7988
3232
9015
3057
9865
9500
6137
8814
7188
3866
2198
9685
8675
3954
2643
5948
2923
8187
510
1703
1024
3683
7014
1932
7347
907
2407
2226
313
2559
8833
9688
2419
4659
869
5986
9039
5801
4156
525
9467
5344
419
2532
1713
1942
9494
4411
579
2749
2264
6777
7044
8924
9836
9731
2033
956
9860
2786
8443
7667
7779
3798
4561
7294
6993
7269
8110
5862
3723
6748
4876
7989
1587
7654
3972
2611
7307
1594
3444
153
5402
3518
2827
662
6809
4682
8852
2031
6029
5416
3180
2321
5425
391
1377
771
7791
5310
5322
6295
4523
3613
8493
5615
2075
2191
7393
6908
3031
2989
353
7041
1065
8220
4568
4358
6513
214
639
1913
3976
1254
769
142
4383
2413
6376
2247
7236
3009
6198
1279
2511
5429
9841
6913
8031
2660
379
9270
8700
4487
3757
3578
5529
9894
7008
4320
4664
779
7128
7756
7049
8786
7582
3310
5025
6285
1112
1567
7843
2819
3799
8979
2013
8024
4908
5439
7970
248
8903
3284
2351
6989
1950
7081
4796
8513
3255
1975
6530
3757
8019
3965
5139
4767
6534
2340
1706
90
7175
7741
1216
3751
8096
5239
7496
1018
1202
9884
9160
2831
5641
3611
5076
5267
6071
5040
2841
832
4512
2207
9810
2960
7298
9504
2938
9010
2574
7493
5104
8697
5623
5863
5856
7698
7798
5437
4019
5310
3080
4958
1253
9870
2613
6110
6735
3037
2093
1381
9089
8071
9520
7949
878
6375
4154
5786
1763
5789
7050
9428
8581
8575
5838
9919
9718
6886
4813
796
68
1130
5648
7016
1006
5656
4558
8002
9444
4863
4754
346
3210
7658
4971
3781
536
2807
6080
9405
1617
8982
8318
5141
7966
8846
4783
9691
3687
4169
2232
4726
3645
9536
2464
1246
8839
3681
7704
4218
7143
4396
2012
7269
6439
1293
6452
1306
1382
52
8695
3567
6009
3825
9469
6670
5360
6506
9198
717
4262
7279
5773
4575
9812
3668
987
9140
5539
4893
89
4731
8347
9449
7789
3320
5613
2485
4016
17
2794
6434
9395
8946
7694
2528
5003
7904
7293
5993
2672
9291
1752
4970
493
5180
5131
3324
1013
2798
806
4241
9155
5497
1334
5978
5243
4313
1855
7829
3811
1693
7529
4820
5960
6891
8245
9097
2862
7826
1386
333
7655
7943
383
6192
4751
7809
6263
1162
6962
9648
8293
5696
907
247
9802
915
1033
5498
3986
338
560
291
5127
5535
8170
8415
6784
4479
3512
2661
2891
171
4937
295
9458
6676
4837
913
1004
4947
2454
350
7075
5566
9860
4953
6381
4727
108
289
2809
8399
9884
5366
1384
2567
8845
8224
6886
9031
5341
3648
2435
3431
1705
4638
7235
9370
4020
864
1582
5067
8742
9820
7732
6992
5267
5972
4849
4587
2438
7681
9177
3136
2282
5579
3696
7728
6950
5492
2760
2611
6163
5476
9064
1221
2603
9711
8566
535
8751
851
2161
8086
708
4142
4045
3673
6252
3564
2907
7395
9325
6429
9412
2345
608
7493
5299
4590
8359
6014
8204
9289
2908
6696
13
3304
7491
3680
5391
2382
6571
7870
2376
4632
5094
1544
113
3837
4034
3556
15
579
3539
1451
2625
942
3791
809
8084
8484
2342
3809
5654
492
2844
7278
245
6165
2197
7060
5443
8675
7404
7060
3193
5204
9807
5614
4037
1680
5898
7217
5777
3695
4318
3454
5377
8932
7710
1723
4185
9927
5702
5059
8937
193
1097
7066
4262
9824
565
1678
9221
5931
3029
8602
4199
5727
51
3524
1612
2567
7191
8326
693
2394
1857
7962
5546
3182
8527
9886
4501
7755
747
2423
9785
9355
8053
577
2130
7245
5848
2644
1658
8520
2651
6547
8757
3725
6486
1902
3754
9477
2239
2920
7455
7657
2064
3107
6240
9425
7895
3494
5867
8388
4570
6976
9803
7822
5652
9031
2382
4256
5153
9049
2869
9376
2994
2100
6953
8833
1021
417
4068
7678
580
3658
2723
1984
2448
8572
790
5359
5097
6216
7056
3861
2277
7140
5378
7358
5324
2383
1839
1116
5124
9569
7243
6359
3549
6816
3557
3937
170
8543
958
647
3066
7681
5924
3555
1219
6955
7680
1150
3755
9544
8824
3412
7762
4150
3458
4016
1407
4941
4183
2022
6085
2080
3503
2463
1889
8620
1214
6047
4163
8157
2586
1506
6935
3552
9352
1941
2943
8163
8435
5746
62
3209
2792
9107
5716
8170
2976
583
561
2742
6283
7890
5656
8426
3925
1694
9538
3147
7704
6048
2795
256
7454
5718
7085
8300
2577
844
9974
9752
978
7757
8297
2095
8962
9623
3071
7427
8079
2951
311
7342
558
4499
8945
8483
9122
8775
2371
2370
7351
3591
2438
4794
3102
2932
3504
4232
3701
5082
1518
8542
5825
3925
2446
5680
7483
1843
6151
5975
8772
7637
3701
6776
2390
8383
1861
4783
9273
6287
7241
5028
5823
858
616
9120
6781
5506
6917
5849
6550
2852
234
5465
4101
3213
5922
9373
3638
6701
8192
137
9842
259
255
4697
4518
5368
6534
9394
3631
6584
1111
6102
7188
7003
6453
7767
3567
9827
3152
1251
377
349
3759
1693
9457
4713
9288
2172
8841
5799
6222
3453
1662
1655
3048
3156
3650
6867
7034
1104
4583
329
4659
3500
8825
1343
5858
833
7129
6187
9381
809
4434
3547
1887
9758
1690
5774
2421
8785
2151
7686
4662
311
4683
2245
3973
8030
9597
1524
1780
2285
3765
5075
9327
2969
3188
6410
8929
7380
8878
2286
4615
4799
7877
5040
4208
9600
9667
4879
8333
8191
5091
5725
8283
7259
4989
9439
6873
7146
3917
2846
6248
5117
6254
9659
8847
225
9304
8800
3048
6466
2610
9873
3835
5722
902
7105
2452
1496
9729
6512
3187
3851
3347
3858
9185
6525
6249
9659
5226
1181
4596
7607
2379
196
1397
4182
5976
1177
9240
9892
1834
9553
1994
8663
3668
4046
8377
769
3297
9320
5159
4422
3516
7641
8105
4903
300
2753
5426
685
3225
1722
6727
2929
8271
5446
9967
4711
7342
2197
9721
1659
9787
2435
7194
5156
6167
1342
8481
3798
9530
2453
2889
7812
8684
8267
4283
5809
336
4651
8540
3207
1293
214
4634
8737
4586
2824
9583
1827
3637
5784
8832
8697
7264
9358
7045
1565
7912
9679
1956
2930
3428
5443
9516
5934
8662
3288
8395
7204
4305
8911
2892
9887
6056
8788
3633
6187
3934
7212
5769
3068
5904
4391
2335
4402
7611
9492
9551
9509
5323
8276
6356
3146
4977
7942
9139
3720
4480
5602
4254
20
4420
8225
3926
6440
975
1849
2304
9570
4273
1223
2098
3688
6356
7877
491
7962
9106
6411
4156
3008
3411
8305
919
2130
3126
9827
6738
4055
6555
6381
6424
7236
9531
5094
7613
7398
1445
4953
5339
1499
8934
5837
7725
6715
9876
2647
8264
8196
7287
7222
2465
5298
869
8604
1023
3518
9176
4700
3502
2973
7598
7886
3389
3642
8460
1616
4773
3086
1615
6455
4198
2506
658
6131
2255
3207
5461
2784
5898
1861
1152
3880
5202
1296
356
2230
7729
5473
5898
1286
9451
5841
2570
3529
4833
9768
8218
5076
3618
1267
7313
8087
6452
2979
375
8123
8939
1826
7403
6389
3828
6097
8800
5799
8561
2125
3237
6646
1506
8864
688
6038
2603
8468
6614
8897
6743
3842
9769
1270
1529
825
2575
6542
6587
2218
2827
5435
614
5887
8298
1081
9852
9804
6124
6646
4101
3406
4236
2974
8324
6175
2558
6206
7205
1916
2052
3546
6165
7102
9630
7403
462
8356
4172
4928
8318
9010
2336
4229
6675
3251
7205
3201
4149
1049
2118
5017
8831
2901
4876
9698
6299
146
7752
1556
1194
5756
4297
105
125
7934
8059
7061
3476
7737
8669
4288
9184
3792
7180
4319
4678
176
2337
4032
8450
701
67
4836
8981
5576
7915
5575
6461
317
8259
7354
6512
552
4825
5218
9621
9383
3094
5833
6655
8011
4901
4995
8422
8680
3298
9627
7444
716
1729
3499
361
2908
3464
3275
187
8010
5962
7792
8653
7539
1649
8710
8523
6101
6823
1192
8719
2781
6705
9004
3091
4254
8985
4556
7236
7326
9302
7263
3024
5482
5610
2774
9932
6394
4152
6513
2419
2928
4624
6642
8863
2745
6648
9018
1917
4294
5208
4208
9665
5684
2082
8816
8613
6759
29
7184
7759
5349
9885
9853
1118
543
4048
2340
2336
1787
3447
3964
1220
7676
6431
1793
8038
2739
7195
5164
9389
4095
2832
3229
2973
7695
460
5835
9577
4137
388
594
3465
6947
4169
6363
8579
2046
3590
9225
3737
5042
889
6687
3663
8228
9979
5072
4088
4837
4126
8590
5964
9380
242
8996
1896
7892
8132
7983
1458
7448
8387
6455
6518
6666
9760
5227
8786
4619
9185
4026
7723
6084
6914
7102
6170
3483
8106
387
9959
1234
6165
422
5984
5242
4339
6552
4454
133
2060
1794
1396
8248
2750
3474
7388
879
4437
1507
8224
3610
5093
8043
4122
5429
2215
8173
2457
6982
446
3679
5848
1279
1365
1639
9389
4324
7878
8670
3483
9974
4857
9574
1540
3070
568
6840
5166
1845
7196
3654
9632
6640
9189
335
9194
1305
5610
2129
623
4328
4907
3656
2896
3601
3264
9060
6181
2694
1393
233
8970
413
6352
6081
8917
4653
4150
7724
7328
8642
3289
7815
7895
6288
6391
1114
95
5827
6721
8780
5792
4373
1767
5393
3713
5065
3852
3555
9263
9269
9734
9742
857
7340
180
3813
5419
4073
2348
7123
1957
1624
3200
9996
9672
5614
9932
6946
8012
7081
5391
5011
9185
9761
1268
5535
2640
1486
5836
4183
8140
9364
8329
5425
6139
1129
5081
520
539
9623
7117
2592
6019
8348
6437
6696
7655
6702
827
1336
8151
1069
8616
346
2741
8529
4662
357
5537
7042
8884
1860
3714
5447
2047
357
83
1574
275
6269
1512
5769
9966
6616
4892
1954
1149
3407
5865
3925
710
3491
402
9700
1520
37
8416
1416
3347
3672
2007
4378
6248
2478
6773
2834
1196
4894
679
4503
5543
8135
3511
501
1059
5039
2677
317
8555
2405
4033
5510
5569
8932
387
401
8540
2344
3847
9290
1437
3003
1752
1786
5228
8728
3784
954
4724
6225
4617
674
2679
3644
3595
2063
7135
7256
6466
7538
6851
3933
7619
9957
2866
866
3884
6362
1358
5224
9037
876
1032
9251
8759
4582
725
9496
2879
6594
6778
8066
1918
4569
841
2639
7416
3945
3031
9992
3144
2550
745
3981
564
2647
3995
702
4466
8273
2588
7207
6839
6945
793
4627
567
6274
3701
1601
9839
4734
5058
3828
1146
8321
303
4260
7923
4681
2142
2018
9336
8298
9649
6264
6376
4335
7568
9455
2633
475
6073
394
7976
221
36
7728
8078
4049
1666
9239
8731
2178
5362
8860
1505
9998
3071
1535
4928
6963
7530
1514
6473
6165
8799
3634
5602
8209
1558
8167
4501
1307
361
3046
4325
4580
4381
5933
430
7576
9599
7406
8087
4179
9548
2765
7287
7828
1772
3779
7617
7785
1277
9781
8302
7434
2552
3567
4342
2482
9905
9210
6586
1383
9616
4413
5105
7131
4903
9535
1372
2123
8304
7610
1736
8580
4421
7019
3792
6214
6347
1078
6173
8865
2603
6775
4203
812
6142
4147
7384
7764
821
5805
2844
7137
3107
5396
5792
3237
2615
9546
9756
5117
1449
1343
577
3642
1200
5372
9248
7689
9966
1163
8901
9022
4105
163
7795
6064
5975
4002
6845
8221
4837
1459
6863
1358
3204
3328
8055
7254
3745
9937
4227
5956
9087
8417
7255
807
2258
1425
2667
5585
3563
3910
5903
8596
8763
1742
6876
170
9318
9088
3673
3985
8326
2097
8198
4274
3593
2579
8889
2434
8456
9912
7570
4786
8916
5764
6237
3857
2223
1713
9588
7362
8772
811
14
8664
9541
1019
6632
4061
6991
850
4655
7218
5820
2699
3863
3633
6116
2947
5242
2078
3073
5204
3376
5484
2270
5820
2328
1116
8922
6893
113
9471
2191
5838
9687
8509
1514
6031
669
9182
2759
7450
4995
3910
3210
5812
3828
2638
4187
6562
6079
9853
2223
9401
2352
5718
1488
5246
939
5930
2345
1964
8468
174
6159
4803
8333
7079
8479
8749
4493
4626
1248
29
9097
512
8933
2689
9106
7566
2002
7990
4396
5827
1655
6058
2838
4851
3774
8636
314
6561
8973
8368
3922
3889
4633
1646
1013
8106
4791
9482
4797
3147
7040
9327
2454
1461
9552
3461
2902
8901
443
8385
2211
6389
8269
5435
8149
8936
9148
6347
4826
1636
7789
3229
9583
797
1807
516
2994
1099
5335
8570
385
4237
4985
6516
6206
2615
1569
3716
8802
6615
6907
5545
9162
566
821
2962
3
25
5950
5423
4558
4887
1515
488
1728
9733
4070
999
1192
1405
723
7072
8077
1358
881
3329
6452
4636
5865
7412
4875
8024
6407
8017
7589
4954
8786
4896
6066
554
7481
3693
8794
6527
1419
2804
7831
927
9299
9276
2892
3317
6031
2992
8245
2704
1483
984
5420
1335
2847
8758
2917
2619
1058
4156
6759
5861
1897
5036
5352
287
8207
4263
2147
5663
2899
9014
1480
6621
9353
5127
993
8853
1246
959
45
7080
8524
8542
9963
8093
6565
3281
900
6645
31
6192
5476
1004
8653
247
7735
3051
982
5074
3645
4763
4485
1410
5177
468
8284
1212
2892
7571
4181
5681
4392
8586
3014
5336
7444
4993
7776
2438
572
1946
9653
5584
49
5714
1987
6232
8612
372
9361
3315
6698
7047
5877
5867
5421
9528
8080
7264
6832
8402
1575
7097
5692
5721
8959
2008
3547
4871
9635
6348
2848
7390
3957
7040
7937
2220
5663
2112
1331
2188
7284
1244
145
4040
6697
2741
1096
9500
8489
8437
945
887
2665
9995
491
1883
1001
1987
2885
419
4083
3845
1878
2548
4580
6532
7833
1804
4180
9718
8408
1895
7380
8771
5699
4289
8722
8726
6029
6214
7900
3040
9764
3716
5407
5580
4763
1218
2426
5214
2341
4442
9924
645
8784
8673
9095
5263
8812
3560
5303
5468
8631
107
2291
9194
4598
8598
8039
415
6610
3992
1003
2662
716
3615
7996
7376
8238
3171
6149
4059
1936
7407
9018
8369
3268
7337
7984
4935
7934
7779
6908
5878
7539
6506
9911
9943
3358
2780
7018
5190
5465
2039
9532
6265
7150
3420
213
1786
6425
1442
2414
9744
2889
5318
7688
8140
6516
3536
9941
6127
6788
2418
1046
9449
1090
2185
9874
1884
6141
9622
9728
2047
5607
534
3170
2910
5933
4957
8302
5823
496
818
3130
944
373
420
6243
7755
8453
8474
5801
1755
8369
5143
9627
3929
1751
4540
4906
6335
1530
5672
1901
9613
9696
6507
5425
330
6989
3016
618
6658
8631
3704
1147
1950
9127
1275
1006
1538
9947
9386
6336
8111
202
88
6364
9017
1429
5607
5186
8882
7782
9126
7844
8837
1656
7528
749
7663
2947
4928
1278
9288
8754
8296
7943
320
3635
273
8110
8356
3818
9045
8559
2735
4962
3960
4000
2685
2242
6349
1215
7259
743
5109
1914
9082
9763
2610
3659
4867
594
4074
1870
612
1909
7398
8001
424
3870
378
3447
1509
9046
543
4248
8239
9230
3212
489
5642
592
2628
7939
6029
113
2184
5171
5249
7493
797
5581
1688
7039
4408
3053
3387
1492
4166
9020
6492
3835
376
8844
2058
1075
6348
7681
9187
688
6919
5051
356
6260
4542
2788
7083
7542
8019
6594
5726
6786
8844
1945
7092
4157
1616
2336
9296
5011
4971
5055
8847
5678
1137
1826
3207
3429
8863
3004
3039
8863
7069
8604
1742
8450
6383
3076
5195
4045
3579
1244
7587
9070
9301
3218
6362
320
2581
795
2024
7109
4731
3707
5989
9308
4825
3229
9071
2719
8094
815
2519
6060
3618
2286
9837
1438
3613
1097
6672
6391
2819
5684
871
2348
6730
8076
3117
5949
1484
5153
2023
1472
983
853
5281
3929
4306
8528
2615
4151
7163
4253
160
8333
9787
8485
5892
2588
8682
342
2126
9178
7263
7775
9148
5106
3520
7819
3731
4456
5160
7863
3168
6822
2326
9298
8665
6967
8226
4320
8914
4751
6698
9019
8732
2054
5643
4550
4919
8208
4828
4815
4104
7898
3379
3601
2822
8978
1003
9267
5583
1603
3197
1601
8407
7084
2075
8725
7792
2092
3564
1089
6645
2765
6257
2779
8448
3210
7462
4405
8140
9886
8580
425
4372
1066
4836
5118
618
4722
2046
1609
3252
3092
7295
2
6353
3062
5209
7697
8778
156
5620
1254
6787
3827
5426
9443
5584
5965
7137
8390
933
2313
377
406
645
3486
261
3177
8252
4116
8014
4431
3144
1247
1843
8223
9570
7336
9733
3309
27
4634
5487
9860
7665
4934
2915
9173
5041
3940
8303
60
4342
7127
4702
8236
1903
2219
3178
4919
703
5165
1791
5243
1326
2759
9980
2444
9341
1494
3075
6522
2375
4586
1424
543
5442
9098
3558
5159
5269
4402
4404
8380
5604
9050
9270
3629
5990
5444
152
9243
5448
2417
5989
9936
8170
5664
2766
2028
247
6708
1143
2461
5954
7521
299
4954
2715
371
1423
588
8081
5179
1460
7946
6946
1703
8342
7103
4030
1325
8402
8410
4698
3156
6404
5442
4320
1711
3838
8740
2979
5702
9716
3691
4784
7074
1172
6650
2560
7669
6244
9672
5290
836
3844
9
7877
307
6834
8309
7003
2475
8924
3256
8473
6138
7007
4517
9812
3495
8926
3080
6277
2528
1071
9254
7269
594
7184
2083
3508
980
3367
2528
5762
2513
4759
8702
7504
400
4909
9412
1025
3249
8954
8184
5051
1607
1948
9886
7226
6172
996
2395
499
9269
364
4948
6181
7892
4050
5112
2555
3540
557
454
8366
6900
1489
8188
472
1571
669
5070
3844
1572
8305
6943
6705
8318
28
2399
6229
2867
9172
3282
3134
555
9951
3000
7252
3548
5102
4030
5578
4504
4666
8720
8035
900
1702
425
3745
32
5204
9913
5576
3719
9508
3713
4594
1029
6198
7614
5803
7488
704
5760
557
4996
2524
2982
4550
383
1049
344
1189
6774
1634
6097
6899
2578
9115
2903
4302
8907
8327
167
7825
5391
8999
2274
5407
7694
109
6382
5023
1237
9310
8090
8881
5254
7590
1187
9055
6480
870
4668
4703
6256
9880
9197
4772
9572
2915
6186
6740
888
4090
9006
4340
5743
6830
8597
7039
4431
2500
1155
3414
8297
322
8900
3889
1507
3250
8529
5779
5140
2025
1531
4732
8860
4321
2616
233
6621
6546
4951
4614
2378
4144
2401
3827
5947
1886
2462
3444
7354
3248
9953
4450
3437
3966
8066
3583
9904
6724
6918
439
9454
2614
2252
1521
3644
1073
7526
5653
8658
8493
7058
5208
6359
5487
5172
403
4232
90
1555
8386
9604
4533
5101
4040
7863
4520
311
6287
1585
4640
500
205
1442
7442
1313
8162
869
1020
9723
6350
2214
8647
7070
2639
7553
9689
2828
9160
2873
3782
118
8382
5121
2023
5033
268
6986
5827
9576
6790
4106
8553
2673
4826
405
3328
6207
7890
5259
3942
6124
150
2254
6804
9569
2623
5502
4626
1019
7479
7890
2071
1851
5595
3141
9289
4651
7298
7371
4451
4904
3431
3311
8341
3376
66
5963
3732
7145
6150
1586
6098
3420
4611
8269
3096
4204
5451
4400
4176
9847
3218
9880
6944
9128
6974
2148
6720
8614
5134
7373
2973
7356
2423
8548
8118
1334
7866
5590
5331
9413
6977
1694
7557
3423
6536
3223
5016
550
6168
9084
1222
6595
7838
2959
9541
223
763
3602
1776
7774
8821
6133
660
8312
282
6572
7328
6453
4228
9676
384
8164
4024
4787
2851
5033
1033
1505
8263
1041
3897
2374
4983
7091
864
4841
5707
980
6549
7011
3741
3143
3625
2486
3596
2447
5379
4205
6121
9059
9366
7425
5519
5997
6030
100
3264
7486
5449
1742
4186
7362
6483
8434
7192
3611
6570
5981
9940
8957
1616
1946
763
6517
3311
6004
8537
3990
5847
2377
4131
8466
8274
8392
8068
8370
5048
1895
1503
6578
7438
4035
99
8572
1578
9380
5292
5871
3906
6188
2278
5772
5554
5181
2205
7820
3451
6068
5152
6577
4585
3526
2612
2728
8029
4997
5300
4504
6409
478
2597
3114
4379
9219
3496
2676
9392
7904
5305
3284
9450
5724
8981
6405
5628
4638
1656
6401
5938
9417
3060
5700
1693
5782
9021
552
5644
4189
3906
4370
4150
6495
2582
9737
5860
914
1836
4398
9196
7738
5489
4764
3608
5761
7091
6701
6772
4003
3232
6215
1366
6680
9017
978
5897
8750
7797
8166
3457
7379
3202
2917
9123
8412
7062
6338
3053
9477
9876
3821
1120
4598
1433
4269
5374
8717
2806
7000
3278
3198
4073
6850
6269
3732
7956
79
9486
8786
2639
1751
1442
7771
1416
4981
7971
3402
8505
6683
5738
1439
8114
8406
6176
7671
5461
5770
9394
4327
2769
9258
1453
2228
1078
8438
8089
6625
2408
6241
8867
326
8494
1293
7170
7722
1097
5542
3034
3181
5170
8888
3391
37
412
3981
9009
5363
425
3143
6998
8400
7417
422
7638
2777
2892
8759
4192
6628
5785
954
5785
7790
5191
1902
5268
4435
7608
9851
8525
1353
6070
8187
1216
6634
3797
5717
7783
6044
393
2072
6832
5310
5360
6593
5292
4929
5183
7881
3204
5441
5803
1198
1463
3406
4414
5469
78
4747
1338
4312
1280
434
9449
1673
5777
6882
6498
1475
2341
3879
2072
1457
7699
8837
5356
1551
7572
2592
6707
3105
3915
4042
1763
5491
8702
6554
4551
7213
4147
5541
3809
9939
1430
9308
3519
1671
982
4130
3574
7019
5856
7080
4075
7783
5458
3895
129
5123
3442
5802
3132
7922
151
5237
1156
8123
4069
9029
7253
7989
2630
550
3043
1150
4948
4955
9899
2024
8131
7566
5365
9136
5691
6644
7862
8989
387
6635
6961
5106
1033
9970
5293
335
1582
2790
2834
7626
5470
8181
8093
2278
1773
3601
5523
6205
3277
5555
258
8432
2796
7608
1651
7799
9514
221
9228
3063
3993
1762
8258
1727
1965
9310
8987
5070
2946
4128
2082
8022
3325
7852
2579
2085
459
2026
7414
2982
4965
6919
9176
9939
5765
6038
8757
9060
4275
5527
4179
7081
3592
9186
2519
7423
6435
5313
6234
9859
3929
455
4262
3345
9031
8016
8155
5575
2324
6390
7791
3675
3442
4893
9393
6229
7987
668
3182
6858
1367
1720
5341
2855
3635
9775
3525
4694
9262
9406
7262
8320
1110
9743
1188
8607
9712
3155
616
7007
9051
3208
3954
5792
7605
1895
5985
5258
520
1101
9938
4750
3725
1123
2767
9253
208
8412
8046
1032
8595
5258
8683
3146
4077
9710
5120
4982
2027
2986
160
9664
7878
8453
9571
5595
5989
8618
6571
1975
1321
1741
4838
9252
3686
2572
812
9367
514
7245
5416
2872
9222
6201
2132
2358
6449
6373
9260
9528
1452
4633
3605
1841
7576
6752
2199
3358
3604
9866
7620
3039
7850
4945
6893
3103
3609
6998
218
7186
9997
6231
2918
4731
1114
2176
7342
5863
6472
26
7518
4681
4264
8084
8140
6755
4053
3389
928
5677
4246
2716
2448
2501
9216
9788
3595
3796
2792
2743
5323
1689
6341
1037
3037
3844
6356
8273
4045
5089
6165
5712
7242
9454
275
6751
3944
123
9025
801
6117
6766
1840
706
6947
9839
1437
7074
6564
7431
4439
3105
3908
7744
3806
7427
2880
4456
2247
1857
8052
7384
2748
9356
4866
523
1232
1182
4687
2478
8304
7183
6535
1379
9941
9536
1601
8129
4134
1032
9949
9723
3403
8217
5689
8203
796
8414
9107
315
1719
6691
3593
5376
6865
7585
6300
5844
2548
2597
6899
6430
5862
7707
4012
6736
4874
4076
9469
9037
2096
1841
9
6805
3959
5507
8846
782
2355
1537
6794
6944
58
8477
7118
1102
1192
5780
2923
1804
1634
1335
1817
6929
5623
9610
3735
7018
1491
6057
5868
6200
3677
3778
5820
5064
7552
5299
9926
7214
4007
8913
3930
1053
4337
914
6296
8740
437
8056
6099
7496
511
5002
1509
9162
1047
6368
1100
8613
4451
3083
4018
9879
5971
3374
1034
8073
8682
3373
5302
701
7820
1057
2422
8899
115
1413
5195
1176
780
65
9881
4283
9486
832
6522
3917
4074
208
7872
7941
5774
4677
1443
2829
4100
1434
5944
5132
4408
7589
7762
241
8054
774
3922
1801
6241
4636
2762
6925
2593
3732
9520
3435
5236
3039
6062
719
2805
3710
1237
9213
9673
6940
2466
4622
806
1289
7769
5269
8350
5119
4782
8781
6202
4339
5811
6945
4226
7433
6554
9255
6120
4676
1004
5401
3476
3561
4275
2882
7722
3391
5826
994
8248
5061
7684
3662
283
3743
8545
2727
8305
7519
989
3525
5738
2876
6459
4399
2072
6210
2592
10
3269
1701
7217
8108
3331
5907
2590
348
7470
614
4968
1880
9870
4562
477
4817
4073
1905
4069
6151
2949
2632
7717
205
3435
1030
3488
7673
3607
2041
5741
5754
8716
6268
8772
4998
7236
641
2754
6319
3173
5303
2221
4978
5728
3112
8737
5692
9314
5282
3960
200
8509
4336
392
9497
6737
5700
1174
6817
2292
7267
7304
4972
7937
6605
1464
3980
7132
4903
4165
1553
7844
5223
8484
6917
3649
7291
5395
8513
7420
6727
7374
9791
5342
5593
6667
5518
7825
5850
3679
2251
4034
1732
6771
2051
4680
9226
5698
593
5119
5209
2713
7173
2445
4409
8433
6596
8197
8287
4169
1606
394
3923
6187
9728
3659
6520
625
7406
9965
493
8385
3149
5558
1312
8772
1506
2533
6858
2532
4907
