8659
9329
1184
2006
2329
8928
2691
3526
1560
976
3589
4985
8891
466
1622
5926
2600
4145
9282
4674
5491
9340
4990
9603
9680
4448
9134
2435
38
8318
8916
8653
1935
5294
2740
3735
571
5679
4291
4347
4724
1161
8029
932
8524
8625
7989
8658
4514
4249
9303
6649
4580
9106
7657
4252
8046
9902
6129
7170
3457
6774
4912
9091
7247
9045
5564
1713
4851
5952
9035
1381
4157
1026
5915
948
9259
8647
8030
9310
2291
4549
5283
9332
1757
835
4960
7251
3341
4071
7963
3921
2989
3375
248
2771
7818
3035
77
9448
7845
9685
2001
7350
9450
8559
5810
4047
4749
2504
6198
2335
4160
1674
3946
6373
8769
5219
1910
3532
8048
6029
5345
245
4815
812
8001
5842
3826
2820
3642
6337
9157
4661
5544
4419
5469
420
2920
7400
5046
455
2096
5497
8268
1756
4527
594
7238
9638
7391
6538
4156
8310
7975
4544
313
5618
237
9652
7131
6084
1529
7135
1863
3506
6852
3791
5738
229
1599
867
2683
4840
7744
8576
5500
543
8999
7982
1471
7841
1008
1330
3364
9508
9585
2200
4192
7044
7714
844
3178
6655
6572
7077
448
7920
2250
1615
6822
5606
3100
1060
5598
6864
8811
5783
6867
4951
1223
9452
5087
6120
1931
1383
6381
1148
9250
127
3081
662
1619
6767
2035
6281
8680
137
6418
3139
9693
5591
7989
3898
243
3808
4148
3346
8676
9683
8118
7064
6720
4642
2028
3213
3334
7822
8538
498
1359
9019
5462
4733
4597
4369
5673
2598
6689
2926
8018
9616
2481
3291
5530
8423
152
9673
2130
9986
927
455
8920
5797
9497
6036
2185
231
9893
1275
2736
2106
4556
1312
188
9404
8282
8997
1680
5545
58
6329
324
6699
1290
7534
6953
5279
5678
709
4586
6485
1168
6920
2782
5604
9477
4308
8714
2535
1690
8177
1282
2584
5821
8464
9040
9624
6600
1152
4157
5512
3049
9132
1197
9063
7421
9956
7000
8920
298
3911
3410
8174
6188
74
1675
1079
8743
1304
7266
835
6603
517
1541
2352
3398
6928
5284
884
979
1381
4564
4517
368
1149
5983
552
7885
5155
3656
1812
8176
4019
5004
4914
8918
9200
5044
6724
5828
8690
8663
5871
7451
27
477
6982
5802
6949
7918
4084
6733
426
3528
1702
8132
2111
2416
1714
9950
317
3167
152
9460
6669
9518
7444
1698
6976
