9687
7730
8250
589
5737
6217
1443
5289
458
1496
7997
108
7941
7299
212
4429
3448
7232
265
818
6521
2110
8468
4601
4516
1234
3908
9985
6034
172
6667
4755
4263
6392
7487
6910
5080
6081
5502
6896
7159
7728
9393
7952
7549
1410
7659
4264
2611
1271
9039
8513
1405
6486
876
2310
9188
9903
7958
9210
6590
5353
4529
5302
9723
3913
5836
7003
2479
3748
2200
9045
2391
2619
5236
608
8458
3382
3511
1492
4414
8828
3288
5436
9555
3213
5501
5253
1280
1602
1839
5906
776
5469
5766
5612
1656
1322
422
3782
993
5591
5542
5726
7676
1648
7464
6288
5631
3266
4122
1220
5114
3682
3000
4328
8590
6150
4108
2489
8171
1440
5860
8362
6596
9372
5293
9783
7938
799
1969
1444
5041
9006
3659
8366
6603
1921
6275
915
7039
7756
3082
1325
462
2253
7331
8761
3362
6949
8844
7158
9355
1853
3641
9193
1607
6170
2219
4318
2700
634
2609
4120
3813
4126
9323
3081
536
7218
2231
6046
9120
3671
6507
1714
9260
7618
8989
259
2211
5502
9282
3985
5602
9084
9569
8626
4387
8891
1939
5234
5707
3890
4250
6792
7649
6825
7963
1060
4998
2184
809
4757
597
903
160
6647
9353
9077
218
8713
6293
9077
7617
9628
9972
1362
9474
2904
8126
1347
5690
921
6947
3257
4736
2550
2999
261
8399
3522
6922
3718
4718
843
6755
6768
9533
3568
1752
7897
7358
1696
4621
2782
462
7837
6694
2610
2815
3392
2731
7190
67
6998
2039
4211
5511
4823
7660
8772
7305
4279
3512
5985
4056
2342
9372
7111
2567
6626
1902
5907
9709
3420
1357
2237
556
2984
7292
1505
795
910
1758
5816
354
2189
1100
7077
2482
7711
9045
7612
7471
8760
1027
861
7900
1192
7926
574
737
8720
5311
7558
5210
4481
8699
8518
2367
7327
7418
3234
5052
1589
7867
3165
3004
7283
6662
8323
4743
1410
965
7615
3301
1447
4240
109
1021
8038
2931
4218
7503
8110
9374
1191
1243
5842
250
9901
8556
8680
6339
8618
1444
7018
4038
313
9092
7803
4920
7120
3784
5619
9808
7587
7406
8155
5810
9477
6497
3172
2313
3119
4998
7201
9696
7417
4130
6997
8222
8582
4790
1671
5244
6620
6184
498
8723
3312
6927
5993
6983
7488
8811
9927
8282
4458
7278
101
7406
1691
2635
7205
2619
6033
778
5067
3417
9409
7412
2268
7355
2309
3665
3054
1032
701
5180
5823
407
2582
3056
289
8982
8409
9714
2178
5847
1034
1034
250
6840
8656
4847
7886
557
6676
8349
4738
8924
6659
6934
5756
9141
9230
6978
2515
7980
9505
3140
2053
7045
3680
4060
5048
6650
460
6146
5576
2252
7861
661
9695
2612
7162
4544
9347
6676
253
6821
1642
7039
7938
2938
1592
6417
5893
9805
4681
300
2202
6708
9994
3969
1136
8629
6689
3351
5023
8031
9309
3979
2817
692
9688
8933
5549
1219
2904
8418
3838
1622
1269
5875
5970
2629
6614
8129
4686
2933
3108
9052
9119
64
1952
9375
971
2322
2928
7041
9878
5693
9668
1098
3745
5194
4919
7215
1164
8717
3121
2621
6348
2451
3417
7311
1176
4203
2808
955
1853
1694
6297
4287
4306
92
8492
3811
4518
2468
2074
6219
196
7776
1986
796
6232
3963
7730
5464
8796
4816
833
1032
3564
4192
9417
517
2664
6879
6771
4738
2119
4908
267
5450
3399
8476
5074
1713
6323
2241
4465
6698
5934
6076
3067
245
2556
556
6268
7522
1776
3121
2254
6087
3424
2354
410
9113
1941
7815
7051
1002
6590
228
2222
8640
8835
6195
5557
4238
8775
2045
7627
4401
9079
52
6195
1689
4816
3168
4649
3186
5693
7316
3402
3486
3677
1340
367
3504
6579
3254
4979
2712
8343
4186
1718
8486
8586
7527
3707
8733
935
2891
8972
4645
9188
6366
4061
3213
184
1948
9646
8987
3143
4205
489
433
7224
1027
5692
4126
2007
4671
3265
5214
3863
1345
3864
7952
367
9274
5334
7618
7605
6159
5046
6506
8777
796
494
3491
8584
2803
7613
7954
2848
2640
8337
549
7795
1578
9573
9879
6085
6456
3607
9378
4864
8157
6247
5329
8551
7745
203
4849
2615
2510
5503
3540
2409
9780
9162
9649
3300
345
7005
2875
5231
4881
276
6460
7108
1029
5615
7342
5328
8579
8426
7670
9751
2274
1671
7406
4661
2592
926
5438
2463
8251
9147
5254
3880
4328
2149
730
7663
5443
9359
8537
7878
9379
2439
9884
7757
8537
6220
5432
6749
9045
669
9728
7217
213
1917
8875
574
3116
674
1613
7699
1674
2812
5620
1563
3565
915
3458
3855
7444
9529
8289
7337
5052
5886
8440
3940
7561
9315
1529
5807
4851
5974
9107
7584
474
7996
9803
6245
2247
4364
2979
7365
496
2328
9764
1030
3351
8759
9149
4007
4657
4254
8759
5533
8734
7581
1844
1564
8362
8997
4932
923
8255
6423
340
1834
2308
5336
4755
6495
7590
9472
3314
4011
7505
2786
1336
8540
3578
9574
895
7195
5853
3746
7006
9670
2367
6631
5652
6184
4079
9000
30
2340
6158
8677
6357
1073
4407
1685
9031
8671
9196
9378
5840
7176
6239
7118
9701
9921
682
676
9324
8607
844
9738
4075
8519
3361
6546
8156
6686
6124
3727
6666
2831
2771
6276
684
43
2072
9000
4794
9370
8047
118
8896
5551
4192
8577
7118
4906
5995
5573
1337
4728
5859
1128
7330
5973
6457
9104
2001
1377
4102
3038
4942
2063
2948
4423
7291
7418
3354
9124
1617
9331
1266
5887
8198
1398
2264
6110
3848
8747
8369
8108
6473
6920
5157
562
3654
8147
5243
8021
1654
8884
3152
3673
6140
5385
3140
2852
760
2036
8145
4141
4080
95
8984
9843
3974
800
1738
4457
423
2807
6416
6543
848
7508
8391
492
2508
9637
5035
8567
9374
2285
1359
5365
1736
7217
6663
7261
9382
7676
18
2536
9322
8834
9703
3652
8453
3473
9402
9975
4318
7027
4891
2656
6834
9664
3388
7465
2424
8737
3661
7096
8671
3695
4454
8997
4199
9802
6720
5319
5993
5525
4528
7191
1652
5887
3649
1398
9989
4764
7357
2938
3794
2306
5288
6195
3955
6144
9017
6716
1949
4504
901
4782
7325
8318
8009
6750
4669
5624
1844
2182
2694
6277
3104
5552
2514
8586
5707
9535
6604
5447
9334
1928
599
169
7865
8942
5655
2776
1840
524
4976
8336
4887
3834
8714
1662
8685
1587
9854
2480
4504
1389
3983
5183
2325
7159
5751
2376
5146
8481
749
5461
6042
8341
1728
9643
3299
9523
2563
6205
3672
8618
3221
2797
7158
7107
6363
802
8374
5079
4989
7622
9422
817
9450
3222
7155
7806
3640
2813
6112
9329
7132
1802
1612
7571
6402
3181
362
680
810
8273
1154
604
5791
4003
4680
5596
8677
704
8342
9985
5758
5501
6955
5766
3930
3936
1327
267
921
2028
7506
7603
2589
5898
144
5736
1153
7218
8627
9855
3200
4537
5301
2197
4147
452
5103
1208
6763
4459
9923
5746
8295
6473
643
752
3442
4480
4253
7858
2429
5257
9027
2251
1845
9593
1339
4823
1072
703
8144
1420
841
7786
9410
5353
5909
5287
3457
140
8929
5879
8849
9696
1786
5327
1706
6675
617
8826
8991
3749
6841
9945
8617
9804
8966
7915
5408
805
9172
1911
4149
5877
5049
4614
7887
3037
9464
1470
7616
8684
27
7080
7891
4702
9036
8067
4884
4802
6704
2354
1083
5018
4832
2208
3111
5531
934
452
7076
7349
4608
7951
5096
2444
3108
8898
4255
7060
9441
3101
609
3419
4765
8162
5037
8993
7872
3240
3109
2483
1196
476
325
7716
6312
3169
7713
8940
680
4104
3322
2491
5370
6891
1116
3222
9023
8323
5735
2322
4611
473
3464
9247
8571
9305
1732
1483
8747
9507
5408
2152
4514
7708
3408
6807
6402
9953
1386
4387
7647
2555
1286
4555
9012
4462
8645
7095
5420
4155
7706
4124
3012
5030
6905
8154
7018
3202
3947
1042
6705
5047
9867
4645
3701
774
5856
9832
5093
3715
2823
1572
3234
7121
6141
4681
4082
2572
9942
7907
321
4080
9325
3765
7861
1591
632
4881
7261
5183
614
1385
3317
9689
8056
4992
248
9454
4010
842
8467
7868
3277
2898
226
3502
9122
5898
2425
2266
6068
8733
6945
8276
3747
9793
8685
9664
7929
8856
6280
1109
1242
5189
2861
2397
2765
1563
6465
4168
641
9953
3473
4288
4558
6130
6996
727
2010
1505
8525
9436
8404
554
2032
5853
1952
6852
8766
6486
8799
4786
3023
120
6299
4905
6698
661
716
8651
5732
4952
8986
8578
8867
9585
9311
4040
6637
2350
8936
1763
546
3221
9032
2302
6258
2637
6841
1810
8749
7389
1952
3173
5334
3388
4075
3609
1907
2424
1418
8756
355
6226
6760
271
6988
9494
8212
2872
32
9032
3696
9075
8539
2570
5205
9901
460
5802
3633
7488
1981
9656
2734
3123
5505
2326
9504
9849
5402
9080
1003
3706
9796
5786
2111
7262
8065
5073
8625
2389
3745
2425
6407
7828
6109
4542
4431
6811
7600
7015
6765
5682
8708
5596
7903
7792
3317
9016
4734
3470
4067
6425
1123
80
3657
3108
5092
835
757
9734
1130
5685
84
1254
6352
9901
9243
2662
6346
2491
5956
6071
1455
2122
1187
5452
5653
6722
5812
6231
6376
9898
4036
3040
5798
9819
8696
9173
7418
4560
765
3626
2787
1386
9277
8833
2416
5887
4011
3365
7098
610
2635
2240
7998
8030
1185
7645
1413
8908
8212
5080
1682
948
1503
5793
3192
5135
1540
191
5046
571
7437
6945
2047
4808
2880
8191
7130
8224
4254
608
515
2468
7369
3253
2604
8321
6624
7090
3492
7361
3448
3997
3153
2189
2568
5359
749
3200
2721
8263
5387
7735
5736
9662
2292
7861
8354
389
5346
4627
2619
458
713
7461
1234
2010
3677
7095
2501
848
20
1702
5540
6443
5032
6027
7445
4398
2680
1362
1827
1473
8157
9225
5267
309
3109
1411
7702
4213
3949
8957
8868
1144
9039
8632
1051
7411
997
9909
2595
1850
1033
3999
8765
7927
7980
9457
5448
7635
687
6856
6671
3490
1937
5635
5602
1996
7749
4776
5391
4357
2543
1328
5182
3901
3147
9042
5062
9123
5865
3325
1103
9013
217
3583
1733
1859
3056
9283
1653
8114
7028
7863
8167
28
7882
203
5961
7476
4553
3894
5748
1095
9642
9426
1452
222
4991
3223
9833
2016
6733
4774
2237
21
8007
1467
786
4741
8344
6742
4337
6302
7309
819
9233
9284
9149
1461
2955
5107
8197
1217
6102
7505
5380
822
4851
6383
2848
2027
2887
4525
5924
5345
1504
3197
2599
6440
9238
47
3129
2157
4080
9020
2780
7440
9392
3823
1245
2451
3628
8445
5854
4287
234
7237
7009
6497
2103
5059
370
6338
7508
8446
898
884
5085
1105
7852
6295
535
9815
2006
2652
2710
4863
2358
5985
6104
895
8782
5627
6562
4837
2230
2370
8516
1721
9844
2662
619
5294
602
6879
5988
903
9308
610
2648
8774
732
5215
776
8448
5476
6375
5798
396
2399
7771
1805
9754
581
9712
7327
4960
6817
6383
8345
2383
5729
2841
3156
3205
9738
9239
9627
444
5893
3215
3668
9056
2121
3571
7982
6925
7078
9651
3109
8118
5243
2514
372
4690
1173
2247
2951
2289
2725
1338
1276
7837
4237
1902
518
4556
3143
398
2590
5313
9521
1312
2726
4370
8120
7526
1675
8420
2288
8883
839
8162
110
3386
9423
4941
8771
6930
5328
8925
2309
3959
7745
6902
7483
8586
4133
3606
164
2360
2511
3146
9365
1591
1010
3008
9182
125
4484
3368
3959
8091
7215
2579
9932
9143
8276
6797
578
9223
7148
5944
8853
1881
5660
2126
2527
7152
8436
6535
3095
9992
3204
8251
6628
506
8555
8047
4317
412
1486
412
3294
8496
6242
3230
5129
8668
8086
5288
8214
4986
7727
4564
1528
8021
6705
2792
8206
3060
1367
1141
9395
2323
5872
3960
6355
2141
7286
819
5850
6742
6972
4230
6298
1029
3987
1575
6152
4350
5065
7121
3188
5613
1487
1032
6276
3823
6517
5594
9420
474
84
4753
5355
4398
5127
4454
8437
2547
9383
3471
2889
3537
9906
9097
1294
5358
3831
5585
6495
1649
8465
9547
6127
1622
8894
1366
5499
1323
2442
9383
9627
2855
9373
5729
3973
9882
9997
8823
4110
4256
4561
7848
4397
7759
4916
3929
6511
6431
1554
320
4464
8313
7170
3324
3356
8136
6416
2530
7330
4908
4358
7715
4450
3614
1638
1273
611
5182
5959
6496
9891
8328
9033
1569
172
9653
9270
4010
8607
2125
3032
5753
2720
2490
3761
8759
1694
7063
11
7121
4525
2024
5772
6162
4290
8915
7701
2477
1930
6060
7495
7605
6056
9279
1619
9615
5881
8742
925
5007
453
3819
1772
9072
1172
4135
8944
2208
7082
5768
3840
5415
5761
8033
3520
4840
1713
5131
9292
4879
7199
1177
1683
4715
7967
7546
8834
5813
2359
440
7835
6510
9842
9837
1763
7064
9390
1797
4533
4842
8595
2302
6182
9991
9263
28
3974
2056
7027
1961
3183
4358
4628
8265
1358
6788
2078
2940
6059
1592
9916
3325
1302
3258
2876
4648
4752
8261
8739
5272
2067
7275
5469
9021
5151
4070
3310
332
2434
3992
2138
6689
660
6644
1038
9920
2956
2629
8297
3881
9698
7468
8778
7034
8561
2247
167
3630
1896
8941
6855
7283
5518
9158
7629
7354
7968
7015
8241
2471
8217
8331
1805
4104
5916
9597
4785
1906
1233
9395
675
5862
826
6260
774
3
352
3881
4870
8069
3487
9825
4414
5756
2347
1935
8278
9063
7341
8014
8044
4127
9150
9333
2205
8368
6158
6278
6480
7554
5009
7744
7296
1910
8760
9988
1748
7692
7864
9940
5437
5841
4808
5575
3435
4853
2284
6570
7420
8666
1257
3409
9810
9993
948
7803
5968
8799
4268
4418
5681
4677
7905
4897
4709
7821
5423
7553
7096
9848
7227
6540
1137
5844
6552
7811
5172
2275
2711
779
964
583
5561
305
9113
5945
2353
3311
1818
4889
4939
4934
3607
6687
1172
5147
6149
336
4100
9743
7094
8252
2575
4726
6757
9076
3123
4568
348
5194
1630
4886
9810
2848
1568
2901
547
4994
1497
4150
5261
4288
3503
7654
3717
8116
445
1920
9845
9138
3451
7857
4402
3372
8406
3348
7373
8981
9965
587
4518
7981
2775
4479
3704
1915
8356
623
7846
8346
6142
8596
5664
3690
8091
5269
9953
7991
2834
7430
9223
3559
5096
7643
3120
6220
1462
8763
7838
1961
793
2960
4839
7633
4661
3450
1436
4956
2918
7091
916
7971
5285
9309
1652
1722
4500
8968
7549
6541
5222
7264
4962
7699
9166
7922
2036
879
1906
3983
4908
8118
3595
5977
9252
2747
6364
1131
3906
549
4749
5494
690
9954
35
1877
9263
6629
5453
4178
8686
6362
6558
2817
824
2138
4370
8986
2001
3051
3070
7348
569
4031
2201
6749
2479
1260
8065
8054
2717
4988
2187
4779
7252
1114
7611
3665
4773
1373
3260
4343
1656
2194
9468
8543
3229
1233
4135
6630
1149
2098
2399
9023
1660
2936
2021
4478
8093
9739
5606
271
6113
6964
357
1319
8478
4513
2865
451
5800
6232
1586
9277
9455
9752
9510
7852
1781
5244
3618
9611
586
9113
1767
402
6902
1542
8531
5104
6578
7899
9009
8651
4083
3409
4398
7742
1956
7417
5625
8912
623
697
7798
4373
5415
4114
6574
7742
5285
6157
2919
844
766
9299
8188
8770
8605
6124
7353
8792
9330
5615
8517
508
9990
6424
6299
67
2954
4503
5559
5004
7643
8277
4410
6166
8388
2562
4746
9112
3441
1178
1034
1214
1851
502
8353
5812
4356
542
3289
5354
3249
1404
1894
5143
1247
9468
8784
5530
8243
687
4751
9132
5778
3311
2179
3329
5786
1581
9725
8510
2139
5318
6958
7940
9350
6868
8154
5706
8912
8256
6503
4409
2210
3510
4792
7248
4753
1937
5377
8712
9749
6613
7670
8978
8648
6219
2052
2141
765
1830
4828
6771
1610
9765
6119
8387
7395
7714
3339
985
9732
1671
8601
1721
3595
7872
479
6924
2320
2187
481
4833
8514
4588
7087
3716
9680
5229
3475
1979
7264
5635
5369
9645
1935
6780
5723
6542
6342
6244
5960
9606
3525
3590
3009
5551
1823
1407
5344
7565
6273
2463
4564
2168
9440
7177
221
4116
4670
3834
3313
2578
8249
5974
6217
3679
3184
9293
2716
3994
9907
2397
5733
4371
1974
593
3507
2143
465
4056
1053
9544
7735
6864
304
4337
3633
832
7878
2968
7959
5669
9381
3076
6394
7988
4081
8685
6561
6223
3375
1818
6493
1907
3415
8166
4827
3117
708
3804
5958
9660
8028
9746
6039
4866
5719
3602
5050
4885
414
2466
4174
6882
9041
3765
680
8337
7428
3451
2869
6131
103
8851
186
552
33
593
5817
1917
5736
2475
2595
5746
5440
669
6356
4234
5438
7676
9471
1931
9271
7320
9255
4166
9706
2346
4488
1664
3158
3693
2000
8367
6201
7097
1341
7201
1911
3130
403
2181
99
1423
6410
7533
8061
9983
82
3131
840
4726
1284
2632
8998
5644
8679
2979
5363
7463
1484
6807
1595
3127
7974
3494
6905
3519
6841
2993
8589
2035
5534
8617
872
7837
1296
5312
8695
8570
7222
6089
1034
3761
8957
2030
8608
2996
7666
4144
7697
4863
5721
4440
5655
7725
412
1196
5690
3689
9012
7550
7607
3554
4877
1710
8428
4488
4825
2544
7459
9156
8819
6600
8
1460
206
162
4104
7715
4250
6974
3240
6374
4931
1896
2799
387
6966
3830
5905
749
6080
5786
2185
4858
5940
2375
5955
7701
5481
7313
8531
3423
318
4381
7317
5201
2203
2423
482
348
1381
7267
7819
6913
5326
4011
8454
4205
5015
3798
498
8924
5762
6346
5640
3759
9144
4008
2336
4391
4068
3430
2685
6881
2394
8315
6710
1580
6888
5987
5842
8981
5655
8049
8927
3364
8781
6420
463
4383
6083
1170
4240
1676
5934
7938
9767
1460
8780
8470
3176
7299
8413
4213
9300
5052
9068
9606
5711
5866
4968
5160
6732
3105
1427
6127
9848
3378
454
5960
2176
509
4927
4174
4048
6849
4776
5397
2537
303
4037
9460
7070
3757
8602
5776
1324
1878
7750
2371
3011
8558
2321
907
8309
1636
8733
3278
2649
1456
7963
5275
4796
4779
7822
2637
982
7518
1524
8249
6244
5619
6502
4294
7191
9944
3613
2060
5129
9570
4815
9028
471
8429
9669
7552
3967
2177
4010
7716
7527
9537
4658
6289
4728
8813
3636
6195
213
7144
7766
6288
4956
1636
436
6848
1895
6920
7676
6796
9791
3251
5800
2191
8463
8203
7241
810
1552
4430
5437
3844
8182
9338
4445
7070
2070
5352
2214
2612
9154
2994
3810
5775
1347
7717
4113
5127
4162
258
3433
9782
2083
8943
2088
5000
286
7403
7425
5838
3627
5790
7435
7810
9081
5678
5170
2965
3036
4206
6615
8292
2609
8593
1947
9945
4862
6076
5700
8238
1947
4154
7529
4684
1831
921
7616
7954
9929
801
6865
256
5268
2853
8023
5827
5109
5074
2739
3835
940
2964
5244
5128
7845
7960
5735
8372
4658
6172
190
7177
5479
8323
2192
5747
289
2293
9366
6896
787
7554
1021
6116
9439
9703
1685
3690
5806
6265
9205
4740
3820
7359
4312
3187
4931
3468
2520
6994
3746
2345
69
5709
1001
8433
9106
2383
8868
5078
8829
2089
6786
8642
6537
5214
1776
3864
506
9195
2935
8840
5244
3540
1439
2049
1008
9866
9694
896
4691
4168
8994
5431
4205
3421
3222
7434
4819
772
4404
2562
4410
8430
8920
1476
8649
2401
252
1868
1753
1162
8053
5427
4828
8303
8105
815
7943
4751
3836
7289
8765
1978
4086
5722
4105
2525
562
543
2087
645
9509
3852
1296
8533
8921
5389
8289
3059
6950
9655
87
6764
4348
5756
5929
3512
1231
8238
6545
7304
3887
1419
2248
988
98
5574
3005
8465
9232
7367
4514
1911
6620
6120
4964
6945
9978
4416
9636
9510
1073
3533
7159
1812
7535
9706
22
6084
7459
3488
1603
4024
3803
569
1049
4593
3626
4047
8670
2638
4454
499
8072
9982
7131
1882
6617
3702
8351
9074
8312
9838
4067
6914
5837
6774
5619
3151
201
2887
3723
75
2176
5604
9109
1943
7492
8702
8067
8489
2671
679
7925
6666
2268
3646
9768
310
499
5257
156
9078
7311
4705
9616
3018
1694
3735
1355
7263
9028
8884
5738
1473
8940
8031
81
8506
2397
6551
5024
169
548
976
6084
1645
5492
6363
262
7104
7735
6621
5396
6001
1695
7505
8458
649
7485
1914
8045
5216
7709
7857
8852
8936
7212
2989
8371
6614
7768
2368
757
241
9522
2525
837
4083
2706
792
4985
7580
3800
4534
5404
2278
8314
5108
3622
8644
8415
1427
1674
4211
2294
9152
7149
8018
7092
1138
7134
4558
24
8413
7350
6246
7901
9235
1212
4846
4619
4170
3877
5614
5226
9961
6583
3802
9829
7595
3993
4333
7687
3718
7465
2094
3092
4182
313
1749
2118
4691
135
2903
8307
865
3383
9884
4743
5461
7487
2690
3668
3269
2046
8506
4530
3496
4858
8864
4580
5757
182
3385
4729
3880
8860
9285
7340
8135
6172
3459
7881
5698
3409
3844
8731
9089
4860
2487
6759
2583
688
756
5247
76
2425
4869
8020
2809
4537
8925
9803
6637
1441
7308
8986
7884
232
8123
6960
2374
7227
8146
7934
7158
4961
9658
198
2801
6458
1900
9918
5742
5523
9495
2929
5429
1561
3153
3586
288
9768
9253
4478
3310
8526
5979
5693
758
6497
5653
7829
1929
4745
8773
875
4416
1611
8412
614
3556
7619
3277
6546
3629
8686
2192
5278
9586
3889
4019
9619
831
4058
571
2689
1653
2193
5944
2503
8731
5498
1926
3998
1090
5898
6768
6483
1286
1170
6879
8320
8736
3565
479
6182
5608
8819
9619
4073
5352
8071
1455
2952
1740
4148
7875
2967
5110
6574
5640
9979
3262
5544
2819
6257
4918
6706
7334
7355
6331
8940
1654
7576
9719
203
1383
9215
948
9030
5523
7528
2731
1935
9753
1591
5450
5593
9186
8278
5508
1146
976
7533
2691
4766
943
5649
6968
8837
717
3510
3043
3306
2886
5602
4446
8417
9191
7936
1859
253
7604
4222
5998
2187
870
6468
718
8238
7132
7264
8229
9208
402
402
2126
225
7551
7553
2238
455
3944
2361
5603
1891
4450
8274
9705
5091
4965
8478
1227
8906
9324
2846
3383
7200
4936
4321
3946
2327
6692
5323
2475
491
3188
3950
3652
3301
6998
7335
666
5517
155
1655
2174
3273
4031
5484
6731
7158
9795
8412
8864
5409
5308
8078
9032
99
8580
4213
5316
1927
6719
2473
9547
2985
5416
5363
9368
6717
4905
3589
5041
4281
2058
1428
2024
8321
6816
6100
7610
6845
903
9822
8676
5240
3130
5088
5830
1271
4383
5969
1408
5347
5856
8095
5401
2534
4468
9975
5566
558
2652
4849
8519
513
7689
6229
53
622
986
2590
7560
9947
4675
7913
5309
8001
8682
5593
500
3888
4619
1451
2624
9087
2108
9073
8376
6244
5002
2142
4458
7212
5442
7661
7487
7192
3692
9054
1626
3125
4113
1597
4506
1782
3629
4272
9934
112
623
654
5912
6146
3438
4103
1706
7150
4230
8323
4861
9896
9776
4523
2321
7067
1295
8814
7695
7026
9270
4609
7514
7274
2168
8775
3587
9681
4775
9320
9036
4442
6542
5137
2020
5569
3194
9431
8801
6469
6643
3081
1068
5639
2776
978
2486
1374
2664
9064
185
3364
8477
4420
9961
9424
9571
7678
7065
3168
2983
7524
713
1795
8314
695
3069
977
5701
1074
1274
6872
8054
1815
9097
8276
7320
8680
2174
4921
9921
4655
6034
8608
469
187
3580
4220
1719
215
2942
9864
8320
6392
8315
6639
8232
7571
1799
2871
3041
6969
1015
6218
3604
5361
56
8067
3635
5728
8507
2226
8413
4807
6301
8444
5392
872
2645
658
1384
8454
6151
7179
3925
4585
774
7393
2444
4235
2358
5125
596
5586
5550
2784
7072
3162
1340
3064
5996
8927
5795
2715
5505
9827
5376
5451
7299
6290
8763
773
3001
4336
2104
9743
572
7450
8508
2846
8808
8418
2237
7809
9633
7665
291
5646
2015
904
5690
791
3001
6119
1049
249
4832
2361
8589
1232
9986
8874
3167
762
5295
4391
9156
3559
808
1680
4147
8409
4899
5036
8321
4014
219
7193
936
7591
7557
3245
7926
3925
6445
3151
6178
7039
7838
6556
5929
6994
5265
5606
5623
2149
1101
1423
2625
1303
2621
5502
5166
3224
8527
1996
7366
4289
9240
606
4323
9808
4997
4431
4404
7076
636
3753
2065
2978
2529
3199
8264
866
4292
2714
4438
5385
2568
1198
2177
1651
8911
8121
2290
6156
5584
8295
2480
7660
6027
629
5767
1805
1651
4816
3800
1354
314
9337
1210
9238
3146
2647
2366
2741
9311
5929
7536
6075
5443
7975
3481
687
5665
2803
9809
9820
7019
9058
5794
2148
5671
6577
4856
4865
7396
7029
5077
7194
9002
6307
4017
926
2480
7369
7502
5856
3175
3527
6537
7535
2515
3166
1469
6400
2297
7331
7073
7258
164
4751
8082
6462
1970
9302
4091
9921
1276
5474
8800
2264
4082
6108
9051
9551
2388
8759
5421
8581
94
6809
5542
3016
6827
5542
560
664
3386
1866
5670
1115
4734
4515
4562
5645
4271
7065
9619
6129
5150
2635
2669
4936
7013
8072
7066
4412
4253
6150
8255
8506
5113
6882
6442
7915
1472
1045
3799
797
3528
9598
4818
9122
2366
7442
358
6149
8546
7934
5764
4804
7534
2372
5936
5534
1911
1481
5237
1227
349
9274
3464
1186
8461
1718
8122
955
917
8605
5302
2114
5351
4675
827
5716
7047
7840
8500
6618
2367
6759
8819
5951
3665
4609
4524
4095
7516
6790
5277
2254
1496
2919
4811
8482
380
7626
8536
1453
6207
979
2433
8299
5227
8572
1108
9973
6381
3041
5807
2688
6809
1386
1106
9205
2795
2422
4902
366
3992
6048
8936
9193
3875
6801
5918
5212
1787
9234
4330
5685
1698
7131
6956
6429
2152
9981
2129
2377
2934
4377
378
7499
502
3435
3368
4540
5487
6870
1362
6798
3807
4253
9273
2178
6578
9515
3491
5397
3647
5648
6979
7575
3777
2329
250
1562
7026
3131
9351
8851
1811
5035
3322
9872
2361
3725
2822
214
6386
8823
4884
949
3109
849
7412
1402
8328
8523
6655
4114
9338
2427
2696
7414
8544
7089
6688
5175
2397
6105
8265
3623
2795
5805
2082
9010
1062
1460
497
2375
6855
3115
4464
9111
7055
7678
622
4984
6009
692
6085
8806
338
5252
876
5031
404
2887
2018
6681
1662
171
2011
1115
1535
4049
2600
6997
369
9813
1534
6244
387
7688
5433
5702
223
3323
2218
6622
9402
4281
4651
4581
9481
3761
7123
3693
2449
2127
724
5267
9671
9238
98
8545
8006
2333
4830
9581
2270
1619
1105
7313
4362
720
7540
6599
4634
5769
2668
1377
1503
3247
3267
723
4709
3685
225
4814
3162
8653
4874
1993
6445
3838
6400
6622
6722
2035
7097
2862
6785
3363
7772
6834
9854
4504
8261
6463
5556
8766
4536
7605
7755
3931
146
1060
521
8069
7483
6091
4916
7796
7223
447
1348
4421
5563
949
3271
7688
6637
9340
1343
2792
9893
9898
8870
1780
336
8113
1265
5566
5795
9709
7218
8655
4316
8381
3432
8692
9267
4107
3378
5338
4176
8602
3072
1890
7735
6107
2746
7120
4254
6092
602
8598
2031
1582
3140
8936
4536
3201
598
9052
8736
7054
9946
8064
3476
9184
3384
5623
4768
1296
4120
4929
5705
3692
1974
6486
3590
7620
7998
7727
8943
6896
3015
898
894
7569
3996
7896
9490
3171
9989
1148
3731
4635
756
2130
592
5875
2796
625
4259
7375
140
2670
3110
5595
9976
5815
5806
5779
6152
7737
5685
9198
5130
3775
343
3528
291
1352
7555
2331
5475
7666
7649
2617
295
841
3058
3065
4279
582
674
9611
3871
6630
346
522
7419
8392
1762
4653
4124
1714
4964
6905
3575
5105
3085
39
3613
9387
444
2157
5125
7844
8876
6684
4116
9912
5199
2262
5055
3707
4992
2137
2824
3259
3066
7805
4772
8206
8103
1878
7805
3886
9232
9781
3843
3725
3460
5329
2493
4855
6452
8654
7373
4851
1594
88
1890
7125
1450
5134
8263
9539
929
6941
7944
1714
8522
520
9269
9404
5712
6593
9311
992
1789
5031
6752
1303
3136
9915
5799
6494
5533
7297
4257
2757
7599
2736
1923
7331
9225
1509
8275
8083
8042
5531
9126
5887
478
3791
1268
5511
1009
2499
9784
3086
1918
2769
1715
610
7894
2697
5936
3638
8812
9145
9731
4461
9134
1161
9323
5253
6110
8784
70
4494
4942
8758
9924
1638
6745
8822
7155
4306
366
9183
2009
4794
6904
985
4977
8370
6505
719
9468
9473
9477
3724
9241
1616
1978
6470
3263
2496
3230
530
5446
200
6465
3666
8470
3498
4561
1778
3736
881
9212
7627
2248
3466
3823
737
4652
6523
4221
4160
7550
9540
7148
5774
5189
9041
6026
9404
5986
3289
7277
9214
4102
9574
6359
3909
9361
2113
3864
7574
8485
6233
9405
9385
3769
6144
7527
5311
6153
1587
247
7568
9195
3379
6597
4177
5549
5716
3279
8911
9977
2546
3422
954
3450
331
1221
3665
1865
6558
4083
3926
9264
6045
7912
2781
2159
9649
979
3382
5357
2427
7114
917
8934
3170
6979
5706
9315
5806
6991
3362
5112
2672
2311
602
1542
5836
7246
6763
737
6452
5989
2070
2731
1234
2798
2652
9775
7729
8137
603
3098
729
3098
8785
20
2821
2715
4590
509
1539
1869
2458
322
4567
5098
2640
3054
188
5398
9430
1725
6376
7876
4218
3036
8683
6757
7226
3724
5908
8363
4256
9174
5280
1003
3832
2968
7696
2305
2304
9021
4485
7309
9883
4299
1835
3644
6881
6758
2511
4114
2839
498
4415
8818
5798
8390
6572
5376
2075
8395
5982
2445
9163
4019
9893
1058
5696
7751
5735
8664
8724
5417
4923
2516
8664
6248
2848
9568
9970
2402
2266
5700
8210
8964
9483
2484
8079
7916
2474
8339
6738
1648
6579
5557
1118
8135
7851
8290
5115
6869
9085
8342
1614
5412
7830
997
1750
6493
5194
6700
8982
3542
8225
2163
1834
550
81
8974
6520
4500
4408
4435
1124
7182
6887
6405
4287
5541
1878
239
7005
9236
7256
4957
3826
1010
7916
2484
7865
4429
1500
4962
833
9783
3878
2960
9012
989
8181
7204
3028
1553
2651
3138
6340
8937
7389
3331
6257
7680
5915
3998
780
6027
778
5170
7077
2134
9392
6934
8244
8221
9532
6967
3783
503
8527
6657
9668
9004
763
8969
8665
375
8278
4598
9080
1542
2827
5648
7864
4062
8077
6033
4890
9900
9913
761
3433
7750
9367
8653
7708
5360
1772
2271
7452
7995
3728
5449
173
7912
5799
850
3771
1434
5166
7955
6657
3736
4051
7475
5145
8882
8945
3230
3211
6187
3047
6757
1492
1941
1396
1567
6485
1451
2114
3390
2228
8311
828
9932
5092
6308
2108
2259
1244
1645
5893
9948
3846
7028
1162
319
7126
8847
3738
489
1189
2189
3785
1212
7561
5015
892
144
2850
7969
3792
1495
7188
5295
9527
3102
2300
7781
7312
5920
81
9222
9474
6325
6713
8958
6357
9095
2101
7931
7245
4821
42
2758
9491
3728
716
8624
9746
7810
1928
7303
5243
6319
3759
8680
2806
9188
859
8766
1541
9084
6527
1816
5558
6242
9199
5369
70
9744
8664
6969
9677
7893
862
3177
5817
4694
3681
372
106
1851
6251
544
6519
5050
1545
9828
2876
769
6723
1908
1825
2588
7369
2231
4120
5127
2107
3642
3058
1086
1717
9245
7294
9664
3942
2923
6335
8801
6636
807
6425
4974
5182
2433
5256
8140
2598
9784
7277
3434
2152
3786
8838
6053
4371
135
793
281
4834
3988
8125
36
1471
9163
5717
7623
7174
239
1801
6439
2386
8829
306
3360
5158
1758
6850
3032
2442
5913
9518
4257
255
8277
1370
104
3681
4988
9455
475
1400
8059
6027
1192
7291
4071
6117
9024
8738
1369
2635
2202
1750
2186
7274
6788
679
3626
7961
8580
4953
8009
8914
4044
8636
3336
8687
7452
2727
7674
6813
2066
6385
6565
4671
4236
6427
9301
578
6014
7917
3183
3864
6687
187
5698
932
8894
8820
8825
6801
5618
3048
5838
8750
1758
9123
5992
5210
9091
7497
2533
3288
9792
7056
547
6959
309
7589
825
7505
5509
204
578
4102
810
2071
1609
5268
5858
6258
592
8637
9863
7945
7898
8101
5292
2007
4665
2143
307
5548
4321
2387
1515
9049
5324
2046
2551
2107
4775
4437
8330
6066
9049
7927
5294
6062
5907
5423
756
1701
9411
787
7446
4930
7971
1036
9017
5549
8622
7762
4638
211
7459
4483
342
2
3489
1471
69
3587
1875
8211
5904
5765
1077
4192
5393
6370
548
7416
7161
1776
2389
7413
1013
518
4779
4070
1321
9864
172
7366
6568
3362
2093
842
8806
381
8825
6951
9861
5152
7793
3342
3403
3238
5117
9366
3477
9720
5040
1748
1108
4904
3498
1928
7382
7065
1192
999
8928
5261
4118
3777
1367
2093
8676
2191
5966
7807
5622
8571
6617
8823
293
9643
6800
2524
4499
9755
5103
5365
6892
7974
6090
5104
3799
145
4958
6895
188
9636
8499
9552
5360
6550
6349
2056
1244
4692
8322
5739
7020
3565
6838
1546
5827
2653
2833
3113
2827
7700
2002
6332
8586
194
3582
4733
2528
9266
4593
2109
6717
8624
4884
7797
5520
4440
9295
2951
1097
1405
8246
2950
5248
6578
1775
654
4815
9528
6420
4322
122
1237
6660
2785
4239
2701
9300
1619
4520
7504
6418
8373
7262
2512
8682
3039
9591
7533
9233
7983
9056
7518
3519
5604
2629
3086
1978
568
8253
4225
157
9418
6259
1378
6647
3912
8447
8426
6880
7830
5796
5071
8374
7229
8002
551
7606
7587
5275
1671
2487
866
9059
2940
3312
8232
6256
4421
1481
6091
177
843
2078
9702
7995
9214
1488
981
8335
5662
6342
2025
2775
3091
2594
6840
3391
3753
2574
1636
448
7147
9332
3158
9527
3131
941
1911
2613
1371
5489
8843
512
5323
109
6586
5990
5231
4563
8924
5905
2988
4571
8849
1414
1999
9703
4906
1560
267
8549
6087
4249
5101
7677
6430
3233
3645
7530
4981
8567
8435
2294
1228
7548
2596
2061
4442
7
7368
4020
4626
2779
1657
5042
961
7268
9753
4764
1911
2848
768
9279
1760
2667
6417
3830
302
4931
7512
9612
5429
1371
1251
8555
7058
2570
2090
1379
5097
3987
1548
6966
8202
767
1591
512
7294
5478
1284
8292
4644
4221
8525
1265
8338
5978
5499
6515
602
6691
912
598
412
5028
2782
5302
2546
1278
9634
9377
7692
1181
8945
1598
6391
5522
2141
5895
4764
2624
1411
3506
9107
450
6773
2430
1475
6089
3023
9864
9863
6387
5208
9580
9326
1206
3751
9049
302
5725
8527
1341
8422
1993
3945
7328
15
7097
5500
6813
3503
3908
7244
5963
186
2131
9004
2042
9620
1148
2625
6952
6183
1065
9172
3187
8478
4630
3475
9993
1820
2921
2550
3707
3628
3517
8857
5424
9766
6279
8539
8325
138
4921
7553
7523
5164
4116
1031
1561
5372
8296
4676
3128
6064
8183
8505
8542
8369
7480
3175
9913
7551
3016
8138
6989
3842
954
6613
3185
6062
543
8235
1092
2705
2497
5415
8237
3053
5241
9609
1328
1133
7328
478
3660
9381
8899
9066
6321
5402
3935
1573
3503
59
2508
2959
6025
8475
2631
2913
6873
3724
3079
930
557
9146
848
1346
7983
1553
6710
6487
8178
5643
2505
3409
1048
1978
9231
7532
7744
4319
9008
7442
2109
6532
8667
138
7842
3100
5813
9073
9802
7877
2241
2483
2612
1895
5163
5238
5067
9692
1775
3604
7955
236
7031
627
7599
8515
2449
226
9904
9649
2110
5378
904
6127
6279
3342
1437
3033
9899
9849
3912
5612
1507
8595
7693
7005
9526
551
118
8099
1368
9124
840
7842
9325
9830
6854
5637
5564
3968
9492
9655
6798
8521
5764
1390
5734
3872
5996
3973
8522
1837
5561
1589
1616
3333
1357
6655
2180
953
8707
4136
8197
2732
9683
6193
7504
1983
5553
9170
8931
3211
8512
9283
1476
4507
9924
9799
4250
1443
213
3413
2681
3328
1952
3988
3083
526
8823
1602
7130
7456
200
6433
6922
2831
8459
5663
115
2882
8228
4224
908
4727
2985
8442
2755
1067
3998
7613
3849
6843
3564
2877
4666
7448
2864
749
3866
7009
2351
5258
2011
2463
1687
4273
4555
6530
8305
7646
2378
3251
5987
3906
4666
5878
1746
6464
8831
8511
8468
5732
710
2877
5155
4448
1937
2151
3838
629
9024
5090
5161
9466
1484
5260
9909
9084
9644
5176
8155
2994
2331
3222
497
6476
6417
5726
9183
1880
109
9145
3195
2336
3156
9069
7248
7315
9235
6211
2765
1022
129
3222
2906
1911
2304
761
5686
5382
9922
6326
6604
2881
1527
6287
2291
994
2148
1731
3604
2983
6064
879
2103
7525
7257
9117
7158
7658
3332
3134
8067
9662
5857
4128
741
757
7564
1596
7021
1108
3199
5854
8488
7821
6597
3858
7917
6936
361
6456
7526
992
9485
3987
411
2040
2936
8467
3961
3016
487
5405
274
8488
1251
7492
9711
1735
3555
3319
6736
1880
9560
4615
691
3722
8998
7666
9523
5011
6963
4465
1960
7528
3304
6778
5164
2571
2292
9219
8046
3778
9376
436
6015
5984
9245
6327
2378
9762
7562
3087
7825
8296
4913
5234
6434
2445
4689
5349
3288
9237
3334
4626
1678
8467
6564
2536
62
8324
2899
2448
9112
4555
7540
2247
1758
7098
722
9917
2364
4890
1924
2280
2277
5383
8543
5350
7848
6682
8344
4813
2178
5636
5734
3553
701
7508
2166
3473
7365
3350
9656
5982
4315
9849
7895
7562
1027
9866
1430
4904
9480
2658
3622
6230
4224
2393
3908
36
3386
6517
9375
7328
5651
2179
1527
4447
8071
9649
9969
6089
9509
5541
8103
6882
4860
7022
6060
5873
305
9621
9325
8367
4179
7967
131
733
4533
8274
3445
9730
2570
5025
619
3856
992
1830
8509
8850
2786
6379
7210
708
7665
2341
7108
1263
1789
5326
456
2976
5710
5310
8635
8211
8543
4292
672
4593
6218
4774
3783
995
8414
8131
8815
114
8892
2129
1052
7565
5362
665
7108
4310
5678
7579
9363
8697
3877
350
4974
4826
4828
8808
9892
9082
2946
2647
2097
2726
9393
6298
1436
4668
1641
1743
9648
8522
3357
3401
3944
9765
9625
7293
2771
243
816
4201
3144
3141
245
4642
6307
4869
8255
1065
332
5720
1136
2362
7337
2463
1646
5376
4330
7664
7984
7736
9042
7116
5861
5392
6693
4109
4669
7596
7533
9342
5307
8133
3639
8439
4018
7278
5738
7219
2781
165
8375
5343
3563
7969
3900
2306
7959
2190
3795
6756
4710
7091
8200
9820
6537
9708
9047
1690
8786
7657
4356
1709
9411
8850
9188
8465
4481
2437
6280
5897
616
7166
3066
326
2921
9665
5999
225
1438
7127
2397
6011
6447
9299
1126
974
5148
672
7107
1806
42
73
604
4354
4203
6612
8035
7386
5670
4092
880
3692
1093
5753
4887
1646
621
1758
8358
3474
8201
4559
9530
5257
2127
9741
6018
5813
3556
8464
3355
6992
603
4608
6474
7618
4136
5471
6344
9955
9827
4294
1255
1534
4888
475
3299
8045
9004
5516
132
8887
4826
475
960
5043
6635
2389
5485
9671
675
3264
9044
8850
5928
9569
2433
4882
6606
3880
3895
9234
8238
2168
3328
5748
6117
4327
242
2439
5560
7422
4158
1045
6437
3341
8018
1548
2757
7903
7821
7719
2702
8149
1442
6920
8533
1393
7622
2804
3057
3777
9412
9754
7738
1910
592
274
9663
3041
6713
1199
999
7113
6183
4576
4528
8699
1683
824
4068
6926
3574
8024
2057
4753
7082
246
4871
3876
9964
8381
2628
2688
739
9040
9323
4196
1243
9596
28
9661
714
9881
8381
9904
3204
7020
1757
9687
6201
3932
7289
4183
1275
5967
3480
4042
6222
8065
4065
1965
9944
4897
9100
3480
57
6471
4070
3893
9716
4757
6350
9471
6522
2634
3388
4537
840
2189
8385
5079
407
1276
3834
3437
4017
3856
4254
9027
3315
3453
6935
2625
6094
1859
9437
5245
2184
9428
6686
2126
111
8195
5306
5211
6270
8997
6618
2549
1576
5975
9328
9470
7648
7963
8810
7589
5051
16
5232
8816
8686
4204
653
1892
9681
6537
2107
6435
3461
554
8263
6402
7665
4617
1939
7110
8
1678
8762
2187
9335
7117
3662
5569
3418
6477
7565
5171
9774
4961
8818
4741
8913
7492
1800
9129
5574
2310
522
8174
6292
7709
5589
3334
5758
1386
6607
3331
2685
2666
6992
2045
458
8661
5694
9586
7928
4022
2408
2922
7677
7992
5736
7686
6674
8233
6811
181
1360
5789
8141
8882
1562
4098
733
3886
4617
4955
3504
645
3250
2892
4113
8304
4532
9777
4022
7782
990
7179
3086
1935
8797
6152
7126
4919
4691
286
7306
9484
6419
8996
1401
5556
4137
3916
1650
397
967
2465
715
3634
4313
1305
4448
8999
6218
6519
3912
1522
7248
8528
4867
4598
3778
8327
2591
8941
2794
6775
4570
9313
6421
2061
3362
823
5174
7104
8472
5192
7611
78
9139
8702
7592
196
6145
935
1519
1049
8488
9961
3714
9640
6731
6738
5727
4408
9928
8539
8137
8777
5262
8937
4119
6525
4364
5711
4806
7041
948
2723
314
5671
9294
5803
7074
8866
1977
7412
6808
7100
668
3007
2248
3335
683
8809
5688
9470
7285
6453
7718
295
2634
3479
6528
9161
4218
3728
3515
5460
5081
9777
9079
9200
4286
3918
794
3797
4795
2929
5001
3092
9302
3672
2454
2306
4006
1452
8962
4095
9578
5599
5811
790
7219
3761
9329
2611
2353
9710
6603
6651
6459
9095
9559
7293
7016
6124
3990
7860
6891
6132
2725
405
7836
5288
464
6060
8048
4578
9633
509
3818
3789
8166
1289
2075
4905
3073
3984
9493
9037
6392
8077
1838
6585
1565
242
7200
1240
8968
6144
1309
8782
2881
4851
8111
4
26
8825
5486
2573
2296
8525
7754
2291
4898
3332
3864
9443
6609
2963
4586
7154
7528
1899
1879
5594
414
3091
7082
3062
9062
7184
7062
8390
2528
1538
4934
2958
3000
9422
3986
3153
3755
7300
2830
1254
6490
3516
6717
7556
2312
5986
9620
8512
4605
8587
6857
2895
1725
2771
745
3594
6723
4325
2648
8750
9126
1046
244
444
2158
6558
2947
7764
4752
1476
1402
2488
4724
8981
4511
9792
2184
880
502
283
5597
4961
7992
3612
9055
4872
6578
4680
1923
853
778
9546
4680
7107
8044
7521
7168
4334
2162
72
6120
8562
162
3711
4131
6609
2545
8939
6693
8513
6901
7383
315
7008
1625
5972
7816
7268
6041
6469
7401
7843
4093
7520
122
316
4483
9489
2754
7761
741
3441
1337
8802
1337
142
2843
6006
1015
600
6260
3960
2613
5096
2906
3628
8318
540
3658
7981
178
8739
1643
356
5751
3042
1247
4167
3149
9168
984
8363
6191
5429
2679
1943
100
265
1263
1592
5317
5628
1817
7386
298
8290
208
1370
1038
7384
924
2597
2433
5416
5868
4603
3707
9204
8412
2518
3757
5459
9382
9921
2804
7733
1877
4487
4471
6245
1077
7530
848
3274
3559
7276
4983
1881
3312
3869
8250
8667
5552
4161
9209
2887
8752
6973
7149
9020
6148
6686
6873
2988
2225
2407
6568
5880
4392
1125
9414
4852
2896
7312
5451
6887
3234
5008
5586
1666
398
2153
6232
5530
8875
741
255
6100
7867
4157
7586
7836
4524
6803
2147
2225
5899
6063
2208
3408
5476
9492
724
6700
7076
1583
3786
8567
2863
3803
5197
864
9133
1539
1578
7689
6816
5461
7047
2931
8977
5951
3837
2104
8792
9018
8000
7973
2857
8271
7567
4034
8907
4522
6887
5040
1285
2378
6514
2846
6050
9825
6557
9735
9523
3038
7511
9083
6451
2453
8037
6328
1926
104
8034
8774
650
6148
8340
1852
6928
8667
938
1842
2116
4217
7889
3812
5831
9381
1398
6495
3022
5766
7365
7259
7955
3119
7808
8133
3257
7977
6492
3912
734
2539
117
6439
1449
9592
2738
586
6274
2582
5987
6867
6673
4214
8359
2556
3854
2469
2874
2766
24
4014
4299
1424
7361
6217
2523
395
310
3812
7089
5222
5005
573
6987
1842
9831
3737
9871
8148
9604
8148
3968
6826
8822
5525
7660
2332
4814
4509
2722
5537
4323
4061
513
6987
8449
7361
6859
6640
1949
7580
1448
197
5287
8801
8263
9753
9304
8107
2655
8300
1787
4426
8116
2346
8088
8363
3494
1208
6491
6802
5427
5050
1812
3958
1036
4542
3399
378
6420
761
3731
6404
7829
5179
8112
1499
3181
9153
6865
2834
2054
2888
4473
491
6276
2121
8619
90
9623
5477
2857
8423
2880
6270
3614
607
7872
4367
759
6088
2795
6617
4267
2783
6124
2027
5932
8768
3026
2926
6822
5505
7176
4042
1796
139
8419
6025
5090
2774
8052
3830
7884
913
1069
3552
5542
7866
5824
8865
1733
3376
8339
2949
5114
5698
8896
4762
127
4467
1177
67
9322
4989
7688
6728
814
5663
3333
9918
4865
9589
9921
1039
7929
7811
8814
2261
1967
3245
737
1544
1445
373
5760
8993
5251
9458
3126
8378
9165
1673
2342
8709
561
3931
3340
5206
1757
1835
4670
5837
7421
9738
4369
9188
6402
8593
8488
5889
1470
4426
3863
6488
2411
7451
7847
3697
5499
353
1650
5185
7003
2629
7517
9895
273
7277
5926
1718
2068
722
8995
1034
7450
4120
6249
4633
1484
6512
7838
7415
8918
9782
6886
3413
2987
5863
2938
1048
2934
9300
5304
5202
9339
3387
6371
1231
1019
2184
2826
2621
7414
8600
4006
1464
8747
469
7213
1698
2603
5555
6629
7932
6492
6837
9426
7684
4505
5485
5951
1707
5239
7823
1115
3137
1058
6720
6171
7630
6533
9488
9342
4032
1225
49
6062
4253
7189
7331
3761
3044
6308
3758
5199
5044
7492
7547
9902
1576
5962
5376
4202
5341
1410
838
4848
6594
8820
1479
969
1947
7267
9257
4484
1394
7408
2258
9756
2714
9211
5768
8793
2049
7129
5894
546
2050
4625
8700
7936
4836
5632
3572
7965
5619
3340
9132
5947
4633
6598
5637
8274
936
4168
1431
3681
7494
9838
9343
5862
4822
1954
5302
4584
1183
9855
3327
801
6091
2839
1964
3882
2030
9424
4157
1246
8609
7401
1479
1424
6618
10
6717
3961
2858
6025
8910
5881
2643
8681
4042
1199
1651
2557
1234
1972
2257
1259
3115
8049
723
6635
3519
9776
3769
1438
864
2688
6538
8668
6314
6611
1418
5493
7796
3042
8532
5849
8306
8512
3418
8884
2266
2523
86
2897
7152
2847
2667
3103
4545
9540
973
8273
6984
6472
1898
4095
1601
5880
2387
8793
5880
6743
5003
2732
1709
4081
2396
2717
8678
4009
1568
2803
2176
9519
9154
513
7860
4269
1761
1217
9234
2784
6606
5052
4173
3252
451
4117
7619
8856
4176
8405
1702
4465
291
9217
4476
1227
7827
6297
7936
7034
6074
9594
1666
2622
1564
6994
1154
1428
8600
3827
6916
2553
2330
4784
8192
809
1514
1733
4682
7462
9269
6676
2521
1813
9029
1722
581
5427
8704
4128
5330
8661
6426
5900
9428
9260
4280
8904
6366
7494
9842
1498
3978
945
8916
2915
9783
2107
8610
5604
6858
742
3909
2841
4499
1767
1334
6249
3006
7725
1829
1462
3505
7614
710
2495
8056
205
5241
7798
5403
3400
9973
3627
2953
2078
7745
5254
6948
3086
6750
1092
1496
186
8996
7465
2953
6043
8216
4900
4040
925
9111
1280
5697
363
1249
8566
9813
2582
4532
2096
6911
3566
4356
3705
1252
5235
9781
6016
2412
9365
6501
619
9656
2776
2984
247
7295
5284
816
6750
985
5096
8729
4034
4375
1774
719
69
2652
8394
3581
1563
3868
6956
7331
7623
5440
885
5267
386
3427
1846
1048
6411
7469
6931
1011
408
201
2663
7219
3626
8980
6849
5232
2159
7605
7468
1109
4912
7971
1597
1511
4587
7016
5029
5974
9803
976
8806
2448
9827
1165
4787
5404
4394
9563
2384
1161
6191
5403
4472
4084
8270
5886
7997
9568
2555
640
8489
8549
315
1326
7988
7639
771
3477
431
3234
8712
3977
9900
7007
8260
5294
897
2262
9658
4231
4721
6960
6129
9832
8714
7751
2797
2666
6222
1564
8171
1579
4969
5717
7946
6752
9857
305
2679
392
9052
9689
4673
5613
1995
4997
1804
2602
9715
8216
4833
9716
4668
8746
3890
7910
4211
3808
4010
6509
2170
7881
5107
3068
5760
4567
4881
8525
3595
904
5724
101
0
8209
5436
7715
1221
7430
7629
1749
5023
2056
6385
486
5813
4123
1364
3832
533
9651
6443
7818
1508
5115
7750
7254
8817
2049
6805
8410
7459
609
2486
9392
4353
3581
3900
1948
9024
7542
4603
2066
1767
3417
4768
5442
8830
2697
3454
1537
7509
1989
2115
4405
5169
7429
8489
8540
385
7094
7160
9402
2303
9584
5304
5709
2881
9633
2661
1838
2159
4184
2939
7543
2016
4447
7905
4475
509
694
4738
9846
8263
7336
726
4963
8084
2172
5583
4196
1156
7883
3007
7665
9762
648
4247
6608
9733
5793
7194
6733
1031
2353
1153
1334
3261
7247
8647
2246
8325
1894
2308
4460
6414
4626
7639
6215
8113
3540
2781
1808
5005
4034
3182
6500
2448
1918
4982
2525
497
2209
6673
6716
2778
4564
6624
7092
5620
8907
6264
6662
3594
3727
5209
5941
4928
3638
2172
1109
4156
6112
5334
4597
5522
7185
6809
8374
5261
3766
4042
8199
9993
6886
5309
2175
4590
2886
3340
950
3271
7737
263
2943
2753
6963
9909
3750
2895
952
6376
2450
2826
1845
4111
1816
6053
6490
3301
2764
5998
2995
1158
116
5265
5026
3090
5259
7175
9115
8778
6670
2091
732
952
7670
4509
8006
8731
5315
4656
8076
607
5810
2414
583
8811
4171
3899
3587
5284
169
6134
5930
2639
2726
1004
5931
4340
5987
4807
199
4318
4161
3284
472
5854
3007
1602
9117
7152
5616
8870
5334
7701
6120
3532
9561
6575
7171
5319
3167
4907
50
8202
9535
3705
6915
7471
1156
2967
6603
7428
2621
5739
2099
3206
5025
9343
8204
4661
4060
1223
9233
1687
6987
9342
712
824
3600
8750
6660
7391
5842
2255
3306
3340
2389
1735
8189
30
1985
6351
584
7425
274
9014
1080
3780
5387
830
1284
6200
7223
2100
3721
1621
3870
222
3334
2167
6992
4941
2401
9733
7569
7826
309
4498
1937
1309
9945
8348
998
6992
9885
5762
5881
5234
1011
2755
1594
5231
696
2130
2497
3405
8158
4069
9154
745
2855
5292
9852
4272
8320
510
3118
90
2664
5343
6054
5568
1739
9919
1064
9022
3199
3740
3079
1908
5386
9015
4355
9286
9870
4340
3999
6627
1250
5643
9869
1043
4703
6491
6985
8394
2548
5694
6111
6025
9574
5640
1834
307
55
2425
185
7069
6097
1266
3936
1375
6016
8676
9001
6503
8217
4452
8308
189
971
9082
6818
8256
641
6745
3914
6431
1552
4617
6743
3221
2531
3280
2334
3451
4897
9487
2143
6337
3128
8184
8071
5720
2072
8125
6976
2550
3950
404
310
3964
3755
8936
1334
4997
5873
2633
3669
3300
7594
1490
1610
2128
3668
75
9609
4556
6173
7957
8269
5983
4503
5635
2497
5154
9591
8664
6684
87
6192
5147
4327
6391
1575
9575
8539
4724
5299
8319
3436
2797
1204
4030
2860
1760
5133
6909
2989
5097
4142
1294
3255
57
2850
7765
9666
1010
4210
9031
3761
3230
2548
5466
3195
9872
3988
3980
3799
4786
2636
1375
5619
2301
643
5345
4161
1895
6720
6299
8239
679
4122
7327
5745
3508
6446
8068
5165
4091
6379
2239
9891
511
6781
4679
8295
9707
7236
9450
269
5299
5040
8862
7823
3881
9083
9407
7757
4139
4531
663
9138
4025
2547
6557
2960
4932
3454
1476
919
3042
6983
3123
1863
2879
1135
4645
4687
2957
5628
9495
4097
7579
2354
7119
4532
4436
3360
9660
101
5967
6938
8008
4523
9764
7295
1193
2806
1550
4406
4727
5332
6315
8138
2777
1871
9376
4175
5160
3558
137
655
4533
1799
303
3750
4646
2310
2243
3974
7563
8700
5254
632
3311
3294
7419
4896
2042
25
8356
8395
8851
2583
5913
7224
1939
4545
3271
3264
7269
1666
6724
2643
2297
5971
8737
2641
7752
7512
9705
4081
1697
118
6166
5057
978
7455
8899
939
706
5356
1131
6689
7211
2517
2032
5973
6806
2384
328
7159
5839
1604
1138
4603
2583
601
7239
8854
4695
8463
4395
8789
2082
2023
6338
1258
6644
3249
8655
3844
4103
7666
3752
7226
9316
3202
2181
2916
3670
5216
2247
1351
7818
147
774
9434
3586
4718
6579
2857
5434
2974
4540
2374
5186
6387
9070
5590
9097
9385
2932
9119
8891
178
3005
4781
9249
5153
9436
763
5158
9013
5769
820
4218
3633
2629
3110
6928
6452
9130
9951
7026
4666
9025
2407
4964
4846
3165
2442
1558
1466
8981
7808
1858
7757
287
5643
9862
2695
4232
3613
7068
4132
2352
7427
7908
9667
6562
7425
6275
4625
5233
971
5589
9351
7373
4382
9181
3453
1429
745
1310
5401
5127
9067
5634
72
2819
7034
8887
9688
702
7213
7738
7504
3649
4583
8779
5868
4913
6161
64
2504
122
2146
8501
2920
8837
541
9057
8643
7753
7863
9509
1610
3629
3412
1293
5944
5259
1038
7161
6983
5729
5408
725
9660
2017
2101
3651
337
4888
4328
1339
2734
6635
9575
8569
2818
8637
2857
3252
3539
973
3497
1231
8080
7916
6319
6296
5312
845
553
9710
6953
7013
8811
4608
302
2354
2912
8273
2006
9864
827
55
9029
2934
7455
1138
2089
1544
7511
7882
5475
5557
8258
289
3408
6264
3439
2967
6868
220
722
6125
690
2096
5888
1505
4105
618
9836
7576
9870
8072
670
7785
3506
2497
925
7766
9585
9914
5273
1814
8311
9061
5095
9566
