6200
606
9898
1363
7734
9171
3652
5805
3775
5753
8165
9847
9919
9814
6413
5020
3652
5918
4518
2912
4330
2189
6618
6885
772
2129
2326
9658
4908
3426
2246
3793
3522
7327
239
4715
3265
2166
4027
4979
4463
3504
6831
3635
9315
5079
1833
615
8224
6452
8645
2748
9968
3337
2559
2212
156
8456
5234
9834
7511
5678
3727
6716
171
8736
1466
7034
8891
608
6942
4825
3047
6124
512
7556
3246
1555
8800
383
8718
5061
8204
3257
1207
2726
8864
9663
717
3774
8408
3367
3788
960
3702
3855
3446
6997
5694
1538
8504
1492
3198
3764
3243
6193
571
443
2693
9679
4199
6602
288
6435
3663
1194
6659
1191
3921
1191
6844
8327
5834
3717
6239
7723
7965
3598
9736
1313
9312
8265
9740
3671
5553
6775
3693
3250
3750
8525
4365
3902
5425
7418
9242
7187
1666
2932
4408
4400
3382
2755
220
7510
9182
6217
6388
6660
8970
6348
8164
1946
5668
9762
2155
7436
4458
3448
1060
7877
7155
1535
2776
4389
2066
6595
9873
1481
5912
4457
5882
2934
8340
3749
6466
5265
7766
6245
4687
3421
7537
7886
6063
2850
286
8081
4009
5079
6701
6905
1202
6141
4071
4691
4508
7095
8511
8714
5785
9849
1222
7103
4653
6012
1774
9874
8209
6171
9990
2175
1876
5917
6532
5319
2556
5839
434
3818
6778
5197
8895
1662
2299
8381
9317
4479
8347
8393
1450
8563
1189
1383
7584
9064
2933
6
7112
2317
3582
5239
6452
4090
4311
2726
3881
156
6672
8899
5203
2801
2738
673
1026
1292
2293
2011
19
8534
9499
6190
1146
7874
9529
9111
6442
2650
8534
8713
9655
3067
9132
8426
9106
5642
6156
9612
2132
7617
2750
4147
4534
363
1221
8648
7565
9607
2849
5001
5923
6620
7918
186
3808
9082
9242
9564
7784
5560
2228
6520
8221
2896
9232
8137
1973
1555
2839
8099
7351
9418
7547
2644
5231
5834
3480
3221
6049
1779
9541
7980
3242
7477
3290
4978
6929
8880
4956
5660
1485
2358
4628
6168
4256
9119
5309
2838
7089
3673
7724
3088
808
1850
8282
7080
5794
5700
7037
8252
9460
7907
7477
2424
7228
8646
4258
537
2082
3639
5138
1881
8382
8217
7112
1164
1156
6029
5096
5574
5642
81
8287
1591
7402
6518
1568
5924
9186
7788
5945
5730
3369
3820
6916
7457
6380
9329
9705
2708
5127
3556
4113
9129
2895
8259
9573
5497
4699
510
8309
5517
8819
6286
1732
5098
529
4481
7745
715
1716
6822
528
587
1460
7153
695
2747
4575
5420
645
1078
370
8667
9580
9166
9971
7418
2207
8130
9115
3157
3031
7599
8433
419
4832
9296
6274
9408
6096
8595
9852
8438
3975
9193
8537
536
3393
8250
1050
3914
2393
1587
249
2768
5576
5085
3584
1297
475
75
4247
5399
6770
3296
9144
502
3077
362
8752
6023
9121
6223
8558
4305
176
2546
7309
9234
3255
4514
1134
5839
7224
1792
6255
9078
808
5962
5896
3900
3163
5433
6596
5768
4699
3139
5740
2074
1352
2958
3711
8378
2281
9618
2158
2313
5713
3130
1843
5910
4908
3479
8498
3983
8392
9920
9032
289
6081
9289
9744
1903
9157
6895
4165
6763
6902
3214
385
6132
397
336
9763
9900
1852
3762
367
9636
1324
5524
9264
9702
3077
9020
8009
79
5436
2248
6889
5767
2630
1246
28
6606
2715
5906
1534
9925
7526
7716
9386
950
9129
8018
1521
9489
9069
4465
5910
6133
1046
7988
6358
3495
9797
1511
4822
2321
9912
6843
5492
2186
6716
4749
6655
9726
1923
4837
7795
1498
9296
1160
4396
4342
174
8539
3884
3167
753
7173
2711
880
20
495
9835
3628
8033
5770
1262
4923
5248
4685
2208
8623
9719
6282
6271
1457
4015
860
9304
6301
8855
175
1499
615
4913
9868
3768
5288
3387
9920
2150
7977
9016
1976
4195
6842
7037
6810
1685
9888
5128
3635
7022
617
9082
6857
126
1437
3749
9260
9890
435
3136
5886
7307
2556
5255
4907
282
7201
8143
4167
5303
2772
1288
5779
7968
5205
5052
604
9854
4
2356
7888
5540
4909
9225
3517
6273
8325
407
200
5748
8415
2782
5879
6591
8124
4098
5484
4101
2765
7731
606
4061
2902
3431
1637
3672
2736
6338
8178
7823
9339
1784
7577
6677
2335
4249
9564
1419
2285
2571
3045
4275
6567
4838
5823
2461
3912
8888
2945
5293
3889
4056
1081
5661
9617
3032
8545
846
960
9316
8385
6378
4137
7240
1153
533
7746
4254
2616
5346
3385
5043
2502
2994
8957
6139
8906
775
6165
5611
6913
5878
2241
1365
76
6907
9467
1281
1452
9158
7097
2678
4941
8884
5811
8056
1436
3801
6203
3451
7750
2280
4781
9893
5711
4181
5941
3138
1276
1569
6680
8721
4141
7061
3552
1132
8538
2746
3559
5189
9801
3653
2943
5195
6602
1280
2443
9596
5519
4403
2670
948
3883
9298
6158
8836
1413
656
9844
798
7065
3905
8947
5965
5675
2269
8099
5137
1049
6304
1641
999
1645
3710
6389
8216
7963
5348
5095
6088
9149
6377
3390
4270
6169
3572
319
9604
5339
8903
1358
3204
6708
3129
140
4546
4111
4738
9310
3945
3436
8799
5653
861
2315
5909
2815
5376
3526
9074
858
6512
1323
7631
1584
2845
4357
6642
2740
3784
3094
3487
8615
1479
1331
7918
1574
3270
5372
4553
4900
3559
86
2684
3504
8106
4199
4383
5347
3239
2254
7711
8008
1032
8892
5240
4952
5044
2691
6591
8737
3110
9513
6907
5090
5308
2056
2564
2181
2235
7078
4004
6010
192
8188
9259
6908
6482
134
1294
5107
4563
9990
5327
5077
7780
4900
2679
201
4376
230
4544
2778
865
2552
1696
4772
8935
3625
7967
7758
9463
6018
393
6292
7800
3299
2207
1215
5417
4251
9400
3859
4373
3315
5414
8502
1001
2472
5539
1144
8284
1780
8121
7171
6333
952
7952
3456
2651
4008
4355
5107
6013
1139
9980
2645
2786
4669
1022
3884
1938
91
2977
2185
436
2074
6455
5949
6841
3372
925
7465
6101
3008
3806
1952
8830
9260
2177
6235
6876
1722
1763
3722
6145
5773
319
1186
7826
2847
5882
1303
4035
1576
8939
8279
5585
9821
2903
9984
9689
5634
8187
5295
3254
8749
6274
3334
7608
8393
3431
5017
911
1971
1300
9654
5158
1733
7272
4990
157
6093
4184
612
2559
1385
5388
2977
8227
4705
4890
1186
4269
4112
496
4815
2740
1041
8394
9704
1215
9906
7956
6574
3336
6023
650
5035
4034
4398
4171
5311
6279
7179
411
808
2682
7456
6823
1069
7276
2730
6740
2423
2746
1978
1392
3180
7571
7630
6426
650
5559
9452
7614
7917
4250
6586
2936
6269
4456
621
6474
3494
2883
8189
1177
3317
3896
4321
8545
1532
7152
6172
8936
8931
8658
8659
7728
2844
1173
1977
5894
8128
5076
7594
7592
8682
4826
2768
1716
5984
5228
4917
347
154
1494
2998
2788
8337
1453
688
9485
3941
1812
7899
6188
4138
7627
3327
5683
1424
5249
6438
770
1598
8826
2512
6166
4363
6683
2925
3920
6360
2722
3883
9681
5853
7571
3036
3985
7807
9053
3602
4351
1210
7756
7194
5170
4001
4759
2115
6829
4271
8409
3417
2513
3417
765
3715
6445
2082
7762
3445
7041
5402
7182
3490
3136
7284
495
33
260
8739
1084
2635
6779
2032
5387
9727
8494
8026
843
3586
3619
4107
4721
6870
536
83
5761
2230
2864
740
5314
5419
7915
1753
3188
6366
9757
1315
3549
1931
8752
4129
1646
8766
1925
4251
8277
2668
2822
3275
9708
5233
3159
537
9646
1777
763
2802
3434
5325
7907
1124
3504
4421
3041
4345
9496
2900
9195
3581
194
5772
1211
8685
5832
5055
5474
8862
4431
1127
6845
583
2477
931
8528
1229
4932
5854
1022
6601
5036
7837
5339
7559
5423
5589
505
5998
6686
567
4030
487
1281
1993
6583
379
492
1186
3845
366
6525
6210
8950
114
4881
1180
8367
6602
4422
1937
7237
3356
1803
2489
1899
465
660
880
9781
2796
3370
9660
8586
1972
4911
3815
8841
6816
8207
7917
7299
1390
6594
3458
8278
897
8766
4433
3209
6197
8009
5309
9283
6079
8108
470
7271
3157
7282
2443
4906
3767
4672
1958
3492
8761
3584
856
916
6479
6149
9985
5998
6372
3603
4668
48
1574
2998
261
7251
305
5552
9816
8461
7110
3377
9239
2515
7800
190
7336
2955
9988
2916
9321
5791
7546
342
7729
6574
4796
2739
9876
7084
1393
8035
5618
2522
551
9391
780
1441
8819
9888
4580
4631
7574
4351
5057
9604
3710
364
3788
3054
6693
7883
5226
3856
7947
3160
5093
7449
3323
6491
2617
241
7548
3014
2601
6342
8294
4508
5803
5669
4399
3452
3847
5909
4385
5034
983
4700
4810
4943
7979
7861
8464
1031
5404
681
7407
1960
3930
5322
7392
6178
6149
2511
1399
5282
2148
4569
1737
5536
1782
6741
5560
3865
5667
9914
7581
8055
4061
3618
3217
7387
344
5845
3768
8477
9539
7392
7866
4698
9443
501
4863
9661
7195
1484
3559
5272
2265
7927
9891
4753
8000
2868
7731
554
6541
5563
7085
8184
9048
5479
9015
5637
777
1314
6225
6993
1124
3240
1314
9860
7363
2606
9949
3086
8111
8667
7887
9887
4155
9796
4392
8050
3853
2870
6116
6692
7481
7484
7909
6323
251
1265
7231
7649
3345
7935
9824
9576
259
7702
5225
7879
4352
3944
7197
1466
9366
5825
8933
9769
861
8179
2077
2999
3377
2032
47
8394
7915
5569
7498
8474
3563
3395
4654
466
1539
2849
4375
1460
8259
9068
8772
873
4444
7048
4883
6918
163
4208
5402
3866
1941
2010
9780
980
49
4420
87
3009
1959
542
2574
3299
1323
65
7368
189
7765
621
7756
6522
6024
2432
1622
1294
8781
8450
5171
4628
8347
9454
5397
3911
453
779
1171
9660
5057
7273
9456
4668
6992
8566
3415
7360
8063
8864
7312
8309
7001
1301
4737
4127
3398
4982
7972
7001
6789
9322
849
1082
3041
7614
4280
8883
5043
6747
3101
613
436
4672
4432
8800
3788
1742
327
7191
7324
7027
8619
3407
9988
8461
3420
3653
1346
5280
6946
9039
521
3299
1537
7178
1978
7669
8648
2227
5281
4941
3990
9858
8510
7759
3657
6737
6110
9402
6868
1754
421
846
6620
3806
5307
1339
5680
418
4176
6340
7283
2051
5165
4818
2008
5498
8857
4358
7528
7163
3044
1142
8898
5431
7827
2473
4672
7522
1049
6366
545
9023
623
6309
6633
8295
6384
9521
8738
4680
2819
9717
5564
1994
8117
9100
7144
7997
9042
197
2509
2862
2560
3323
4997
5176
2824
9234
168
1447
1538
5517
6611
7416
4813
4429
8116
5101
1864
6468
9796
157
8159
1768
7905
135
5045
2770
903
5830
1642
4982
379
6144
2841
2701
7252
6025
8097
2863
2406
917
7710
988
4876
4187
5155
4969
6849
8933
7382
984
3819
3987
3529
6335
1541
1647
2880
8715
5560
7035
1684
6494
2117
7559
7027
4611
3553
6334
49
914
2894
3984
3263
5663
5026
7723
5414
4861
9653
4386
2464
8336
2364
5136
5492
8656
7181
5893
492
8041
4015
9983
5156
8560
7104
7572
5873
2752
1954
3228
444
8481
6451
6027
5146
7530
5895
1260
3753
7854
3604
1193
5177
8514
6490
6134
7444
6638
3005
4958
60
3570
5088
4566
8607
4784
6256
797
5449
1367
4650
9477
3687
6944
6074
5051
3779
8465
9601
7937
1009
9663
3202
1117
9205
5072
857
8667
9614
2414
5784
4814
9779
2072
112
8339
1609
6242
9688
3030
6270
8925
2173
9854
1413
3778
5831
7827
6462
9159
8691
7136
33
708
146
7763
8679
8287
3533
8034
1061
2211
2835
2840
7142
47
5217
4044
2020
1883
477
1730
8403
6198
4335
7019
9050
4298
9965
7896
1455
1073
4497
6748
509
6241
8489
2495
4484
5251
762
3214
6190
145
2850
2576
5562
4605
7625
7492
1286
2078
1059
2150
9901
1253
6917
9712
2395
3775
6385
4413
8889
8051
2288
377
1194
6763
5914
2324
4801
8991
2853
3925
556
2092
264
6715
5905
5860
8571
479
2659
5823
2205
9605
2961
7904
3217
3057
4395
6882
6486
6375
338
7793
2898
475
7627
5829
3098
3094
2400
3464
7729
8938
1188
1721
6746
6253
4208
7401
3883
7713
1214
5555
3696
3620
4353
2009
1353
9411
8175
105
8290
7817
877
3934
5757
2758
6325
9907
9325
9099
8070
7570
193
5729
8904
2011
7980
7065
9835
5440
2013
8766
8555
8445
6624
6582
9938
7589
6416
7800
6746
2551
6855
1096
2509
6912
4867
4670
7275
1161
9703
9876
919
7873
5211
5982
687
6230
4865
1827
4150
8733
8902
6746
8495
1537
4688
9680
9800
9032
3914
1893
9905
8768
4489
1959
3607
5561
8762
9847
2786
1340
9579
5207
5495
8457
8658
8900
7562
5343
4606
49
8005
5427
1240
6585
9181
3492
4421
4166
4759
9333
1595
3039
3095
2681
4461
3771
656
205
8005
2853
7469
1295
8798
936
506
6781
331
249
7136
2984
678
1812
5147
3384
9145
8159
7146
1928
3459
843
3507
9153
4439
8184
8176
2581
6391
6104
3434
130
1257
8972
2688
791
323
2986
6116
1138
5368
2848
3522
7815
9983
7746
8910
126
7356
912
4153
7379
1389
5011
2879
1777
4387
166
5217
6424
5147
4369
3194
1594
7944
5344
2144
6518
4239
7746
7304
5180
1455
5629
3686
7088
4410
2703
6704
9913
2197
9664
8670
2841
1352
8563
5233
2534
4994
987
3357
8999
7772
3818
756
5643
3144
3381
8400
6882
1526
9571
6876
7567
914
372
1999
7589
6766
254
6039
9631
7880
35
3790
7228
3399
5775
2476
6967
951
4765
4584
340
5679
3640
9484
4823
8123
767
4884
2287
507
2082
8050
8687
7639
7129
5922
9564
7453
1716
8213
6130
2345
589
8012
4434
8480
9898
8147
3318
3352
8254
3063
7910
4999
3663
1573
4034
6743
4738
3553
7471
6723
4690
9408
2495
4321
3552
4370
7193
9292
581
1775
8055
9612
7298
5997
5342
5124
744
8043
4713
2521
6452
1710
2590
3018
9266
5013
8530
5759
6706
1674
5960
882
1976
488
7316
1812
333
2612
6510
6622
9715
8249
9938
1670
8374
5012
1797
3242
7534
8761
1202
1180
6721
9855
5873
2761
1734
9007
2521
2743
995
4964
7245
5771
4776
7727
4466
6085
5012
4443
1777
1593
5733
9383
7127
2410
2238
7701
5417
5892
1920
4911
8661
6134
3403
4641
1684
4619
9390
1142
7516
1556
5738
7394
6210
8419
7636
2937
6653
1910
3658
9131
4693
5806
5181
5725
3929
9212
572
421
4720
8295
8033
5074
8504
2044
5541
1477
3035
2466
3358
320
6799
1784
2473
9929
2588
9454
9875
2250
4328
7661
8337
6457
1118
8084
9791
9551
5294
224
9797
3560
4253
6583
5414
4662
8829
6417
498
2017
5208
4115
2348
9407
2342
6681
4261
1340
4286
2303
7463
8294
2632
477
5038
2872
9825
8525
6256
8177
9000
6586
6814
3648
5813
135
2738
2927
9913
9528
7992
7545
4593
3441
9225
1208
7860
6826
1555
6319
7356
9467
8644
3905
7233
6330
7509
2237
7809
1518
5060
2439
6796
3054
7753
163
9787
1900
2410
1472
9504
6375
1898
9743
4985
1553
9324
8495
7950
5119
6709
3655
7002
6054
8495
831
5351
3976
2362
1195
3042
4922
2894
8388
1581
7217
6283
4245
1283
7705
9729
8671
438
9906
2348
8905
9540
9511
4311
4648
2424
7372
4241
7239
5101
7555
8028
3619
2846
6507
3746
7366
1080
86
8722
7806
8001
3462
9641
5625
1921
851
4684
4767
7246
9115
6545
6683
2087
2790
5902
5783
8614
6117
3497
9028
8072
7591
6958
3907
5673
5976
3871
9475
7352
9798
726
9095
7322
2833
3269
6067
9930
1102
5615
51
6974
2888
9055
4392
3956
3780
5014
8768
636
4607
722
4705
1135
7318
5482
2721
109
7377
2166
3813
7765
9901
6763
6180
6541
6694
357
8312
2385
845
2796
4672
7912
5051
1625
2341
4770
8722
1010
8967
269
6604
7057
9538
215
3731
1475
355
2750
8412
7580
65
9587
6017
439
3194
2845
7225
107
5995
7514
2005
4714
7051
9024
9770
3427
7412
4274
6215
4375
4815
3854
7442
8761
5180
2931
5171
3182
5195
224
492
5859
1578
3351
7571
7854
811
2176
1726
6317
5552
9146
938
731
150
7292
4504
9889
7084
8954
2037
6777
1182
3635
6276
9725
6530
5479
2074
846
8366
3270
1877
9041
2164
8676
2474
5363
6620
4904
8218
6446
2620
4867
6912
915
9190
7502
3305
5591
2638
3341
8368
3739
6855
5936
422
4323
9673
4951
7627
312
7200
8645
171
7208
7604
8414
7208
9099
7009
2218
5919
177
3250
9036
9514
9559
8975
907
6738
1289
8816
7039
4622
6465
9869
136
6428
7133
4340
4712
1915
6383
8293
5393
5187
4350
7069
8473
3921
4425
8622
3018
9603
3884
4087
1382
7628
6795
901
3623
3077
5819
9958
1861
5489
5328
4261
8256
5114
7601
3799
9933
6781
4504
6561
9886
223
949
1140
7850
7531
2690
2278
3404
6121
1873
7358
3990
3004
5666
4044
4710
728
8481
2451
6561
6957
7100
8307
2380
3221
6034
6695
5114
3366
6918
2120
8880
2901
6083
6220
8804
3464
7914
8223
3155
7637
5302
1308
353
7148
1889
5112
6828
1789
4543
5691
745
1304
7496
6891
8352
5376
5475
9703
5540
9418
6894
6814
1338
4280
7323
825
6427
8940
2532
3835
9140
4203
6110
8020
4555
9985
4475
4236
3868
9674
7577
9218
8129
2884
9225
9009
2720
3743
5866
3212
7886
7389
1204
3030
8145
2124
2720
1104
9172
3261
5908
2672
4083
6688
4973
4922
5238
9262
3637
5982
9147
4226
2212
4718
3564
3717
4530
9401
5823
566
1242
9705
1116
3378
2554
6758
2601
1637
8840
933
7953
6909
9071
560
6724
2694
7927
1923
1592
2536
8610
4432
6237
9946
4530
3376
8605
3521
408
727
2850
9337
2999
4914
7602
2142
6503
2112
3270
4679
8166
7594
4328
6144
5864
3025
7339
1075
2415
6690
2228
7203
8295
7960
9413
2660
1128
2574
9771
1418
9262
3647
8205
7100
7013
8284
2517
9428
6557
5385
2075
3063
7021
2981
7245
8171
452
5989
8299
8490
2011
5564
4318
3106
743
3608
3913
3766
4058
2523
3575
3860
473
9076
1492
2547
6824
3371
8984
2137
6465
3398
4878
9255
2995
3082
754
1794
2871
9825
6345
4431
3390
2740
8331
6842
9239
7509
7691
3986
9836
6700
3447
5989
6460
8476
8698
5379
5268
7553
9743
5809
8934
2313
817
4813
43
8396
4765
3241
3764
4793
7193
3958
2796
3070
8430
7694
7226
5731
2992
9982
5155
6948
6942
6622
476
2665
8517
4975
4876
8980
4447
5472
1536
6983
4265
2700
3097
8175
4050
5587
8112
9697
4558
9716
2873
9615
363
804
3349
4934
7660
9661
6785
360
8480
4806
6316
2193
2103
8571
374
9176
7243
985
1620
8180
9
8968
5889
4648
4883
6181
4366
300
2462
9771
4649
3050
7718
8190
1819
4274
1538
3987
8188
10
6978
9855
8817
1894
3509
9691
1701
6528
807
3041
4070
5764
5511
7637
2742
7418
8998
243
7299
2720
9115
8513
1520
4755
5668
3488
8305
6171
4631
5605
7478
4769
6295
8622
8847
4989
9778
5955
1022
3552
663
4603
8889
4202
2997
9272
4526
5145
6926
3536
3426
7392
9754
3241
2978
5535
6728
9136
8443
6693
7519
2197
1284
8366
1395
7079
8393
6906
6308
7272
7555
2461
4192
3004
6098
3212
2024
5587
3164
6458
2431
3793
5551
8143
8095
5703
8579
9778
4822
4303
2684
4547
2590
9369
8075
2136
2859
4525
3667
3233
109
700
7209
4378
1685
6536
5172
7101
6467
9644
6532
9089
2558
1337
960
9955
5918
2975
7063
1599
8787
9188
8488
1707
4008
9204
205
528
8865
357
2770
8214
6450
3685
3684
507
330
9938
724
4640
7644
54
5690
4592
3358
1166
4007
1822
7754
7749
5715
7370
9586
6273
1428
4399
256
9162
5312
8668
124
3458
7978
5613
1638
3270
856
1541
8355
7903
5557
5882
9717
5493
8850
1294
9475
3153
1544
6549
4392
8093
3929
6584
6839
651
7284
2900
7180
3135
8310
2559
4973
3209
9630
9178
4591
4499
9209
1724
7637
1251
1724
4912
4195
2285
4849
2812
4818
1273
3688
2812
6204
140
9854
5452
3782
3798
3179
7359
1838
1895
7333
4030
8377
1358
1938
3712
3599
9264
3675
3858
3635
1937
9901
3188
9418
4051
6185
7520
2493
5272
8234
3335
3402
3893
2054
2490
9652
3573
8638
1346
8746
6518
144
1164
9205
3621
5116
4805
8363
6353
9987
8157
273
1678
4059
9771
4414
1721
9679
8173
4074
5011
4067
8042
6117
7500
5189
9543
4964
8621
4864
2386
2214
7681
3674
7934
8693
3089
5645
7275
8983
7227
1491
1905
260
3998
7034
3897
5298
2917
2231
2472
5421
4685
103
9673
1410
53
3424
9382
2586
5345
4886
211
2132
7931
1337
1207
9083
3367
4636
9703
8327
4880
1904
7553
3055
2468
7999
5378
5788
2634
5013
8260
2648
2283
3225
728
4693
1908
2441
1452
635
7526
1795
6585
329
7000
6976
7771
5213
810
9034
3902
542
1142
2047
7169
166
741
2462
3706
6734
6812
1005
1542
8433
2577
5277
3819
6194
1773
949
9596
8458
6624
6092
5560
7673
8332
371
623
5326
1903
4446
8706
5649
4352
1570
8838
7150
8645
5114
9572
5308
2751
4612
9137
7387
8179
8232
2405
2781
9429
1737
3466
9979
3779
1252
9763
4440
7835
3845
5270
3074
9738
9865
3304
2980
9122
7502
355
3881
1015
743
9558
3900
3351
5436
5097
955
4948
5710
7644
8473
4399
3159
971
8242
7218
6384
7248
8729
2777
2188
7061
5102
3870
5090
5700
1643
1889
6840
3117
8701
7184
570
4179
3376
5368
4266
7987
9619
2760
4434
3042
3019
2015
3701
6162
4612
2994
6291
9777
2737
7499
2043
415
3460
8336
8971
5305
2538
3135
5010
7767
7310
4964
8663
3694
7005
7975
1331
2050
9913
4277
2041
5916
2807
8137
741
8292
2820
9366
4978
7084
596
2099
9894
1784
1723
9396
8584
669
6452
818
9330
1925
3646
1638
1
1740
6727
8855
3113
187
7105
9069
5766
6783
9841
9505
6861
9828
9430
2755
7504
3507
2310
6055
465
869
7812
3198
1950
1331
5598
5052
7386
1436
7411
7691
381
2258
7506
9788
8737
8801
6205
7509
1133
6493
6700
8155
3055
2935
7390
1805
1634
603
203
5626
9248
4617
5125
7889
4496
8462
7580
9411
1360
3695
5328
1191
3630
8706
4977
5178
8560
121
5955
2848
2340
7531
7678
9708
3265
4096
6945
7607
7708
9432
8758
9968
7207
1369
6593
9169
5299
2340
1858
9018
919
979
8106
1133
537
4817
106
6421
5032
7205
5718
9411
1820
4125
6025
3830
3798
2483
6802
5686
4913
2462
6844
94
1370
4136
1628
1108
1659
1303
1347
8774
4754
187
6675
9810
3201
7635
911
8401
5775
6428
7115
4258
5164
3686
4546
9519
6897
1189
4550
9550
6470
4081
1569
1942
4077
6730
9787
9708
8987
381
5701
6617
2455
955
481
7657
1227
3852
6613
1699
9864
9935
4916
7920
6966
7068
2300
8906
7448
313
9087
6002
4046
981
7353
6894
3524
1732
2592
9725
1608
3976
7834
6104
4201
2888
7752
4424
2394
7616
5199
1518
8086
4644
9159
8482
4734
4738
1133
3179
4638
4675
9731
1207
1085
3726
2855
4505
4723
1306
5729
717
2645
8349
4838
5656
8091
85
6874
7408
5171
6098
7058
3269
7359
8511
9096
5676
8329
1771
3591
3382
406
5272
5317
2033
4424
2655
7713
6459
7294
6334
6818
5390
6582
9920
1327
6300
7875
3159
4349
5896
6522
184
2979
4878
3701
6979
249
4673
2986
525
8095
9680
150
9948
5514
9091
2115
2526
1721
2616
2729
1926
9782
9892
2673
6069
7975
4328
4788
1249
1140
7378
8978
7508
6324
7501
9246
4004
8848
8950
6806
362
9961
9147
3857
6737
4021
6002
1297
285
8292
4628
4840
294
1152
997
4791
4592
8035
1504
738
4103
3716
7139
7471
3324
3225
260
7933
423
7344
9327
3713
1415
9672
2029
8555
1150
4794
4002
6999
7122
1301
8131
624
2833
9447
6978
5663
4580
9863
7352
2769
2526
1727
3278
5430
9122
2488
8936
7941
2431
2029
5599
1822
4457
2545
9225
8488
4228
1101
3590
4376
8367
8098
4266
659
9579
1884
7282
7530
7031
9303
1829
8869
3354
3083
7801
1579
4619
1619
3950
3628
8352
796
4347
3633
338
1865
9187
6604
5369
3011
9763
2009
1065
9421
5180
1686
5033
1349
7639
7327
7691
8087
7370
8833
909
5659
7733
5873
203
1631
665
9733
3631
1104
4870
7039
8119
7185
6047
6475
1584
1486
2525
1470
2228
6427
9804
1549
3246
821
4918
9920
5990
202
6730
3643
7709
6404
6905
44
9910
800
9805
6036
3167
9981
7654
2748
4780
576
8914
6473
2206
2549
1799
4985
9348
3807
8208
7133
3870
5344
9187
5985
4442
757
9259
7062
3278
9785
6679
9729
9584
8954
9246
5101
9301
9640
8125
1579
2548
5321
5230
7082
1110
873
2214
3153
3357
6239
1628
5608
4638
6747
8337
7959
4140
3628
256
9654
5043
5518
1124
1332
6381
1536
1456
8708
9716
6067
2127
9121
3349
2559
8825
4114
9789
4400
7694
2632
3843
9165
3778
564
9394
6969
1685
1429
6129
4306
654
5711
4640
4695
1139
1416
7921
3511
1368
77
2881
4180
1281
3905
7218
6743
7558
4117
7814
2845
1458
8226
3066
4798
5143
4019
9852
494
7891
4736
7915
8013
7895
3542
9818
3305
1129
8002
4800
8323
840
1132
6111
5823
9927
6464
3246
2677
8361
7575
757
3572
1239
612
5061
5974
9488
2507
6562
5263
3742
3884
3295
7471
9841
1501
1876
9687
986
3573
8973
3048
6134
8389
8466
7158
6549
6625
31
1372
3638
6060
7135
7850
5313
8322
5178
761
9696
7278
1704
6462
8203
1196
6240
9597
9054
4553
6818
3029
9801
1750
910
2377
4933
5516
6271
2559
5022
9801
4055
7489
9777
4472
6455
1634
6579
2671
5771
3978
299
9394
4737
562
845
8340
7284
8203
7284
7518
1097
7560
3947
264
37
9612
8953
4645
5225
3294
2103
5035
3931
2889
4062
9935
6418
384
4626
2479
1390
1230
2165
697
2721
5868
2969
1338
318
9260
4918
8848
1197
5074
4996
304
3015
8243
9750
5300
4324
1765
5683
9468
1631
2582
178
5781
147
9352
5025
4312
4581
921
226
1689
7005
8737
5683
4399
3650
3125
8872
1091
1328
457
3895
274
7881
7971
4704
1949
8133
9738
4695
4560
647
6924
1296
1375
6351
4255
1077
7227
7669
9599
535
7860
1880
5494
5263
5753
7011
4730
6271
5532
4968
7297
8634
6993
9789
2127
1612
8356
3568
7520
9783
2249
6423
673
7036
3247
6680
4712
7378
8334
5026
2452
3190
224
6903
4463
5600
8780
934
8031
3853
9869
3689
1084
9918
7537
7224
4941
1692
2317
568
6187
2103
1118
3715
9223
3546
7610
6965
2535
5836
6629
1440
907
5541
656
8477
4654
5914
2299
1264
7480
4120
5483
7942
752
7642
2167
3326
3983
9318
28
9041
5360
1818
4369
943
771
7454
9589
7527
4673
6214
5747
35
2681
6535
4263
510
3625
4739
5227
5907
1048
3555
7867
1491
3072
9952
8023
386
2330
2045
7062
1455
7666
261
1334
399
5657
3884
3010
7252
8296
2773
2301
6159
1506
3360
2795
3391
3875
3757
6863
2260
2165
2994
6511
5093
6465
8516
9188
3242
3202
8181
861
6423
1461
2731
9986
9094
812
105
4086
2272
2306
1788
9478
2839
6730
2756
6015
9459
7472
9677
604
4167
3073
9257
1612
9359
6726
8155
5762
7593
9850
1139
4438
509
1997
8481
3785
8298
4914
5944
5654
2046
2739
4352
2579
5729
3412
968
1543
9375
3685
5014
454
4016
1696
6092
9415
4854
275
2793
2134
738
6040
5785
2406
8324
31
8763
2366
7229
2285
5373
2724
1826
6605
4389
8056
6911
5941
8494
2407
7686
3204
2445
5679
6259
2760
4624
6130
6093
7564
1186
5076
2907
8126
8877
2799
1792
8878
5580
8326
7332
3042
1212
6582
7105
5862
7615
5304
4551
1329
2412
483
8604
6068
7126
7198
2420
395
407
2259
9128
1302
7081
1855
2630
7729
1489
4886
7701
670
3097
9604
7059
4693
2761
8430
4446
5218
3825
7495
5051
7660
9029
8590
4374
4534
8932
4933
1990
9726
4455
8316
2908
7539
4691
7484
9192
8836
1883
9120
4424
6468
6102
3629
9935
9849
6552
5362
8765
8307
1887
4218
8352
7882
5053
238
6679
480
6316
9608
8591
4405
6403
7315
4348
6042
4004
8206
7238
9021
1310
5775
5037
3939
3830
8564
426
7411
5566
4804
4419
4191
3599
9509
7498
4974
7208
6134
7940
3157
2786
924
129
420
7999
4875
2589
2700
2351
5882
3042
494
2015
3977
9735
527
3678
3870
9449
3383
3325
3994
8964
201
2003
2635
525
9757
4954
2122
1056
9833
537
5701
7746
8558
9551
8103
3314
5823
5817
9683
6593
940
7360
6576
4522
1484
2850
1486
7679
7865
6459
6295
6258
7941
6816
4272
2845
8315
7063
5646
6335
7489
2934
3222
6308
3145
471
8333
9551
1638
8661
9502
6150
9467
1319
5546
4731
1759
9077
4441
4850
7213
2139
2414
1299
2936
2425
9897
2078
2876
2244
807
5926
3871
7917
2436
9788
1319
3596
864
9833
2725
825
6670
5095
2334
3734
4985
4813
2491
5628
4450
1445
2374
4929
6581
6155
949
3939
5050
7028
9731
4564
7607
4616
5961
8369
2
3726
5756
7249
2211
3
4032
7095
1800
5719
2987
1427
2755
7428
7844
1739
4926
2731
5914
6625
5983
3293
5376
402
9574
739
4950
7387
2371
714
1443
2471
1012
2702
6174
2969
6124
1570
7100
6115
7360
9898
4564
2241
3499
1637
4687
8277
401
2362
8043
3744
8688
6109
2126
4169
2786
7006
4551
9405
2351
7071
288
3843
9744
5584
7919
858
1694
1001
6460
2002
3593
5763
4830
340
3812
4851
7070
9647
8526
5732
2285
8944
235
4272
1921
6509
3153
4491
8826
7422
687
1244
8403
6136
8487
6856
2053
3416
9293
7324
6133
2152
6471
2199
4525
5521
7044
5779
7207
6461
5785
7374
9078
919
1542
7209
5631
4082
4312
1580
9237
3938
5431
259
4227
7419
7359
2074
8865
3349
7789
6080
4522
4953
879
2987
3668
3642
3886
6536
7598
9042
8615
5405
3720
8216
9124
7693
1484
9627
4650
8854
8634
2302
3644
1003
897
9952
1244
9273
6538
8934
9457
8057
4126
6392
6645
5937
1160
1077
3413
8454
8837
4275
812
9059
4024
5303
6505
2879
2602
5421
8764
8653
1231
3141
1184
3317
9619
7050
4066
9227
531
8752
4415
7081
9528
217
5340
8158
1517
9461
3695
8946
8450
2468
4587
7877
3130
7848
3481
1667
3727
3772
1537
3190
7782
4715
6760
1432
2252
2510
5731
5170
4463
8694
6394
5174
185
3346
1688
2662
6663
7981
2719
7472
3641
9448
5208
7622
9442
6720
7512
1278
8254
8267
2206
8819
3219
6308
3561
8229
1440
6304
9926
8676
3491
6332
8038
9716
695
7525
3038
9213
4858
5156
8073
8914
8716
1252
9288
4076
6195
6609
7434
3107
3516
6783
4822
2504
444
5540
421
3122
9028
3779
6461
8643
2003
390
6599
550
3029
2727
9794
7463
1161
843
5057
5246
81
9579
9359
170
9906
9729
5779
2135
9084
3355
8574
795
5619
6959
3409
6546
2955
7356
2716
2788
8274
1224
7393
9104
5416
5723
8503
2568
6666
9511
1787
824
7659
7139
2096
1684
9523
6019
1399
5613
7090
6277
2746
5583
2333
4554
5186
2522
6089
3614
4920
7787
4390
9926
5768
279
8610
2278
7666
3907
9391
2925
5435
563
4830
5517
2832
9117
7034
1946
2714
25
8146
9775
1533
6840
1854
7303
1946
1485
6243
5711
6885
7196
3121
6805
7777
8926
4217
60
3494
3582
9356
5840
869
931
2095
3888
3714
826
7019
9597
3968
9904
6576
29
3499
7673
4954
8652
5439
4016
4476
112
9398
5451
9128
1064
6654
3817
5936
4096
1096
7195
3559
6531
6909
1933
4657
238
43
2336
8601
573
3741
8565
433
7348
4537
5415
772
3612
3507
5526
1880
3256
2479
7756
8063
7155
7060
2429
5564
4024
2908
9696
2290
1404
7559
3668
1032
3436
6479
1505
809
5727
9430
6237
1640
5640
8987
1383
9009
7083
7468
4803
8299
5353
2069
1586
7289
570
8775
3214
4624
7397
4436
8223
7250
6063
7335
2125
6521
9582
608
3394
4927
7000
3853
4571
922
1565
7220
3019
101
7917
4492
7036
1289
3048
9452
307
2620
305
1803
6110
1696
5742
3479
829
5595
2350
7921
4139
2166
9319
37
1111
1199
3195
5127
2195
9338
7334
5721
248
8724
6903
6697
9748
3495
4760
647
4881
4906
7932
6341
9475
9840
4901
1239
1262
5649
1983
3385
6994
3173
5660
5888
3524
636
6108
3256
2186
7179
488
8221
5026
8930
1563
1590
9696
1897
6767
6651
402
5351
6176
6039
6193
3493
7998
6104
694
7735
9540
9555
5303
1050
8304
3477
5437
2124
5055
3509
1395
4068
7318
2165
5101
722
5567
3942
3490
3841
5486
939
2472
681
6799
8838
5387
1681
6479
2847
3497
5730
5827
2772
6301
1431
8472
4809
9094
9217
936
288
4403
5590
5158
6100
7453
1097
9670
7951
9185
6709
508
7004
1240
675
7999
1911
4133
6251
5514
5424
8203
5622
2479
4686
6889
9410
1992
7424
9906
8463
7755
2254
3101
1015
3593
639
2166
8283
9028
1764
7119
5176
299
9377
7863
1912
6515
6188
7476
52
1955
7086
6288
8311
6812
6438
846
1358
8435
3181
7287
4844
29
4292
8069
3082
5622
3049
1516
6796
6509
3241
9840
4942
6768
1983
4279
6589
1135
2986
7627
3666
432
1261
7771
1305
5214
2400
8864
2496
2974
3396
7816
490
8593
2612
7344
628
2191
7303
8546
9343
7094
9842
6696
7708
622
3753
9756
9430
9976
9398
4175
4104
7395
3394
7474
4655
5018
5313
8628
3658
6173
5803
3512
527
6762
2116
5346
5175
2217
4924
7214
489
3553
8930
1276
724
8410
9556
9932
5078
1856
3074
1587
2730
5072
6385
3495
8494
6674
6267
4061
9218
4612
1379
8796
7597
431
3238
8125
8473
5863
9533
1202
9870
9700
3967
8928
3949
9416
8516
4506
6290
6045
244
5963
2589
4316
509
2704
2106
8060
5267
1104
684
5926
5842
6200
9048
7569
1056
3367
1293
2478
5838
4179
1634
322
9228
9703
952
5179
3996
6362
9903
5153
2302
28
1300
1947
1531
1279
4599
4619
2046
6176
1322
9959
3708
8065
1862
9909
2116
4004
2360
5442
5026
613
8153
1391
7837
6101
5547
9688
6384
415
8190
8290
2806
4537
531
5105
1534
2137
6168
563
8398
5761
2002
8109
1476
6041
5641
4847
6232
5639
6525
6134
4605
8029
3478
1551
9142
831
9465
435
4837
7407
8822
9939
3167
3463
1166
1041
523
6594
4610
9688
7129
9624
4407
8778
3519
7524
7126
3172
3166
3124
6848
351
7348
2525
2830
7526
4811
5464
4806
3791
5471
2012
2090
169
5916
8297
458
4864
869
6430
7961
3599
2513
9608
878
8194
8848
1656
4401
2551
1708
3520
6869
1953
6571
6682
1957
8921
1696
3012
3079
8545
4865
6843
4029
5030
9379
723
9338
6242
2529
7617
4961
9418
76
310
9865
5579
2348
4136
8158
8604
2693
8334
305
4496
5925
2487
6175
5178
5993
2216
6174
8221
2719
8881
3044
1935
4631
7930
1842
4186
8274
1615
4478
2335
7884
8981
718
8263
2423
4312
1840
5383
4285
2146
2823
4559
8230
4890
4559
991
9706
3863
8529
2502
5358
9088
4435
5225
9147
5473
7399
2557
7117
1980
51
3985
7287
9
6785
7514
9459
2843
8716
6140
3223
4977
299
4946
3412
9430
1242
1163
4759
5302
9460
9329
1906
1757
1005
359
37
77
5100
4590
326
7723
7861
4596
2208
6743
6084
538
6119
1767
8774
800
905
4687
7393
7695
8176
1438
5509
1218
7525
5096
1146
5970
494
684
8872
7357
5848
7153
1909
5314
1168
3618
3464
2988
5306
1666
5709
4249
6677
4062
2546
7365
3670
5950
8014
4248
8448
4728
5217
2872
5718
3169
7735
9948
9847
3184
8534
1103
4312
1090
7318
6765
4543
8323
192
2093
3643
9327
6495
8875
3601
2101
9347
9089
5218
6437
4213
7329
9896
5494
2805
7954
47
150
9151
5300
9008
2831
4668
9953
425
4722
9236
9203
4808
5811
9025
8556
5670
7489
6014
5910
480
2896
4207
3815
7697
9557
2634
1744
268
1245
4611
6370
8356
443
6966
5038
8926
1788
3069
2968
5054
9816
5378
1479
8079
9079
1886
7163
6783
2109
6431
7771
2182
8452
152
3547
455
2660
7378
1335
9950
3874
8064
638
7226
9906
9569
5293
7588
1050
6319
166
6589
3077
3188
4702
967
4449
5596
6528
1737
6886
4197
8305
1366
9394
8243
4433
3815
1798
6768
2298
6917
7879
6912
1753
5123
8209
6563
8374
5127
1103
7412
5745
409
8591
3503
1403
7316
2758
1007
1358
9274
2864
1908
6618
4933
7361
9315
6973
9575
6397
5848
4415
835
33
1607
679
1252
7548
7056
333
1659
6829
9537
7148
1398
1322
8965
9891
2316
6538
1850
569
9013
6384
5777
939
1414
4180
7246
8404
6522
2400
7119
391
4396
6772
6665
5772
1362
8870
4477
3669
1443
5673
4634
8987
3336
5145
7260
5738
7440
5969
2547
1174
5966
9785
6894
4056
3709
6287
1910
4489
7268
6240
1591
1369
3685
6803
2361
6764
9247
4339
2573
83
5187
8167
8099
803
8627
8304
2616
7763
8998
7054
8300
1527
6505
4927
1
1348
5472
1349
6496
8895
9162
7171
5382
7831
353
7796
700
9964
6160
2840
1460
250
8672
1707
8623
1686
2203
7172
8475
1971
8450
2343
7802
3058
8298
4999
1582
6884
256
6476
8160
7388
2862
6909
3920
2086
3781
5450
2070
9327
8618
5368
6743
687
1406
3049
9715
506
8469
5416
2219
798
1863
6575
9297
1481
6165
2789
5335
9403
2308
3222
8441
548
8645
6672
8039
1562
7749
9480
4283
3208
463
4280
5161
7894
3360
4997
819
3809
4179
4304
4572
5032
5610
8393
4532
962
4734
4411
6162
2591
2942
8649
7969
9545
8611
5203
2161
4742
8852
4692
1486
509
1573
6202
3998
6755
1738
9107
7411
4865
1786
6657
3760
1860
7551
5354
6072
6816
1481
9631
3283
8065
2210
2359
3626
5856
3788
8631
4481
9551
1319
5312
7220
6273
687
8677
7146
7977
6769
6103
4342
2269
3998
8159
6253
7350
6344
7575
3570
1287
1162
8453
1868
7256
4277
7701
3657
3086
5380
7810
60
3560
865
6177
993
6681
2304
5051
5873
8973
5641
9732
866
8617
5283
7852
9542
7892
5308
5618
2323
3148
9685
5248
5699
5862
6314
3543
1585
9078
8208
3848
9572
8535
5766
4603
889
8903
9470
1344
9768
1890
4645
6448
7145
1578
7294
3295
9615
6064
3453
1616
9042
7793
7614
3748
6443
9088
2054
6561
9016
268
6402
971
3791
1133
1564
8034
4975
5761
6027
1240
5219
4269
5818
5693
9616
2322
3937
297
9533
6286
6607
3685
834
6572
1226
9446
8552
2169
8733
2215
9008
7140
6831
4082
2656
9969
4868
7914
4409
9833
9357
9528
9476
4018
8011
5329
7018
6231
6721
7328
3763
5844
183
8165
2214
7424
4139
6633
8895
7206
7874
6365
6574
3682
6539
4574
8316
8821
7973
3927
7913
4261
5287
20
4961
4309
4477
238
7981
5676
691
1799
8901
8516
5673
2324
2771
3121
3798
3666
243
8811
4057
3686
6102
4426
4267
725
5590
6894
5264
7037
2548
1112
5373
9086
3741
5625
4755
2425
2923
1301
5225
1011
5687
2514
7976
3125
829
2451
6639
8404
440
6060
103
8488
364
897
5169
8235
5330
9135
5164
320
1389
5495
3522
4749
8604
3010
370
2534
1977
2678
1656
6743
5646
212
2680
1998
8839
5482
7291
2691
2594
5276
4960
8805
3875
1050
6787
5331
8980
6174
5498
7651
6426
884
5932
9362
4307
6950
365
7449
2763
6643
8581
4632
3357
2172
7006
1890
3830
8123
3628
7956
6486
4271
3287
1955
416
7304
8211
2625
3201
7964
3585
1004
4845
9380
5902
3523
8116
6743
9577
9190
1476
2176
338
7065
4552
5678
2462
5860
4047
5224
2343
5386
6407
379
5168
7828
4087
9329
6983
8346
284
9888
9747
4781
6891
2236
8188
9796
7830
4682
521
5424
1946
258
9541
8158
4180
1215
5755
7961
2531
8519
3889
6154
5753
5346
5633
5533
5468
4473
7297
4673
2281
4188
7300
3355
9816
5183
4714
4952
4490
4610
4370
1277
1647
1212
6416
7788
3940
8851
6826
8358
1497
3099
9820
7287
1569
249
4299
8722
2946
9426
3111
4170
7277
8581
1513
923
3399
513
2524
3923
2710
2228
2712
9104
9336
3378
7609
8518
9916
2702
8782
9789
4452
4136
4110
8405
7730
2931
7541
6023
8463
2113
923
8010
5722
1022
5846
9279
1566
5846
262
8489
8269
6004
4878
8620
1528
8328
3682
3473
9552
4227
492
7459
8167
9442
9433
457
1728
8037
6304
6512
1941
3995
4627
8069
1623
6236
3646
8732
2863
8578
4316
5103
7907
3605
5112
6887
9525
4706
7841
1568
7909
9143
2711
5676
4423
2270
3907
854
4559
8755
4563
4881
6489
8131
6386
7165
9317
3811
645
4230
2447
2554
8898
9209
5581
2588
4364
4051
9057
500
7001
1927
6782
1406
2532
2380
9576
7246
9150
9665
1636
5616
6128
4350
8766
4701
5115
3992
6874
1702
1152
4625
2114
4065
6604
4106
9837
1885
5563
5301
481
9219
5966
3899
6879
683
4886
7847
5789
4664
6096
6669
8434
7953
2219
9275
1754
7949
8164
9018
4136
3194
8691
4448
1707
2778
3038
4550
7785
2267
1771
6817
8761
2866
3827
2479
7325
8787
5074
5744
92
9791
9291
8655
7293
9706
6329
9147
9167
8695
5184
4134
6566
5491
9393
585
6815
4699
2732
7602
181
3019
8624
8747
3180
5988
6302
7576
923
537
3884
1069
5095
4183
7189
8521
5306
4238
6317
2292
1458
32
739
576
1845
6484
4431
8750
7026
5591
4666
1857
6628
289
5181
8663
4960
175
2994
569
4989
8994
3735
7728
5779
6484
3761
4498
5115
2562
5564
6360
7799
9658
8976
4109
2283
5730
2368
1349
5752
1843
7196
279
7434
4352
8135
2857
7431
1511
9651
6471
7943
7826
4583
3951
7811
9818
4082
6699
1398
8810
8650
6764
2481
2443
7037
5904
1867
8193
4329
8528
9797
8961
6231
5065
171
6797
9825
1765
4934
4702
6292
5140
7822
1693
6385
6396
3821
8670
2318
1099
255
4521
3386
9204
4597
4342
1597
3390
2633
4084
4493
8981
2380
5879
1053
5162
3707
6620
9744
1470
9680
3945
9387
935
1013
6598
5913
5740
5795
3298
840
5299
2393
6532
1840
3652
2135
2895
9428
3018
2170
8640
7873
8534
4834
7703
4211
7711
6127
704
2423
5690
2059
5869
8139
7761
9392
7186
6354
19
7194
9052
7284
9961
6647
2862
6897
2560
8411
7194
2038
7720
8545
9881
5304
5528
5531
4279
942
7547
2698
6046
2587
1003
2425
973
6584
2440
4036
3188
7744
4037
7542
2271
5445
5680
9872
2077
3217
7692
1029
8075
807
7101
7314
5362
311
3295
6539
6250
2656
8739
8801
4473
5615
5398
9039
2685
3446
1840
5444
6465
6537
6534
7675
271
7633
7277
8101
6179
7379
364
7896
5079
8779
3260
1361
7856
6706
3887
1030
5172
5374
8906
1958
2759
9992
1008
2081
1265
6985
4540
1284
1661
462
5178
7468
3328
6523
9075
3276
6980
8780
3012
2938
8225
3894
7466
4707
8135
891
7964
7727
5722
9517
9092
2351
7114
9530
6379
163
3437
1941
864
648
7579
9014
8501
6926
3447
5639
1111
3816
1413
2415
7687
621
1020
2652
5290
7259
9514
313
521
7739
878
1935
1830
7151
8358
5688
9420
3864
2405
7134
8385
9477
4753
3682
123
7045
2422
153
2812
8173
8554
1601
4251
3957
8286
5905
1648
8125
3966
2014
2780
318
2982
5658
291
2267
784
3446
8935
9877
1710
3272
1202
2494
3856
2873
9919
389
339
7381
3014
5760
6407
3397
6306
4840
3451
8857
2417
2574
3638
1118
7207
1947
1413
3632
223
1686
7916
9033
5888
1358
5947
5880
7399
6311
2079
3996
311
498
3361
4767
6506
2740
7823
7616
2242
3384
4309
7784
7840
1201
4888
5647
4928
4232
2367
2071
9199
1396
1966
5669
9739
8759
7904
8560
5813
4452
5744
9170
9365
3839
7364
8507
2443
7901
8759
9477
2253
4075
5425
2595
2514
42
3125
1250
5577
9831
1736
2385
8775
8201
5721
3997
2491
3348
801
9493
3680
7194
4663
4573
6318
6817
2752
4253
6461
5152
258
5849
7768
2802
1828
9884
810
7357
1124
9709
4823
7069
3732
8004
4777
5002
8946
4182
8886
7560
3426
5563
3466
7100
8970
7873
6743
1804
6873
4681
7493
3519
9253
543
9559
708
4753
6424
2396
6895
5431
9924
5279
4478
3431
4498
7804
2729
44
6211
7006
7912
4711
4182
6250
7358
9563
6611
7298
3635
7620
6564
7335
3648
132
5084
14
9732
5980
5723
7917
531
3411
3610
4259
5773
598
9057
1025
509
2108
4697
7737
3112
4981
171
1441
6757
94
9238
132
3244
7460
6464
9381
855
787
2996
2337
5093
2329
3258
1936
1037
8524
5380
1160
8416
9188
3268
4430
1655
7062
8235
6393
1899
2990
8444
4821
2180
9865
5231
7809
3769
1228
8642
5654
9398
3893
4154
4852
300
2524
7607
8746
9634
7989
3749
5457
5433
6373
3487
1910
6141
3245
1374
8739
8791
5992
5278
8457
5727
1902
3394
6124
847
2594
5230
8523
5891
9023
3602
3994
973
441
5543
8270
8261
4099
4898
548
2461
6301
1685
3838
2290
7447
325
9179
1438
7350
3750
5282
3947
1953
50
3675
1858
6170
2264
2362
6625
3636
1249
8761
2011
8021
6799
8352
9338
745
2638
4692
8175
9728
3068
7081
5194
373
5749
5093
4949
9068
5862
9203
3578
776
2723
4849
1237
1814
5285
1783
9701
5849
6155
1139
6412
4691
897
2677
1189
764
318
9556
885
6626
519
2268
5178
3870
3873
1589
4176
9166
6964
7985
8466
5573
9243
5105
30
1067
9847
3572
8113
546
4275
2590
5538
5382
7315
1425
5419
4032
2581
5866
4737
1832
3930
6730
4741
8868
1982
7807
3906
7489
2386
3551
8391
268
7739
7665
7983
2942
1603
8616
3179
2802
9982
4620
1042
3300
4999
5670
2783
8136
7176
4888
7624
9204
1897
6455
8383
1308
6703
935
9729
2840
22
5057
3659
2915
5593
9907
3533
82
1294
3172
4455
1006
4687
9058
7424
2225
4275
4650
2773
8041
4859
9604
6942
9772
8296
7368
780
7161
1257
8129
3151
310
5938
4796
5268
6652
1289
7532
8091
635
5658
958
2567
5402
1947
3364
8815
2623
5401
9345
1697
87
8401
4672
3270
6499
4747
1153
1617
832
3744
8032
1041
881
5116
7811
8933
9563
8734
193
9167
4141
6093
2698
8673
5513
6021
5638
1940
4595
9519
5406
7176
4982
638
7713
2038
4797
8085
3924
529
5237
8855
2778
3914
268
5222
3403
4819
6197
4493
9476
491
8540
8505
4842
9528
8400
5026
2780
5187
3682
2599
6053
317
7017
7975
3035
1216
3439
76
7687
4112
9979
6034
9713
3008
2747
8086
8583
7360
5406
2073
122
980
380
4692
5637
6353
8499
5909
234
1024
7151
8135
6891
5125
6740
8336
450
3353
267
7540
990
7635
2967
9430
906
3493
3411
3519
9771
9026
6074
7239
70
1646
6962
320
9404
382
9237
7539
5828
7231
1390
4722
8115
5586
5389
2812
1818
116
5479
3775
9659
8812
7421
5927
7657
5662
806
1652
9964
7821
3756
4155
2670
1341
4384
5251
1013
2085
9883
3727
477
7955
6003
5899
4050
5530
3590
2704
102
2807
9830
5938
3093
9938
432
3208
1155
239
6122
8443
2509
6019
7097
6887
5141
8564
5900
7072
324
1658
521
7198
5947
5345
7378
4072
6426
4272
68
6479
9676
2804
2171
65
2381
3830
4213
8734
9898
971
4642
2519
7523
8058
5028
3762
7311
6696
6857
6714
4108
4127
370
7140
2048
6413
8832
3036
5938
9625
5562
4957
79
9744
7325
7456
6825
7326
9024
3084
7730
1224
5634
2492
7617
5061
5635
6942
2015
2589
5484
6471
9713
6554
8011
9460
4546
9659
2927
3643
5644
216
6621
3712
2914
9631
9757
6947
4045
5757
9476
6231
2417
7848
6142
3726
8156
2297
3095
3103
5898
2231
5799
8330
5384
9966
5768
4274
7091
7743
4149
5369
9948
9889
4737
2745
3018
1621
9360
6654
7532
6855
9942
5346
1050
7296
7930
1920
1286
6792
8999
282
8101
6937
3535
2822
1380
3263
460
5155
3864
5452
6325
2777
8262
3176
9001
4207
60
9205
7499
8902
6986
9296
9690
5538
6129
7124
6443
4392
4630
2472
7141
4739
5826
9449
7833
1841
8569
98
8572
5739
5301
2775
9587
1665
3167
6370
3034
4803
8058
1956
1632
6509
9612
1485
9827
1306
2937
2567
1971
5465
9965
1805
8230
3309
1318
6905
6888
5614
5244
5018
7532
7965
7230
5028
2083
7268
9739
8849
5559
1660
6281
2614
3861
6728
4325
1457
5382
3503
296
4734
8376
3079
4817
7673
7133
5645
5845
4541
320
8241
9521
2587
3295
1325
5927
7271
5689
262
8428
5548
7142
7340
7117
5551
1565
3836
7737
5137
3782
7140
5440
349
8477
1398
4982
946
8143
4646
499
7339
2661
9966
2666
3882
6874
6576
3748
9427
5658
6843
7225
5892
2201
1143
730
6930
2909
3019
2109
303
7656
110
4038
8520
1590
6522
9007
843
208
8668
228
8614
4507
2728
717
6905
1632
5738
1625
5565
6025
8231
4787
2127
6372
8626
4932
965
7271
5626
741
6081
4720
3697
8798
9059
7736
1719
9024
1128
6404
9221
7644
6561
4918
4213
7150
9919
343
4926
5785
9417
7193
734
32
6816
7389
6449
9134
4906
1360
5710
7779
8266
6706
224
636
529
1285
6705
2718
8158
7966
7602
878
1521
6763
5992
4656
4909
1377
641
1338
9595
6448
7940
5396
7963
9413
5447
8926
1206
9309
9817
6542
9231
1729
4511
196
1735
8450
92
7052
7456
4450
4330
1088
7417
6957
1237
6087
3160
6418
1590
6430
3623
3474
4286
4785
1429
6307
5512
8375
7468
4929
8897
6839
8131
3810
6931
9098
1049
7044
4125
6782
2146
8326
7630
6020
7567
8016
6400
5576
21
6239
3154
3275
6256
2449
878
6158
9201
2121
1273
2012
1682
8768
744
5156
5818
3128
1088
3554
6475
6430
8806
2841
7209
7580
7301
400
4789
8840
7053
5990
8
8252
5497
8803
2155
1730
8105
8652
4019
4044
7822
6434
8074
7326
2804
4088
7224
729
4169
5696
1793
2452
8444
4689
2887
6409
5873
9670
4816
2345
4992
6566
8275
4701
4317
5019
956
1178
499
833
8911
8928
8186
638
9065
2607
6328
2616
338
6662
1795
4695
9662
8906
291
7128
8386
4864
2438
3259
2244
3271
6670
5115
668
4389
9845
3447
2103
5180
144
9841
6858
6040
8961
5970
6083
1944
71
1175
7114
7174
7425
61
935
9397
6415
1781
9310
6454
1897
3907
8021
951
7609
8521
2022
7065
7523
5627
1263
6972
1525
6111
9703
9625
6873
4819
6475
4507
9815
9450
3815
9787
8967
8372
9984
7751
501
5977
6333
2943
2397
3938
4886
4139
1670
8757
1973
7564
3291
7707
3801
5006
324
8191
1914
1334
7955
4325
4695
9982
6603
596
5034
8378
6299
3137
6237
2214
4231
9834
3973
6286
7255
2876
3404
7977
5353
8130
6446
5315
5154
3915
5114
614
962
4885
2648
5300
7670
8956
7817
2036
7030
1961
2569
8038
3278
8905
3489
8325
4010
1691
5049
9528
5067
9301
539
7732
3430
5460
1108
9138
2044
1294
9091
8664
3492
7495
9827
7543
8227
1627
742
1249
9678
3182
807
4388
679
6862
961
2872
1859
4433
4430
2001
3356
529
9767
9952
3138
3248
1451
108
732
2378
747
4921
9228
8566
2657
3427
497
40
5729
1081
5350
646
6008
5384
6311
5381
5777
51
7460
7471
3879
9020
5006
51
900
8642
6175
490
1191
3366
6518
9249
1300
44
9520
9672
1558
5931
4882
5334
7152
3168
4274
3926
9281
9462
8773
4882
709
5178
8163
5962
3480
3310
8231
3745
6037
7084
6434
5413
9997
8804
9135
3657
387
7588
3938
9472
6533
6436
7722
7592
6805
5787
1829
5057
869
9825
1219
3177
2528
3313
1890
8389
4165
9722
2968
4781
4415
9156
128
8453
6832
1770
667
4868
1548
8647
8088
6211
1073
4561
3022
7443
917
3405
8405
6827
3544
5885
6869
413
2920
845
8823
564
9523
2758
8935
13
5958
876
5291
9742
7220
5227
9629
2631
2947
9545
20
2260
8273
4983
8753
4508
4068
8457
6837
3225
8126
3680
5360
1924
815
4689
3412
4220
8708
212
7400
467
2910
4154
40
1302
6942
7467
5050
1654
1500
2524
604
3223
7878
7898
4968
869
8325
3397
5865
3358
5532
1548
6488
7841
5530
4577
3279
7552
6879
5720
1086
4260
170
2657
204
2926
4241
8576
5205
1061
3994
5029
7218
2609
838
1997
3655
7059
7662
3077
4821
4703
4469
1142
80
8855
8620
1073
202
1301
4837
9447
3086
9156
1824
2454
7465
892
9409
1372
3395
6312
7026
1033
2220
5654
3284
6373
6753
3882
6513
7403
2445
9135
9309
6529
7852
6043
1947
197
827
7598
8908
373
5787
119
8258
8555
4309
7651
994
1363
2023
8803
8520
5419
2028
8712
1396
1414
1450
4862
9155
7980
5173
6274
89
4850
5985
7650
809
5793
2165
9887
151
5782
7994
6641
9476
1638
7458
696
3033
2811
3846
6170
2655
3247
2872
7806
3947
5923
9047
8307
519
9613
5905
1501
1611
4253
5091
1822
4235
9322
331
4669
8266
5053
991
2230
4412
4313
6486
3358
1737
7446
8692
6624
1789
1129
6083
5433
4908
4049
156
813
7699
3905
1301
6820
218
677
1845
9956
4933
2803
9747
3371
5658
7951
5629
5562
2780
6634
4436
6537
5782
4840
8291
8459
2596
7133
1121
3839
5371
324
2652
383
3961
8668
6854
5321
4247
4495
6124
5048
3563
5663
848
4286
4553
6399
5656
5680
3066
8444
3615
4254
1589
4487
6586
7357
281
912
9909
1139
2141
9919
7724
9231
4270
2130
