3510
2064
8895
5027
3826
8358
8928
4502
6250
2257
1179
7547
1842
5317
678
3141
3757
9033
5835
5194
2367
4504
3397
6111
2177
8965
5396
8275
2817
3804
3453
5842
6579
5300
1968
569
6617
2704
9143
8777
9866
3540
7017
1524
4193
9109
5992
6677
7221
3801
6653
4700
2209
4718
7309
9911
4511
3703
5224
2412
2597
8560
271
7586
1724
2818
4175
4528
441
1890
5454
1885
9643
2884
5105
5559
5680
8270
5959
3551
579
3927
870
1617
7062
8830
6304
7697
567
870
3553
3601
2179
5535
5784
4191
4004
6976
3520
907
1336
7152
6714
1478
2288
5605
9208
8887
3713
7204
5624
7607
298
2070
5067
5100
3475
6059
4273
1522
5214
8088
7971
5445
3341
828
3805
9324
2832
8257
1878
4255
5560
6606
4381
8729
5981
8473
1858
8024
8217
7962
2526
2689
8943
1930
9343
1361
3547
1786
5028
6063
7688
6033
1714
3597
4280
2141
4049
6748
5299
1178
934
8111
5855
1232
5005
8344
8439
2118
7154
5967
1996
5317
1948
6929
8581
9592
9575
5221
4676
4351
9069
730
9191
8723
5953
1260
6567
9684
3767
3429
5057
8670
2499
3360
63
1593
3021
5272
1330
9120
8061
4176
8045
8969
9640
2956
3361
6147
8615
6252
8929
3374
8753
2904
3297
8532
197
4743
9152
5014
8022
2170
9519
4625
8690
2085
5837
5103
3809
6526
4880
5033
4359
7966
7394
8234
3957
3012
6726
5055
2723
265
9285
6139
2050
9086
154
1383
7905
753
22
3382
975
2911
3424
5991
5671
7683
1229
4964
9901
508
6136
1463
4147
4813
9294
1852
6552
2702
5912
5937
9774
8096
102
1721
5654
814
7013
2208
1978
2799
2204
4698
7719
8023
3433
3029
4421
6829
9475
4252
1909
3352
2811
5581
8838
5250
6532
7570
9651
1535
7564
7819
6349
6214
1734
477
3840
9326
9862
468
3828
276
4728
836
7123
6264
9213
749
4129
2296
4387
5197
6253
9108
799
8175
6163
6417
3914
7921
2828
1145
6037
2467
4707
9903
1147
9515
8564
6992
7858
2406
1251
1125
2380
8857
3317
4373
8128
4310
3679
2088
4400
9129
9498
2358
4568
5442
1264
4813
5634
3757
7302
7617
9176
7981
9589
7454
1271
7991
7206
5482
6844
9722
5418
5413
8670
1389
7395
5570
3847
737
2931
4959
8992
7989
5711
3856
1208
9177
9439
8875
5697
9514
4197
7836
424
3419
5847
8824
1759
1221
4122
6238
2152
6741
6669
2489
3936
4803
3152
5571
2069
3796
4800
1316
2934
5557
7856
2120
9142
6248
500
750
2764
7179
8573
8988
8409
8291
2252
1520
5783
1784
9973
386
5083
7642
242
5
7607
913
7632
1036
6527
722
3482
489
1973
8477
6673
3584
595
3763
5861
4251
7093
7397
3762
3991
9216
8472
6953
6491
6467
6741
6618
9192
8536
429
4571
7324
6423
3753
8296
129
6824
9263
7255
9747
2706
6064
7238
5054
8613
6223
6275
6597
4625
220
9720
5471
3425
638
1938
7596
6535
1024
1548
6662
9156
3666
3053
1747
2340
704
7002
9030
9940
7535
937
9685
3874
6260
8419
6485
5136
9183
7605
9041
5043
3812
4260
1082
5838
3130
6442
1080
2182
460
8961
7151
3090
3470
1211
8301
3698
5178
5084
4335
5592
5127
8340
9587
5495
7659
141
2536
2791
9623
6541
7634
2385
6577
4776
7498
1741
735
6534
4978
7462
5567
3884
3350
3799
6228
8138
4926
9589
1754
3344
9392
2424
2426
4510
4578
6726
393
8006
5277
3982
6348
9760
173
9630
1702
7450
3861
2322
6033
7290
8527
1946
7675
4706
8481
2534
9560
9694
4059
3024
3829
9628
8541
4406
8493
9705
854
3315
4036
5604
1063
169
3440
6562
8694
4894
1480
8573
5662
2848
7237
7625
1507
7141
6773
3477
1427
9923
9950
9754
8664
5545
5471
3075
698
5496
3506
9529
9186
2018
702
2666
5994
1149
6586
4118
3680
4436
4987
6309
9960
5547
2718
8536
5473
3356
3569
8139
4320
4819
5099
9443
1016
3202
1324
5002
1660
1538
2463
9508
3803
6375
4237
3356
3658
1694
5019
2561
991
5381
5539
6215
1049
6184
9200
347
7501
852
306
630
1308
6953
1874
5357
5120
465
6128
2003
341
1495
5336
7692
7524
4037
2834
5007
5914
9263
7417
7270
6984
4310
563
9077
1092
8858
7583
3365
9596
5087
8766
6236
9642
1450
1815
363
9859
7256
4990
1092
1978
5931
3887
773
7938
2754
2212
1701
5152
6244
9639
7226
4463
6505
3137
6165
5677
8277
4320
379
9666
722
5127
3152
5728
665
8591
5154
6854
9452
2459
7055
7967
9283
8602
932
7944
5073
1398
2644
3231
3266
9241
689
2231
6611
6751
442
9879
126
3942
9728
2626
6193
1074
8822
7009
8010
2061
3318
7293
9681
8571
1850
3481
322
380
7133
5451
8181
8123
3615
11
5276
9955
4238
1012
2520
2690
7896
5592
792
6325
2922
9553
9616
1762
7443
8945
5458
5237
3514
506
8875
178
2568
5498
6412
6121
9860
6623
4227
4952
6042
5864
4102
234
3479
7563
796
9821
2003
7475
6136
514
8363
8722
9043
973
8697
4052
6548
3259
7875
2596
3662
1956
9677
5783
4198
3542
7596
982
2128
6081
9977
9306
4725
5409
8301
7728
8851
5926
8559
7596
9489
3279
6919
1993
5805
6773
5902
622
5908
7156
3044
4093
8974
4452
2894
5221
3955
1638
3098
71
8094
6505
6448
1189
8844
3917
1447
9574
5137
4271
7984
327
8824
1538
3475
4844
4916
2479
5381
2691
6983
8675
7315
1193
3790
55
8141
7686
6856
9565
466
6068
8466
3750
1139
9549
6880
7136
679
1010
2441
5373
1643
2408
8560
2207
5859
9980
442
959
7954
9559
9921
1660
530
2509
1156
9649
3216
9744
8600
8464
7543
4097
448
1146
967
1142
6196
464
8978
7351
4481
8468
3875
563
541
504
7995
4608
6053
456
1657
1151
4021
3684
1845
3853
7811
1653
7242
3525
1368
5217
9934
8019
5148
842
2927
5141
5053
4608
923
2554
9499
55
6284
508
8708
2867
9358
3977
7831
3888
6574
1165
8455
6926
4721
2188
4318
4585
9519
4619
8491
1046
2234
1790
2041
5658
430
8364
6558
5157
9927
8510
5149
8507
1258
4583
2120
2083
3377
4942
1317
8713
8198
5942
4028
4718
8138
4910
2106
2815
659
308
3925
2979
7232
7013
2221
6077
9083
9840
9979
6962
8826
8952
2265
1156
7745
7944
1549
4205
5655
7681
4595
2984
195
7598
3207
1928
4916
5593
1132
4092
8394
3766
5259
3674
436
2413
2123
2569
1831
4069
7593
6923
2263
8716
3572
2982
37
7971
7256
1332
5733
3654
7238
1024
9227
2873
7420
65
8962
7758
678
7556
4728
2244
576
5201
2698
7737
2390
1152
1799
8335
4427
516
1619
3965
338
2245
4091
1292
333
1708
9615
6450
8127
7175
8353
9772
5456
4460
5161
2291
4429
6090
8834
1217
4393
7387
5333
9454
8164
9702
720
5891
2469
3202
5250
5887
1255
8660
9685
2263
5102
6505
2057
9672
2789
6463
4377
41
70
7933
7244
4892
1509
5780
2923
1587
7449
1069
9690
4655
2615
337
6932
483
604
984
9511
4535
5623
3113
1065
9881
3458
7568
694
5837
411
3213
2711
2965
6515
9241
1009
7980
5314
4036
343
7421
7332
1450
2988
3105
7444
6996
873
3108
2660
7610
503
2489
3350
3430
9642
5332
6474
3731
2635
6085
3205
357
7120
6069
218
8131
8345
9816
9255
3071
5706
9458
2959
6230
3888
6423
8383
9106
2706
3755
5648
7404
3894
5832
72
5471
4364
685
1612
2569
9115
2659
8166
1147
8054
6059
4623
7759
8251
6435
9482
1224
1832
9160
5421
6677
810
7430
4956
5984
4867
6314
8948
7443
7351
6024
3680
3802
1444
6328
28
1651
43
2204
9284
1570
4799
7629
2647
5601
8777
7970
6142
3157
6837
2162
3507
7932
1741
4737
8895
2722
4864
2951
9908
2530
4575
6254
4212
5913
804
6026
284
9831
4719
9939
6737
9759
1614
2621
997
9966
7848
3193
5398
1544
4390
4980
3828
493
1390
5613
9516
3979
4750
6228
5109
7757
3826
1390
6902
2385
946
7893
2179
4264
7034
4780
8434
5158
3351
1393
9182
1225
6651
5867
936
5878
3294
4770
5620
8239
6177
6925
455
1280
31
2583
7915
345
4403
8891
364
7894
1472
1231
4258
5818
8609
3453
5708
9275
7646
5611
6661
7830
7431
5548
8790
6419
8352
5984
8264
8435
3737
9766
2548
4438
1609
9778
8040
4345
3975
3194
1704
3564
2276
9274
1455
98
6408
5543
4049
3361
2935
3249
9279
1642
9392
4785
853
8770
7858
7378
9011
9231
2284
1212
6182
126
6207
3947
7539
2865
6561
5646
3935
7462
3905
9563
7358
6850
7474
256
5430
6862
1287
3941
9375
7911
7113
5358
5353
89
8712
6732
6138
4678
699
5298
7907
7423
773
2500
5965
7749
6903
748
6677
3738
9180
9415
8354
529
1668
5996
127
9140
4352
1261
8697
6467
5191
5382
5062
8618
1812
5106
8656
1692
8493
2892
7581
5772
9839
4739
8316
9482
891
9575
5630
8010
4231
768
5119
7344
6114
4351
7296
5623
2248
763
6882
2146
1870
6397
6128
266
4139
4216
5097
2661
8372
7135
4249
984
9682
4683
6740
9955
4145
1396
8862
4235
2551
2844
2457
4421
5887
5019
6124
5341
146
3061
29
7238
1602
2264
1931
5804
9346
5234
6970
5654
4084
2367
667
1784
8144
7951
9608
3700
2190
6246
105
2288
2113
2414
7302
4499
7232
7031
201
6520
3202
1854
2014
485
8358
3451
2971
3350
4092
6932
2358
9202
883
1327
9383
9792
2079
3701
7884
1986
4182
34
627
670
4552
4585
1415
3678
7017
8197
7049
3710
1085
5098
5082
9971
1518
6777
5427
4986
189
5378
418
7390
8547
9492
3825
2883
7874
6016
4388
9840
3773
6140
3647
9930
5664
7555
4146
2010
4845
1673
5346
5537
6245
3020
3173
5266
1696
4199
9401
4205
7897
9328
2369
3292
6088
9441
2701
103
413
2932
6709
8770
9750
8727
9091
6742
7965
6927
1642
652
1281
2648
9190
8581
848
7386
9937
6056
3598
7048
4063
8435
8676
690
9864
3538
3607
5195
6703
2654
532
7877
8419
2412
6646
7831
1825
8582
2675
1424
4356
5639
7785
9430
2763
9184
3920
3959
5845
2968
588
2017
9659
9552
3682
1757
4313
7572
4884
8341
9467
2925
7387
2262
5825
451
5120
3585
2942
2704
2951
9804
2771
7280
4776
9126
5683
1364
4331
6343
4562
8406
64
2597
63
7719
5368
1027
3595
2628
771
9540
3541
5815
1079
3197
2083
2890
425
3033
7231
4070
4652
102
4123
6985
3043
8668
6051
5382
6692
2894
318
1351
4988
4153
8672
3213
4697
393
7007
6120
3319
59
9664
2690
5594
4237
6846
6245
8885
7970
5574
7341
4709
4802
3825
8904
574
5021
4063
2410
6863
5008
7932
2286
6244
8912
1074
7926
1592
4563
7612
8323
7061
6927
9297
464
2138
3018
5973
7257
8808
784
8952
5241
3512
5379
8697
6289
2860
2493
1675
6196
1201
1313
1377
6559
8446
7295
9289
3094
1003
9958
2819
5993
7377
691
9517
8598
6298
5576
5020
2168
5765
9433
3721
3678
7464
1951
8549
8886
4850
8287
10
23
6220
7701
1232
5166
1963
6585
1033
6576
4774
4084
7770
5471
5198
9628
4806
6760
1950
8491
1848
6361
5952
2430
8493
2303
7450
8777
3227
3437
3667
9880
1874
537
1318
5968
6078
3968
1250
1219
4070
5546
5739
6275
6148
8600
5025
206
4865
5930
5482
1367
2060
365
271
1909
7831
1009
5712
9205
4351
1417
4869
1323
2134
7804
4482
1126
7502
9384
197
2305
7476
614
5615
4181
1894
2472
1165
2108
2018
6399
1219
656
9101
9882
132
1282
3773
6200
2160
9303
7108
830
8522
7853
5785
5076
7412
843
7028
4410
5545
646
4342
6057
1463
1760
7411
4004
9176
4106
3693
1100
7163
7594
1646
6770
7636
6376
1586
552
972
5523
4862
9841
4230
369
9425
6423
5520
5443
5845
2875
9346
2518
2338
3494
1606
3014
2800
8206
8099
845
7334
9477
5592
8297
3892
4860
9234
364
3225
1476
6634
9165
8402
2565
7870
1740
5936
5127
3690
34
4692
7662
5699
9894
6522
8019
5408
8045
5104
4124
7093
7769
2145
4798
1261
3506
3138
505
9299
4866
5975
1186
1213
9465
707
4942
2678
8513
6923
2665
9623
2604
7366
5415
1953
8010
2852
7650
1561
1335
9527
2578
144
2369
1378
5786
9870
7655
4732
7839
8939
5660
5265
7476
9994
651
950
8176
9346
1749
5782
1969
2937
5190
7086
8730
7951
7381
9346
4424
7653
458
1610
626
6937
3578
1580
623
8735
429
3495
6065
2013
7409
3353
2335
3075
5047
1182
6848
9525
1371
6757
3155
5510
1954
6609
4012
563
7628
9705
8809
6361
9720
9484
5266
1811
311
6853
7151
3125
6696
8854
627
2750
2035
4212
7622
2621
961
6031
1
228
4232
8972
18
273
7509
9313
3168
7198
338
2013
4808
7383
9767
1681
1829
756
7084
4655
7343
6690
8797
5517
7242
7858
9766
5094
5999
6765
3918
5902
5144
7042
1104
3871
628
3134
1331
8501
2730
4615
1036
8818
6635
3429
1178
2318
9040
957
5263
4735
7842
2028
4766
4209
6153
9292
9247
1587
4204
1174
6320
9534
3335
7300
4678
8578
6923
529
6065
5086
9647
1168
3837
7836
532
9110
9428
887
6886
5685
1377
554
3006
2629
9600
1590
7492
8817
1250
2063
8882
7276
7628
1956
7188
7598
8382
8889
7596
2927
1793
674
8961
5422
9674
4031
9112
4830
4795
4831
2091
2670
4601
3010
2261
4147
7864
5775
4160
517
2402
9262
5829
4371
5926
3555
3730
2083
7021
3719
6202
8426
1625
2677
9927
8084
9094
8670
5434
2641
4562
6858
5459
3229
6009
1948
8076
5978
5944
9152
6623
2267
627
6803
3416
287
3395
79
1814
1576
8231
130
2683
5960
7707
346
8722
7592
8630
7055
4064
8980
9229
8556
467
9477
2277
3740
3655
1340
4582
3965
6183
9880
2490
7172
7681
8757
6949
2685
6274
3329
3999
620
7281
7772
9500
9077
424
9963
3501
7684
7404
1129
7376
1450
3725
4987
2242
4758
1369
1326
2804
7211
8396
9136
3067
4883
7122
7911
8193
9984
5820
8098
2058
186
6113
6778
1537
3051
2044
6772
2128
2931
771
4214
8175
2728
1288
5299
7763
1869
9032
8389
9560
2766
6720
9670
3257
3701
8096
6443
8540
141
5656
8670
4635
113
1838
5222
9788
9663
4946
4805
4275
9262
5449
1918
6205
41
8581
2000
1101
5175
8662
6372
1220
7288
6329
2159
3273
4447
8286
5476
936
247
6792
3001
9783
2467
6926
4436
9411
2293
94
3715
8169
7210
609
5029
2976
5569
7946
3831
372
9526
4168
6463
3134
7136
5434
1006
8030
5219
9698
806
9467
3170
1730
1641
9121
3221
1075
3193
3801
5938
9029
5361
9494
9003
5793
6415
9931
3749
1818
8652
3147
9360
9505
6986
5288
9863
5832
2217
4253
3846
5262
5445
6503
2627
5065
1392
990
2299
290
5399
6785
8218
3210
5732
1247
6885
4139
3824
1682
24
7849
6082
4614
6647
3175
873
3784
387
149
9346
297
1932
6855
2406
8546
1005
8706
2450
4481
7784
239
4500
9777
7023
5314
3152
5336
44
7124
2765
729
1502
9803
1950
8346
9585
4956
9680
65
5384
8183
8413
6871
8425
7617
619
7038
133
127
4613
8879
8002
190
5459
8540
4487
5375
2584
1524
6692
3567
6264
7124
4044
8501
1524
1755
9808
8037
7172
4198
6937
8178
5359
474
5601
5936
1098
4097
2910
9830
5883
1275
9516
7714
8856
1141
3814
7943
817
8935
6641
4866
7543
312
8549
5834
8199
7676
3049
8918
2151
381
1594
1784
1644
4903
2807
9959
8934
1453
9644
9002
7448
3242
2057
320
3512
114
8911
429
575
4903
2678
3423
1197
8743
6382
4367
6508
9698
5616
4466
6271
137
7855
1135
5912
1954
3569
9179
8243
1608
8084
7456
6594
8383
5855
8668
7573
6742
7702
6118
7141
3797
3257
5547
2958
8966
4938
5286
1399
2928
7961
7695
6623
2334
5422
9722
4742
8302
8561
3968
3893
7605
8969
6235
2331
5295
9408
6842
3541
7669
9312
1077
3096
4839
9516
5786
542
7897
5053
2069
5483
4603
424
1503
7771
1839
984
2557
7707
7935
5597
298
2528
5959
9056
5903
7079
9646
8849
8670
938
1874
2912
3022
7452
8129
6325
9248
4018
8212
4908
5200
7149
6614
5120
5863
3160
7570
4019
1085
3274
890
6423
6876
6729
7268
7644
1392
7420
3423
5863
1099
1978
3619
2331
8677
1012
4247
1302
1840
92
572
4011
7193
9345
9766
1895
5546
9608
5658
9122
7373
904
6467
4180
5707
5762
7263
706
4291
5612
6006
4484
8214
2040
8459
6100
3902
6949
8427
564
7551
3906
5315
4492
4902
9226
766
2175
8590
241
6603
2938
3057
217
7341
3080
5196
5825
2844
6757
4523
875
5241
7405
5011
1512
8750
6655
5966
5027
3716
9747
7169
9463
3694
4373
8602
8477
8243
7838
4485
502
2825
2910
8510
129
3692
5096
8304
521
319
4665
6636
7918
8441
4678
1814
8671
2480
9697
1417
4689
2340
807
6058
9327
6817
8138
4713
6254
9608
7030
5684
3547
4920
6290
2167
467
2694
9813
3262
2590
507
7923
4539
8873
8812
7586
7506
1215
8629
813
2321
3428
655
1396
6893
4718
6833
1982
4360
224
8962
5948
9903
7780
2780
4491
6432
2612
4364
2246
4984
8708
6870
1798
5562
3296
1926
9255
1644
734
8689
4152
940
1440
5018
1902
6864
7704
1232
9077
154
9160
181
277
202
8357
8121
4045
7389
4503
4676
2862
2436
9056
3331
4934
6495
8998
7482
3256
8088
287
2008
9173
1821
5208
280
6697
4549
8258
1284
452
9635
2809
228
9875
3976
5298
1059
6682
275
9137
5026
2737
4132
6436
3238
1256
3406
9872
2077
1656
3866
9510
7166
6744
7736
2785
2862
2360
9249
702
1695
478
3416
6024
4947
5835
9854
3808
5262
9416
1333
9318
5177
6594
8636
7334
8019
9968
4505
81
82
1069
502
4599
8247
5206
5874
9758
4688
9041
9175
3266
3591
4199
5387
5577
5895
8081
8912
2146
5390
3995
4615
2249
942
7191
4962
761
2510
5728
5862
9839
8110
5433
8687
2294
7960
242
1389
8805
4401
7030
6685
6897
9534
6692
9394
1360
3428
744
146
8875
6760
5286
1517
1199
6149
3938
3496
2689
3499
4350
6376
1067
9476
5857
6362
8616
5651
2017
3104
871
6614
4717
6837
15
9162
8729
7153
6496
6109
2678
5672
7793
9054
2685
4316
8076
8400
2056
8595
3682
9534
2190
3972
6540
9545
841
2971
3487
3117
3414
6556
1707
5858
1624
2996
6177
8749
4473
8042
78
1094
5742
3013
9400
9557
7877
7975
3891
1958
6782
7239
3057
2187
6595
8221
7140
5537
3557
8758
2817
8010
6485
5559
6371
3977
2012
8590
4841
4909
6424
2851
5165
4357
4579
8878
2754
5969
6305
8531
953
4281
3638
2872
4352
343
8161
4183
5176
47
7753
9422
3761
1391
8931
164
6388
5745
3565
8486
7885
1405
1450
8575
7650
123
6874
6375
4949
5911
5126
8114
8610
765
8229
3545
8405
1348
8637
1862
8651
1735
5993
1352
1091
1118
9859
7719
5826
7227
8399
9361
7327
6448
5012
6099
4849
1918
8744
67
8131
1417
7574
3722
7889
8423
6687
2543
3011
1671
3338
2159
9827
9598
5833
6552
267
204
2874
3988
8128
3070
4694
6036
693
1228
5530
7298
8606
114
5199
8
8610
3084
5704
734
6859
9643
7527
9662
5726
5236
3805
9508
2721
9128
5501
1106
2686
7486
6427
8176
7411
6651
7814
9504
2050
7156
4238
2192
12
4859
3860
1720
9989
5301
5758
8547
9604
428
8499
7674
2314
9504
377
76
572
168
2920
5914
3038
9478
3514
5438
4030
6457
7586
3644
7978
2588
8839
929
6752
667
1979
4216
5680
8550
156
4476
6735
9534
7798
5799
3867
4637
3122
1096
9398
8418
3424
8259
9665
4681
396
5875
4742
1545
9664
8203
5698
3543
742
5946
8413
3945
2120
4092
8023
2805
358
7885
465
4790
1091
6600
4037
6768
4701
8606
6932
5115
1623
4834
7962
8124
9125
6545
2543
3362
7378
1408
460
5915
5297
4365
6312
9335
8447
3879
8799
1508
1745
10
270
5848
3728
8946
349
830
509
785
7785
231
1154
8171
1501
5521
1927
3614
8268
8406
4286
5088
8878
1547
4668
5041
1285
761
5316
2015
5274
7721
3025
3063
9465
9527
3471
3449
6694
57
8055
4277
9386
3977
342
3714
8654
8750
2104
2926
4834
5481
8022
3183
8811
3099
2745
4071
5863
6020
1882
4358
2238
4374
8473
5849
2503
8888
5589
2209
3428
6950
4558
6127
4971
9942
3029
4891
1649
6341
2188
707
277
8272
8367
880
8711
7375
7311
501
1843
2155
903
3553
1454
7633
6717
9603
1164
7598
7527
3741
2299
5498
134
5041
3823
993
5332
2345
8427
1516
9558
3651
8969
3439
5933
4440
9062
6491
5983
6718
3997
7347
2605
1955
622
4364
3985
9530
4299
1678
2407
3154
1679
4727
2852
3682
3979
2479
9319
5761
5854
3606
2970
65
7169
1337
3988
2588
3276
211
2255
4566
4584
3584
1810
1330
2594
9069
5786
4673
2009
2891
234
8324
2164
7299
8427
5811
2179
3475
1793
8087
6816
2422
9245
2977
1217
4962
7256
5758
6094
9771
9779
2513
3193
9237
3768
4352
3151
9511
4940
2540
2297
3162
9683
9559
4239
4832
6384
8122
9930
6274
2712
462
420
8594
4514
5384
1823
7871
1277
8802
6974
5703
5790
8532
2788
6327
6084
2066
7143
3565
618
6655
7696
5230
1368
799
7251
2740
9910
6794
9525
8511
3167
5900
8782
749
4685
153
4765
4916
5911
6142
4514
2427
4676
9442
6492
1209
9226
188
6032
8421
6568
1566
5314
4204
5212
3231
1267
7330
8530
7911
7112
6239
5833
5555
579
5707
9651
5592
5808
1012
8458
4836
7741
2379
1626
4208
8822
6303
5822
4321
141
8290
1290
5374
8611
5480
3891
9628
6725
653
9062
9909
1126
2342
396
104
2117
8351
232
4858
1083
1780
1865
7401
323
7852
3587
8288
8598
4431
6916
5783
8530
8120
7270
8770
2598
8965
1328
8394
6957
203
2105
8937
9668
5895
490
7231
586
863
7102
4673
9923
7751
1738
2545
6936
8720
5843
872
6175
2170
8640
6208
6547
1226
4989
4303
4416
8727
4424
3741
7437
5535
444
5302
7702
5110
2104
2587
5764
4334
3404
4243
2220
8562
1007
239
6321
6940
4015
3292
2486
2439
438
3841
8980
5630
5061
6743
5572
4483
9024
5577
7226
684
4757
7425
7791
7576
6075
9442
6617
7984
3795
5236
9177
8952
8941
9177
9200
8692
9914
318
2399
5959
2889
4014
9130
5383
1489
5440
7671
2973
8170
9169
2409
9736
9480
524
4308
3953
7573
3686
6348
5225
5433
2902
351
2862
2408
9505
9243
4365
9177
8052
8813
3713
6959
1178
9015
7641
1286
6958
2509
9416
5547
1818
1853
2902
552
7277
2936
7332
635
1180
2337
1917
5394
3807
3265
7575
405
2540
645
7001
6399
5633
5797
8407
3786
8090
9025
9448
8743
4163
7546
3321
6615
1064
5786
9274
5913
6984
9185
3221
496
4919
6429
8768
5424
3618
2837
9608
9206
4814
4290
3997
7457
1657
5162
5981
2384
1826
6939
5672
2536
5605
5745
4499
7634
1790
340
88
2592
9279
1249
4250
3802
8317
6322
4038
8682
1636
8909
8757
1599
7210
9590
9150
2978
3601
2898
600
5859
4246
5449
8413
2894
9575
5255
4250
8864
274
447
5140
2768
5544
9996
212
3788
6288
6502
2275
3665
9031
9949
4832
6742
4918
5845
7006
3590
7356
7279
5211
9320
1178
4591
9451
1597
1165
2639
2164
1877
7126
5872
8641
8318
1206
2487
2586
1578
4469
2156
6059
6619
3697
7563
6208
4094
1524
1044
9458
2674
6126
4133
5595
2659
4161
786
518
5687
5772
1358
3746
228
4479
7481
6469
8924
1149
6262
6397
8807
4352
3320
1890
4780
694
7160
1991
5275
1096
3830
4511
9001
4028
7433
1740
3128
5504
9844
9314
2130
7479
6504
9771
6947
2065
2064
2979
6657
5202
4333
9268
4601
1012
4974
156
1606
8488
7691
6825
0
2776
1150
1063
5119
4456
3263
4593
5627
1307
2123
3347
6306
8482
3968
224
5380
3887
5624
4495
5311
2952
6479
4032
1042
3239
8178
8173
1104
669
1990
268
8995
6870
834
5744
3865
6808
3835
9198
1712
6038
5290
4110
3210
5026
2091
9160
2269
5550
9685
3309
6906
6067
8545
552
2999
715
4329
9193
2363
7096
7134
4321
2870
8872
9845
7645
491
672
2992
5913
1978
485
2757
3541
6958
9097
7869
1189
6064
9603
5259
3890
7542
7111
7910
974
1164
5493
3413
8132
4957
8766
1767
14
7854
5104
4764
6993
7511
7554
819
8003
3391
1259
5264
13
6771
6638
1049
9947
178
4111
4286
5008
5000
457
8035
6886
3781
4984
9724
8675
9962
4817
1668
7543
4911
4402
2537
7010
7059
4548
7975
7458
2689
973
6367
7418
1132
4082
900
2799
7831
7497
9683
428
2052
2396
6348
3701
7126
4778
753
8984
8308
3255
1354
1935
7469
484
9682
9826
1363
4585
1841
7866
7574
911
7303
5665
7614
1546
1938
4548
5475
1188
1100
4570
7868
6997
4853
9502
1971
2029
9896
3256
5586
164
140
4987
3356
5880
5529
8295
1546
7814
5093
222
3024
8837
4939
7924
4524
4347
7606
4943
3226
5699
1871
5918
551
4806
8673
6662
8800
1382
2341
3768
5109
6282
5439
6238
64
1971
2036
1860
9276
2270
3383
2163
8100
5650
2750
2808
4442
6569
2101
4116
7648
7371
1791
7164
4230
5
5429
8865
768
1465
1117
7818
3795
1135
7559
349
9501
585
2230
3725
3902
3781
2746
9052
583
4603
5702
4370
3357
5670
7443
4518
8585
288
2032
6745
9871
7701
4436
770
953
2153
6322
5171
4544
6406
2680
7163
6199
5342
3332
3973
5139
4351
1522
510
3035
5588
7335
6900
5336
1032
2211
3625
7656
1557
1175
7111
4422
5083
9443
9566
4510
8764
9114
4040
7647
5923
7461
4397
1361
7269
3104
338
6784
1537
6597
557
1301
1041
755
8499
5375
2594
2954
8547
2563
7311
7142
2507
1773
8249
246
4568
1602
4180
3336
6619
2484
7595
9811
5846
241
4756
1824
9383
6792
3597
8613
1307
2536
5285
9951
4980
7911
9784
1724
8693
9276
3827
3907
8202
2075
7365
7840
5060
7002
8038
7440
5058
1892
5601
6005
3163
2777
9533
8294
8168
8511
8346
4343
1231
4730
8070
2304
5113
3508
8783
1692
7525
5705
5714
1264
1798
2849
2083
1286
5367
5866
6550
4870
5087
1154
1833
8432
6672
6622
5236
7016
8089
4506
5065
3438
1547
2238
7894
8713
2696
9321
3594
783
9783
6764
8419
4915
2357
9413
5285
8924
741
9015
199
7566
5624
9922
7592
3336
8936
7893
7407
4809
2846
7068
1072
8687
9891
8215
6010
5870
6308
5978
1933
681
4958
6330
361
5023
1721
9803
6161
9413
8721
8851
8558
9693
5904
5929
6289
2832
6423
784
3360
5885
9531
7674
4866
7006
4828
8475
7381
6963
352
7291
332
9261
7199
4375
4919
3321
4471
757
8890
1846
7792
5730
8384
8133
1418
9739
8296
1389
3922
4788
9853
24
4660
5831
7699
4878
6682
4940
6909
6412
274
6385
412
160
2397
5447
7602
7747
84
9290
661
6499
438
7674
7886
8620
1036
7770
3153
1299
4349
4549
1559
1903
9805
5112
2551
1828
9344
1599
6260
8445
3517
9248
8960
9541
6173
446
9278
4691
8307
9643
6244
9120
4437
5118
2527
517
2792
4476
5681
5189
3067
8134
5461
8933
282
8447
1523
5508
8274
2633
4079
1595
8308
7403
3644
7170
7283
4464
126
9707
9447
9614
6365
7871
1396
7122
6037
1828
2884
85
2283
2120
5841
653
6986
4029
3439
5331
9818
7649
1366
6684
3282
8792
1837
8822
8069
5624
4625
497
1416
6785
9638
9559
867
9095
4325
857
2966
7198
4963
1144
7379
3424
4946
3709
1241
5821
944
9093
1665
7984
1405
5197
2545
8794
7195
2678
7869
3822
4270
3812
9886
5144
7490
2393
9323
7610
8812
8905
7396
1797
873
4745
157
6720
7026
889
1287
264
5137
6907
2010
789
8701
2304
7583
628
1474
9502
3451
4086
1836
3135
5365
9988
193
6536
4552
8541
6894
6180
2243
3615
7226
8381
510
4269
3703
1111
7032
1459
454
9177
971
3043
9898
6072
6753
2890
8981
6946
3760
6357
4895
4244
8288
6330
1942
7833
2766
1924
3695
79
4729
3390
1529
9831
3401
1131
3922
1513
3055
4816
5140
3282
5944
7103
7767
9419
3611
2417
8442
8375
8466
6766
8972
8632
3157
8524
869
6303
1089
6946
3938
4030
8776
2952
9564
5260
1602
1437
5418
2804
1522
8485
3437
4010
1059
3101
5433
2508
145
8747
1540
4224
7652
647
8967
7280
5542
4768
8305
5518
9942
2620
283
3190
9125
384
6902
8415
5918
2712
1552
509
371
3476
3734
3062
9586
3152
8868
4686
9798
9854
9223
9842
7082
849
6883
3950
8680
1769
4784
6811
8208
6326
9903
2729
9540
762
8155
5332
2832
8176
9979
1366
1191
8531
8820
393
4744
1645
8282
7095
1039
829
9223
3392
4632
4963
6869
4679
6319
731
3781
5161
7859
5955
9922
1915
25
1963
1055
1776
4236
7096
1277
3876
8722
2613
9385
8535
9817
7335
9682
3865
6257
187
9576
6590
1475
7023
9264
7599
2447
7290
3140
7213
420
1000
5815
8898
967
2389
1094
902
1878
6901
1162
9403
39
4030
9770
6869
3850
708
1662
5753
2141
2911
8894
2801
4302
8122
3720
4362
6331
5338
7761
1914
9237
7929
4083
2225
5219
6478
3828
1771
7411
2267
6327
4718
4427
5427
3180
5095
2174
3829
1426
5195
7978
7322
4269
6077
7838
7735
3219
1083
6328
3983
8336
6805
8188
2873
1401
364
8993
361
6669
4434
7286
1501
2088
6867
1170
9862
2785
7727
8873
2081
643
9204
6490
8705
9705
9444
2037
1371
7154
1704
9818
2862
8517
5297
6189
4013
3710
1606
9877
6122
9285
463
2308
7200
2720
8653
7088
3709
8783
1443
432
4602
9573
37
707
7833
8534
5084
9449
2586
6140
8292
1093
1530
2596
7586
6250
9384
1653
1844
9891
9989
5376
4519
143
8664
4419
1855
9289
9691
4856
8727
4965
261
5627
2773
2439
565
2712
2681
2925
6599
2354
2690
2541
3686
6337
6333
1289
9919
1363
7451
2958
750
9411
2429
8973
1416
9318
3775
5776
4980
6946
2734
2638
4230
7369
775
8666
2488
7859
1678
2422
9351
7963
2407
2965
6168
2784
1381
7309
3318
4427
7789
1195
5882
8256
7350
7617
9301
8349
8799
4107
9436
5199
8332
4367
3600
3076
639
5890
4632
9772
7935
5799
7214
5305
4328
9202
3844
277
1951
1323
449
4146
9999
2654
5195
2492
805
8687
4626
8811
4244
9660
9719
8101
3542
1706
1032
6496
576
497
8681
1269
2529
7892
4847
816
3479
2040
5628
6388
5166
3126
8931
5307
7189
3547
8423
6139
862
9164
3588
9973
9330
1015
9081
3430
8911
3269
17
6224
5568
5340
7853
8627
8599
4401
2767
6005
3273
8266
9926
6769
9350
50
193
8619
4307
5445
9505
8769
2358
219
8927
5950
9373
7778
6679
9640
3644
1379
7360
7817
3121
6919
8233
1994
4806
9587
2242
1339
6210
3374
1316
8160
2716
9091
4526
5958
6477
7906
8461
9811
736
1888
1383
7690
7705
9023
1620
5822
2496
9721
3625
1278
9577
2294
2114
5391
7905
9597
5308
9895
3478
5798
3020
2661
3171
9310
2447
5551
2311
660
9023
1459
1585
2400
2975
8463
9034
3379
8292
3980
1055
8650
2559
340
6890
8492
2603
6228
9916
1491
6575
2973
7593
5463
4129
9685
1759
9845
3112
5402
3332
159
9260
2022
3660
3166
6380
8574
8900
546
7499
8005
7454
2314
7672
3598
5497
6238
376
9695
892
601
7586
5600
7583
7509
39
242
8037
3615
4444
4764
5674
1353
9030
4225
6789
2206
1537
4414
5387
928
1453
4015
5040
2493
3189
8257
6714
3344
8861
4674
9924
9940
7415
4693
7339
4915
1170
2433
2857
269
8561
8441
2347
8276
9363
4886
4209
8644
6595
9425
1394
7520
8222
5757
9722
4376
285
2080
4865
6070
5342
754
9864
9831
2179
2767
9091
775
6775
2103
2958
7541
6200
7252
6973
7990
1366
7675
3300
101
3254
5883
2943
8616
6515
2067
8271
6221
5106
784
2594
3924
5776
4068
8525
5814
7146
1474
5577
3107
3384
4566
6616
7386
9976
3218
1602
625
9075
6418
3584
1284
3870
9425
9796
1130
734
3173
4003
7315
5592
7157
1313
1357
4709
4346
9943
550
575
691
7346
8508
107
3395
283
4032
3107
3606
719
2905
4414
5009
4891
2645
1070
6262
1174
8138
1781
7159
4363
8987
3749
6562
6721
1142
6211
554
7529
5754
3687
6614
7811
4566
1395
2163
748
8716
2381
5109
8264
4004
2443
698
4665
4829
5354
319
6618
6222
5547
2572
2234
2043
7643
2411
7576
9235
8013
7991
9175
3542
8710
4334
718
292
6532
3112
4639
6321
9308
7010
1777
5812
4255
339
8013
7774
9112
7648
8162
3496
7028
3082
8213
3606
8863
6133
4120
1192
3143
4788
6005
7934
4127
9552
1736
2619
4018
6088
6279
7763
4674
9762
3342
2846
5564
3535
8923
2782
3898
7244
3203
3677
8485
7204
1199
5904
9700
8052
9767
4792
6405
3399
4024
5639
9639
4767
8805
783
5250
9925
2760
9814
1172
9032
7395
1974
2952
2513
440
1121
3189
4423
3265
7185
640
206
2652
5293
3903
5467
7847
7736
5772
7138
3060
644
7505
5424
8489
548
5926
453
9255
6895
4021
1513
996
960
9446
1615
6951
1945
5820
9783
6032
5704
7803
4733
2817
7810
3636
5294
9853
5196
4974
7947
7660
8217
3603
6071
9208
1726
5812
9882
8839
4081
8842
6200
7317
6703
7754
1612
29
6764
9364
3421
4355
5413
1433
5363
6961
4962
3526
4850
1453
6088
2769
2853
1636
5291
3919
6471
9525
0
1631
3066
8780
6544
1047
1898
4169
6072
2841
4587
3548
2270
9601
3807
6640
6510
8702
5
2641
2402
7402
8011
5403
6496
3400
9892
1857
4845
8057
5844
9798
5823
8443
9480
7947
6560
2479
6674
5878
2655
5797
4594
2491
2545
8166
5681
9610
9637
3022
887
756
6132
9284
8700
5067
7223
5623
843
3926
8563
4534
5299
3341
2079
380
1255
1367
7078
5111
2597
3838
8936
5172
4276
9132
8571
3592
4230
5284
239
9565
365
1967
3358
8951
3402
9297
386
1042
8960
1575
657
4026
5687
7312
1524
1750
7885
4149
8133
4690
535
1238
7094
8776
917
5619
879
4987
7491
3859
4543
1935
8219
1621
6404
7176
872
6977
1893
1949
678
649
1852
2521
8117
4993
1233
6558
6845
8088
1714
9558
5771
4706
9695
6599
2105
7588
2209
5586
3259
6332
8875
57
8358
4506
328
2826
3707
3998
2020
8477
8801
9631
887
4310
833
9557
476
278
3723
8453
5007
4949
2741
3766
6421
9476
8116
644
486
5170
3155
321
2357
2989
4176
8115
784
579
8054
5182
8354
7012
6837
6526
2534
1237
638
6528
2759
5460
5562
1694
9266
7875
8827
6278
6925
1827
8378
5863
8273
4239
8622
5511
7538
3777
3454
3971
2175
4965
2350
2275
357
8056
9398
7689
1246
3548
5153
6775
7783
4043
880
5098
703
4789
9838
5334
5258
3673
191
1935
2550
6236
433
2418
1701
5576
5429
990
6745
6916
5143
5266
2767
1564
2936
2196
3329
7933
5021
7387
6623
4575
1136
5594
5240
9823
5636
5786
9474
7528
7879
9043
1785
5870
0
3478
7860
9943
9287
1625
7619
2053
9236
4112
501
9972
2287
6276
9094
2717
1670
2963
4933
613
9822
8629
3411
2165
145
2230
6455
1190
8662
1124
1567
3848
670
5575
81
8976
7545
8967
1136
6060
2217
9311
4282
596
8751
8813
9054
6463
7602
306
9499
3071
7470
3612
7347
7658
5016
8381
8270
2438
6384
9064
9419
3120
831
5832
1329
1512
7200
3933
2068
3565
2363
9252
4116
1937
6556
9489
8351
1960
8578
7180
3638
3763
9812
3765
620
4003
3230
1685
4699
8812
8185
387
2513
5048
6056
4383
4568
468
7646
3534
836
5995
9038
995
1733
4893
9914
5430
8748
4572
2125
6244
5945
9363
2676
9027
6531
8548
4582
8240
2689
6604
9973
2567
4822
5460
2109
1214
970
5991
8953
6399
6434
5643
8597
528
1698
8830
8589
3184
1673
9614
5092
1280
2474
7381
3810
1595
2891
9552
8277
1204
5638
3978
3080
5691
3389
6857
4289
5403
5162
4357
1619
8435
1364
9520
3844
6335
4190
663
4873
9074
9658
324
7534
5762
7675
7020
4018
752
1608
860
8350
9635
3244
6955
5126
3184
9450
5083
472
9496
2861
8082
7506
334
6734
3200
3456
9043
4815
2444
9075
3264
1652
5919
237
8447
657
4060
9816
2215
6654
5707
7142
562
9432
9521
8419
8252
5153
6750
359
5210
9191
18
8600
4405
306
3500
7789
3314
4071
5617
7357
2063
7546
2966
325
4828
8320
506
9176
419
3058
4754
3361
805
7070
5666
2564
275
535
5589
4770
8054
6812
5018
1547
9467
7430
8331
2766
2158
8443
8362
5388
1234
1168
6699
1467
3707
156
8
8534
3560
3463
4069
2786
3776
2641
3777
3787
2312
9743
3205
6684
6782
8256
6396
9070
7781
1389
2799
4744
8093
6687
7724
5156
2142
6139
2130
7682
8017
2760
3724
1254
6859
3954
4759
3565
503
1494
6610
7405
8575
1981
6993
2330
5431
6182
1038
5396
2054
9212
9645
8862
4961
3143
3882
426
9718
8302
5121
3391
626
5882
3577
3709
7759
7317
4318
3207
4814
1841
6201
7135
9356
4534
2463
3071
7604
6211
1875
2099
3410
1494
6888
5669
3759
8006
1223
3472
3390
6557
5930
838
737
68
5011
3629
9481
166
1371
3812
1800
5942
7307
6595
6869
509
2592
2752
6731
1195
4543
1710
9438
3215
9797
9472
6427
9217
7657
1404
7947
2973
8145
2810
1764
6794
1054
6203
8140
2088
1333
8999
443
857
1066
6718
9483
9478
2667
8672
591
4418
6006
5273
1437
2091
72
7540
2825
6844
9091
2816
9120
352
5628
2736
2366
7362
4670
4075
5516
6768
862
20
457
2733
2732
3589
3108
1077
3906
8836
6275
1531
5340
9560
8100
2511
2997
8452
4605
1659
4858
2273
4641
28
5644
7371
9090
9806
5256
3458
1870
7024
4987
9920
7768
9847
436
8538
1091
8799
1626
7424
365
6011
9446
8222
5686
1597
863
7653
6043
5394
4528
532
963
7109
6504
1327
294
931
3550
498
5221
7230
4111
8639
2442
811
1798
3139
4909
2151
8550
1126
3999
5110
8087
8017
2743
6268
8010
8378
8119
7892
8635
1643
5322
2301
8546
7026
8956
5413
438
1745
678
5998
9903
7108
2548
6253
2390
5634
5957
6305
8187
7229
2351
5680
6563
9908
4972
4173
6732
9912
3077
9590
8766
9580
9001
1194
1519
8245
3129
1912
2531
6881
1764
4482
3775
3236
2234
4720
8392
2269
9199
7409
6061
7143
8991
3325
8654
651
3816
9414
199
1219
5064
1836
4396
3369
532
9167
723
5454
690
9775
2585
1911
1667
9424
8018
6882
320
7466
6641
5462
3328
7148
8175
872
1828
4000
9900
9386
3312
2954
5311
14
2198
1466
9916
9176
911
9297
3185
2033
3737
2880
1036
1784
2024
987
6701
7539
4874
3805
3331
6883
1836
2965
8406
6805
6770
4478
6689
9989
2423
4157
5402
9101
3633
9827
2159
5356
5103
2242
3550
3218
9747
8525
8033
1702
2566
9800
6516
186
7484
9950
1060
4663
3301
6721
294
7026
5661
3499
5553
4912
5761
675
970
2614
2782
1340
5306
5400
5688
9000
4462
1347
9795
4410
3754
7879
9122
7033
1034
3852
7978
3008
871
5509
1778
770
4115
8898
8297
8955
2865
191
6963
4993
9331
1402
1
3801
2642
210
9965
3063
4084
6539
831
669
2877
622
7071
2740
8564
6460
1544
4681
7232
4611
1796
590
7536
6634
1417
6705
7572
2886
5040
3786
4187
5631
7775
3758
4857
13
1906
1793
2453
1900
7722
4440
5565
9566
6801
9932
7878
623
3721
9307
5187
3140
8881
7656
6017
9261
6371
8131
6910
3337
4333
2995
4100
6393
2666
4447
8741
3981
1340
9788
2388
5930
3816
4225
8830
8541
5565
7046
371
9369
5778
8907
7861
1660
6572
8869
9500
1152
5514
5795
7043
2429
957
8542
2658
4651
9766
3391
2537
9237
9614
6171
6534
5946
6812
2057
2788
4333
263
7781
6448
925
2680
1629
8712
6798
2602
7048
8963
1782
9169
1366
9383
276
2980
7233
9435
9210
1209
8915
5209
8635
9916
9283
5183
1263
7739
8295
803
6980
2289
2157
9153
8031
7661
2596
6034
4512
1454
5269
2794
8052
4030
9759
78
2499
8855
1536
9793
8233
5286
7263
618
6162
9483
3414
5763
1998
4170
8686
3584
7605
4129
5890
8505
7252
4934
2757
6790
4853
9853
6048
3975
9357
3875
8500
7885
3326
5930
9005
9272
9917
8817
391
9246
8158
8222
7530
6757
6811
8555
529
941
8596
8827
5449
2957
3632
6295
4725
3512
753
7690
2350
3420
3590
7269
8583
8727
3706
4511
4782
7638
4009
941
4366
6603
531
1114
6978
4234
6137
8787
4645
3728
6869
9570
6021
2625
886
2084
7429
1484
1704
7289
6273
1437
4818
2984
4205
4304
3417
8364
1430
3852
6002
1104
3978
8356
9077
7026
3539
5381
7197
8598
3726
5324
1227
2970
4218
5864
6938
1713
6012
7223
2526
6351
4160
8992
3782
3344
4937
9020
5488
8053
9961
8961
4059
348
2413
5660
2024
3066
1984
5723
5306
8296
2976
7893
8348
4216
1933
8567
3106
6530
525
4411
3383
991
4652
8838
7365
3409
4065
6495
4612
2477
92
3543
4969
3974
796
6410
3920
887
6989
8752
5205
2509
2414
7119
7323
511
3040
5985
9567
5083
8923
6670
9351
7054
8843
4710
8996
9967
8423
6285
5159
8792
8034
243
2832
5746
7386
9375
3633
9341
9134
3703
8689
3929
653
9135
1068
1923
2201
8907
9080
4367
6171
4131
7714
575
6896
9426
2615
13
752
2763
8607
5931
7167
57
5011
9812
4749
6032
7215
7326
2200
2229
2258
3935
337
5927
8051
1337
8396
729
8734
7940
4929
5902
4684
5702
5807
8351
8513
9857
7200
2443
7854
9209
8008
7340
3398
2288
3063
9058
414
7584
4142
1326
9182
4629
2350
3757
4532
8165
2187
3343
9960
140
464
9987
6329
696
3773
5425
7206
2894
8283
2659
8249
3127
9295
3041
366
2570
6685
135
642
551
2068
6102
7111
573
2503
7348
9955
2105
6092
5680
8455
8813
2685
9094
9741
568
9212
5355
2475
711
7700
8550
5509
7960
8378
1243
8143
8646
3331
917
2927
4694
2654
4208
1057
1949
6178
5328
5428
5260
4082
4849
3186
2505
7805
5788
9357
3339
995
4866
3380
4625
16
2344
4805
8192
8125
7583
6524
3080
4748
1535
4634
1505
4801
4704
5441
935
4497
4149
891
8751
5010
3445
2603
629
3473
7047
9051
4564
3315
6457
9092
6081
8083
3789
5932
1092
4074
4625
4954
3123
8941
3898
9573
6845
9616
2236
8794
5984
1161
2311
8076
5000
4351
402
8166
9861
5440
9117
8316
3847
1778
9334
8112
185
2033
8154
3296
3479
5415
7221
6460
8669
362
3608
757
3421
6976
102
6721
4732
5405
6715
9451
9098
9869
8953
1448
925
4845
7297
4340
8553
1427
2842
9355
9870
718
4561
8195
6877
4311
3070
4327
4328
4359
8430
3614
8678
2371
4178
5626
8447
8323
260
2957
298
8304
2609
9348
6897
8923
4135
6280
5981
6794
2620
458
9668
4717
2840
651
8971
3647
9617
2254
3001
8648
5377
5957
8283
207
4790
1991
8765
2605
629
836
5435
8685
124
8431
9317
6943
4323
7322
2744
6731
5598
9712
2687
979
2466
4347
3445
9474
3441
86
4517
7280
4340
3820
2448
3735
4020
6895
426
2816
7620
741
2338
311
3071
3725
2988
8477
4474
1647
6125
7611
1237
8866
978
5252
7315
7463
1662
3764
4099
7618
4814
7045
3051
5944
5018
3328
8144
2548
3722
6512
7061
5396
8002
8306
1341
289
5884
1624
2302
2700
1825
9421
8100
7667
7219
4388
1567
7570
842
4441
2347
9255
1145
6361
474
4126
9036
445
1040
7723
5520
8592
2458
8182
9455
2898
4075
2895
9623
8038
8805
4723
8278
1174
3009
3048
3429
1030
9659
9714
429
4902
5516
6872
2282
1200
6933
3968
2379
7234
6
3191
8242
4486
3112
3629
5742
3564
7709
9293
5875
4249
786
6426
4531
1096
8237
3572
7355
9935
6441
3018
3196
9997
7275
5418
3925
6208
1729
9748
6218
9939
678
9948
2946
4116
84
2078
4354
6899
7430
9820
4274
8038
8265
9667
8329
3305
6703
9468
5899
6675
447
9662
9947
5845
892
8352
4525
3659
8432
5084
9901
9828
5301
1792
9302
1871
6737
8302
1616
1115
8587
6146
7209
977
4814
1348
3310
5613
729
6163
4439
9862
4784
3202
3549
9871
3235
5007
6312
9638
5912
8670
9609
634
2791
3508
9792
2634
2547
3343
3867
8857
6096
9875
6940
1677
3845
8303
4518
2182
8800
2334
1316
2924
4528
2090
1030
3745
7811
9675
8617
3333
4204
3100
9777
4456
4048
719
4453
1371
5262
4919
8823
8528
3673
4866
3359
4143
5939
2826
308
714
359
769
4566
7640
115
650
538
8430
5712
9783
1683
1788
5296
9580
58
2291
8931
4258
5129
2292
9846
7384
9753
164
2137
2132
3958
6827
2938
247
7996
1900
5891
9967
2993
8175
7229
7014
2719
4698
2896
5799
4795
5070
9576
1265
4231
6670
2261
1876
2272
8746
3071
6616
9701
9001
2820
3036
5381
9621
1456
8908
6019
3408
584
7613
7609
1333
8915
7826
1414
2249
4549
9408
2998
9601
1785
5182
60
5405
6890
8934
318
6465
1246
5401
9469
3588
176
4127
6368
1425
6664
428
9708
2363
5033
1262
2818
9198
7959
8706
9861
7936
5667
5174
5302
2839
7221
89
6510
9076
9317
7247
9127
6588
3717
8209
5655
8760
5839
273
1210
6722
8198
4123
3580
8016
8587
2662
8096
9757
3263
9850
7839
2466
9664
8588
9856
8708
9218
7365
8384
9751
7099
3041
3183
2049
6554
2946
7847
7881
8117
3077
1081
8013
8238
5500
9126
8195
674
6586
6582
4504
2830
1038
6201
932
3310
7735
3176
5582
4163
7974
5495
747
1503
1168
505
2786
6720
6562
9648
9819
9544
7599
1279
6438
8997
4181
62
5129
3009
5054
9706
7665
4392
1650
8838
8040
6753
7690
8226
1095
5900
3279
2902
6547
3590
337
1083
4324
6428
3988
1446
5187
6889
7060
8242
9201
4957
489
9305
7748
9661
3365
2238
524
897
2923
954
9060
8239
4762
2914
4117
4161
7334
4865
2132
8500
9048
9607
4363
1504
6459
4302
6500
9375
6791
9636
5058
1948
4300
2586
2426
3530
708
2568
1023
3502
7915
9370
1820
250
3594
7435
8265
5078
5038
9741
3280
333
5256
4082
8954
65
349
2059
8419
2988
9822
1514
6732
4613
7026
3797
8431
2571
5150
7050
8572
5905
6423
7369
6178
5638
7759
2035
4218
9248
8811
4125
2637
644
1461
4145
5878
8724
5501
7153
1906
2869
8874
1384
7748
5996
1263
9679
8165
421
6040
4041
3081
2544
3955
9692
1036
4488
3084
2669
7211
8353
4913
3350
8639
366
5156
8086
4899
4636
3951
1125
8599
1934
7425
8210
6062
6597
4518
7180
242
2428
790
8489
136
8942
8484
6662
573
5428
9190
6268
751
9343
7332
411
7368
7102
9289
3110
2389
2381
2743
3290
8022
7562
4343
2924
2238
9189
733
974
6521
5955
2586
1486
525
5103
6540
220
2489
5790
2688
3781
7163
8925
8616
8417
6462
8553
2679
6181
1072
203
8072
7765
5953
4398
2175
9514
9015
2030
7511
6492
4687
6095
3563
2396
254
7415
8160
8273
1957
4457
4127
5645
4467
2911
3681
522
1940
9555
7747
8103
8727
2970
7176
5129
9422
8990
782
3920
8814
5270
5736
3095
198
4836
3355
9463
9613
5354
5637
5417
7572
4506
8487
4086
9146
5881
3267
4461
4254
1599
1712
7247
127
3678
5066
427
4480
6893
151
673
3831
1152
436
3589
8372
1045
2174
8403
1807
2237
3821
6569
186
3941
3755
1509
7014
5696
4146
2667
7393
6787
3347
2867
7932
6012
1842
9582
3435
544
1263
4771
9350
112
5792
8474
7597
4727
217
1491
6856
8882
718
2372
9276
5277
1423
3822
2793
5622
8850
6875
2608
5328
6031
7238
2354
6519
2148
9446
3924
1610
601
4808
591
8922
5038
4760
9155
3165
6176
8973
1660
2271
4906
4814
8540
3351
8712
1733
2264
7665
8503
3022
6015
1005
7993
1851
9653
4195
8724
8840
8382
9520
9194
4998
3717
1890
2627
4006
9004
2157
1142
5555
9678
759
1623
2860
2688
8198
1642
8877
4071
1620
709
6042
5539
3820
1684
1495
9528
500
934
9703
4413
5286
4357
1279
8493
589
8707
2197
1563
7240
3375
9354
1363
9694
951
4514
1564
9807
9960
2252
6793
8163
6897
2130
5247
5201
4933
1567
5808
5966
9150
6535
8261
9744
431
8888
7931
9341
5730
2507
6533
5685
353
2151
7983
5481
2096
914
1938
2662
8326
1493
2979
7666
6477
5611
5383
2162
7455
5973
6033
2645
5056
3117
5659
5329
5051
9557
3107
56
1029
7196
3004
102
8029
3036
6886
7210
1525
1203
168
5551
3946
9515
9386
5621
5054
9512
1679
8593
2919
4622
3519
3150
4161
6701
3762
382
4414
4762
504
8353
4350
7787
5782
112
7385
4318
1228
3223
7065
5894
4401
8589
9509
932
4047
8513
9448
1678
364
5522
833
5966
4541
6475
579
8538
9775
6042
7596
2123
4528
2684
3938
4396
7239
7527
7241
2577
3844
642
6130
2913
1298
8213
7054
4786
9689
5353
9472
6480
5968
7563
7632
9257
7184
3122
4027
3640
6884
4858
2696
6091
653
1101
405
7924
305
5934
9888
8457
5459
7953
2467
5528
5822
4794
2790
2234
7610
9536
9224
5586
8610
8318
1240
8211
5308
2406
6381
4299
3239
8338
2038
7328
1987
5481
9148
6806
2538
2858
6515
538
6349
7031
1503
4141
7561
3761
836
9360
6840
1084
7973
9865
9475
223
5774
1552
3237
8251
6797
1768
4715
7029
955
2589
9176
6226
1369
1222
6853
1726
7333
9831
325
7273
5292
1623
8103
7454
8857
6008
5781
16
4076
3992
3897
1460
4182
4147
8271
9878
9104
3587
4245
1433
7515
7893
8302
8078
130
921
1447
3839
9739
7542
4065
7289
1453
6135
5069
9540
2748
1510
8997
113
367
9364
3703
8239
5619
434
2157
4489
8696
2718
9527
6383
3001
3150
251
8976
6761
2258
7202
17
7401
6969
4291
588
6182
4931
6253
7592
5791
4542
3790
3809
8004
3488
5137
5108
2649
5727
4980
9578
1706
9632
8247
4382
6170
58
9008
8396
5012
3574
4412
8599
6562
5974
2880
8823
1387
9039
5838
8094
1446
4468
6498
8422
9069
2144
1596
7801
1166
7119
9640
8043
5435
7946
9785
3336
961
4174
2372
4966
7445
5064
6984
5958
570
6287
2652
4429
5760
4573
2593
5017
2518
9643
4950
6211
8576
7081
5707
3280
9443
7671
9821
1986
2941
4786
9023
2305
3394
2958
1466
9090
4034
8877
5019
8770
8790
6217
6491
5426
5513
6708
6508
142
8403
2489
1454
9419
6047
9310
9618
2333
4383
2889
9494
8498
6198
364
9359
9903
163
5278
1029
4853
1245
7351
9336
559
2922
8312
1744
3258
9994
1077
1874
3985
1424
3408
8414
5508
272
6052
2053
3829
7699
3338
2952
5888
5976
3899
1452
9748
4518
7842
5690
449
9676
6893
851
4592
7705
8528
4304
9961
5895
4326
1623
358
5025
6070
841
6418
6214
2334
9929
4348
9430
6702
6631
8254
1369
6067
9419
2229
3039
5790
5117
9916
8530
2816
9200
9289
2551
3189
6079
8500
4708
4795
1775
720
2683
3293
5957
7207
628
16
5793
3942
441
7865
2279
2386
7803
9672
1694
2373
6867
1974
6226
2313
8642
2407
2436
7152
2281
7451
385
1485
3237
1399
2415
5683
6098
6186
5220
2249
6192
4047
7121
4566
7667
3855
2732
3822
1044
3200
411
1321
6645
8637
4140
9500
9650
4483
7858
4439
2307
9670
1673
3882
2766
2654
8090
5493
9513
113
7915
4570
8925
3438
9550
5585
6582
3155
105
6184
3335
700
853
2149
42
2377
5744
7849
2053
8122
9454
7075
2920
8217
4940
5166
1411
1189
965
3880
1429
4982
3645
8976
1294
5954
9387
1002
5462
2715
2819
2499
7287
9154
4833
9164
9333
8668
6450
1125
1535
6943
9996
8247
2621
1498
6766
8989
408
2047
690
1968
6217
477
7199
6558
7801
1982
9932
119
9592
9193
7870
4131
6634
3109
2386
1683
747
7916
4150
9186
1955
7959
7041
8584
3253
4875
5091
7708
4657
9184
6215
7314
8409
6426
9622
7576
8001
6582
4373
7209
80
5203
6398
2781
1763
4906
3740
6685
1040
7419
4623
5158
7767
7877
1824
7082
5125
4578
5215
2781
8962
1165
5944
3810
5259
3777
1652
2899
5658
847
9787
8279
3441
2619
5446
83
9541
4068
7715
7712
5831
2158
7651
7476
8750
6670
3821
4608
5696
2033
8181
2613
9344
2473
4551
1444
4545
9637
9725
7585
872
8732
6769
5891
4847
4406
8556
7451
5222
3095
9580
8174
8948
553
9172
7696
6060
1301
8205
3695
8251
8829
3498
9913
2061
5657
7210
2203
2543
5628
6231
9256
911
1186
9355
5666
1327
8104
3234
807
6617
5256
1690
6315
9756
6336
8743
1294
469
4014
851
1722
9673
6698
9778
1084
5694
8272
7636
5964
8186
1368
9492
6842
4147
5060
445
8967
4981
534
221
9341
4258
7835
8993
1884
5139
4455
8447
7059
5693
4430
4355
1335
5375
828
7825
5138
7416
6195
25
635
901
1151
9897
5069
808
3783
9404
5495
8852
1457
1392
8081
9109
5490
4614
5397
412
1330
754
4881
4728
8904
7010
8840
9808
1847
1643
7343
5021
2420
3870
3227
7477
3043
7514
8372
7778
9981
5163
9366
4577
6704
2033
8133
9909
4611
9355
6282
3132
1845
530
1198
8570
7345
1154
9713
4001
6543
4723
1448
2210
4250
1718
7889
5309
7529
2331
6900
6565
5533
7855
5912
8223
9174
3762
4526
6312
4130
6822
8206
5702
5155
3300
7421
6183
6348
8825
9512
4214
1848
1422
2175
572
5959
4405
4864
1026
6821
9503
8303
5317
5192
3242
2912
1555
6727
6296
7937
4353
7330
4219
6118
6415
5602
5900
8722
9427
8029
3259
2702
1266
8501
9968
9002
8461
5135
5584
1006
1848
2763
3579
795
4006
9541
1090
2674
9600
9718
6215
4016
1364
5527
9708
3046
2938
6772
8653
6753
3954
8825
394
4202
8153
8796
9740
8316
1995
1926
73
2028
9618
815
4211
5514
6364
2453
6330
9236
8235
6361
8210
385
4981
