2622
4567
3541
4904
7587
6866
3757
5633
1756
289
9330
4442
5801
2918
716
1095
8008
346
6502
7442
2199
8121
7339
4839
4628
7351
6897
6494
4369
5997
6594
2805
1267
5124
8148
1162
2281
9405
5483
6562
521
6026
3252
4393
5078
2157
4754
7894
5022
443
9798
6554
128
3724
279
9589
619
8961
8145
2517
6353
1554
8233
3965
3450
1796
3486
6302
1333
4500
6588
1636
7961
1347
1803
8111
3706
9597
4180
1243
9495
6007
3203
1039
6800
5397
1943
8255
4918
1733
3735
9358
250
1115
2431
1636
279
9882
6392
40
3643
12
5957
9274
2032
5486
3385
1760
2474
315
6022
2106
9
8244
7441
7796
4829
7560
3714
4792
2073
3942
7239
2781
7937
4620
1687
5216
9245
5882
7108
1741
4976
6969
3690
2890
7234
945
1780
992
7224
5371
4445
2743
9894
1972
2612
4605
1147
6939
2729
9411
8778
7080
6021
4085
6873
744
5350
9875
7154
9545
9591
4832
6119
8254
5038
6470
4322
5087
3070
8372
138
257
8317
4870
8258
125
7744
8719
2092
8768
4947
806
1163
7663
8853
2234
4150
9812
2207
2706
9032
5513
2373
8486
6708
5152
6965
724
6181
4844
9405
2768
4836
8608
8873
2011
4259
7682
58
5390
7782
3916
3490
2547
5521
3871
3035
496
5404
8419
3143
6673
5108
4128
7906
9458
9243
3954
3876
8902
6143
5277
5875
6998
1720
5021
1878
441
3867
7815
916
5708
4876
7538
3434
6431
5216
5196
6491
6844
7456
6651
17
8660
2009
2768
4226
7672
1473
6777
1375
353
7876
6772
5990
1916
5260
3003
4215
8102
5551
9105
4883
5327
8626
9463
2832
3646
9004
4347
3961
9938
3925
4173
6498
2751
8253
1887
6986
7245
9913
1497
2841
3753
9608
4215
9449
1446
3395
4735
2401
2100
5619
5090
315
3307
1437
9887
2055
8164
2840
1086
3577
9684
9295
4464
2286
6662
5842
1456
156
9492
8087
1430
7687
9954
7086
7496
1215
7831
2530
8797
1879
9592
6939
9360
97
9267
9888
3149
1956
917
4169
2923
9295
6088
2995
8854
232
573
9805
7640
8045
3266
5904
4003
6076
864
9115
3181
2766
4067
4524
6873
5406
9143
8394
9326
9447
5131
8271
3990
9531
8773
1331
4213
1136
9970
9348
4932
628
1944
3842
825
3154
6330
2806
8357
733
9703
9123
4681
1241
1135
8453
3014
2345
5331
8533
5664
5762
9640
8702
1070
3343
648
7338
4688
1150
213
1190
4893
8135
1786
6613
8345
3581
8528
6655
4639
8861
8234
4714
6416
5108
7006
6257
9176
7869
3969
6304
8426
3511
2173
2338
5672
6324
433
6066
7345
1790
4645
9229
950
3301
4217
6841
7610
1812
2473
7327
4118
337
2671
6899
4599
2322
7621
324
6021
7661
8677
5167
7184
7768
9215
3518
377
3056
8566
4574
6698
4597
151
8846
1507
8609
2871
4595
2306
9273
7785
2265
6270
4940
1960
7315
8352
7833
6119
1315
2687
9822
9011
9574
8663
5387
7425
5014
1156
6996
7017
3379
4641
213
1006
8044
2759
2640
8841
9495
628
514
8258
6880
6811
8691
5691
654
2993
6156
5800
6161
5483
387
6302
3192
1105
5746
3943
9855
6607
9494
5632
4613
2888
8035
95
7307
9047
4165
9940
8745
4820
8689
3658
7851
7296
2874
730
3064
7165
9775
7693
2659
140
6993
1052
7610
1668
8195
7766
604
732
1578
1757
4488
3973
7060
4701
3440
4167
1781
3370
3036
3703
6892
2421
5595
5537
4868
1130
4133
1320
4374
4553
7884
8391
9804
736
4544
5011
7312
1185
7921
31
1987
9461
4591
5307
5418
9645
8958
3323
7939
3376
4038
8255
8085
4518
5318
3124
3429
2175
4840
7350
3541
9601
8608
7168
3287
9165
1358
450
2159
3117
8467
8733
9750
8524
3839
2607
4891
4177
8985
9558
2164
4058
4345
5730
8306
769
9935
9163
1314
3229
3430
2139
304
4264
6483
4954
6198
9096
3607
4773
6867
733
3844
6570
7718
5590
6557
5443
9385
7168
1941
2716
4075
4460
9017
4931
102
9483
490
8427
1407
9192
4803
9692
5435
2547
8873
5226
2414
1670
6432
4560
8047
4741
7946
7274
4984
1447
3914
4044
2170
9563
567
4643
3837
2473
5932
2725
8420
5895
6828
311
7487
1700
9459
9883
1642
1700
6215
3396
4435
169
7565
5112
5305
1210
9112
6096
7680
5187
5965
7279
3424
3384
9314
9741
3357
7367
6773
911
9442
825
3864
308
3911
9877
3257
2958
881
1282
560
6379
5976
6838
5410
4288
6804
7983
5971
7105
1360
3421
5400
2831
9121
5291
2074
5294
2080
7480
1431
6066
9155
9430
9874
2294
3578
2591
5915
4424
9444
5806
8761
4724
9122
3201
3331
5660
3347
6569
7278
1393
9887
27
9072
4912
6832
5735
7348
2684
1770
4786
3047
2467
3931
9042
4159
1568
348
3909
7483
7453
5224
9438
8724
1827
1380
4382
5491
3056
220
3339
3677
8579
1423
1071
4761
5926
7200
5392
9027
120
5886
9079
2808
3527
845
9935
8353
471
9619
1005
861
2849
7215
5222
7479
7595
6355
5857
2423
640
370
665
6980
2876
8100
7439
2311
261
6935
6363
7451
9929
1600
6332
4448
8049
2831
1540
8190
9343
8880
665
7831
8537
7326
9865
1494
4737
802
1629
4499
5328
4281
7368
2312
2575
227
3453
1646
2978
2184
2411
4192
3825
9109
8566
385
420
7908
4274
7962
1819
2794
9198
5579
1079
3481
3195
6099
9369
710
3896
2427
2164
2261
7340
1420
321
4976
9806
3393
9680
4935
4788
2647
3429
9937
8695
2976
1159
1616
6831
5303
7360
5539
1888
4863
6593
3140
3985
2452
7894
2818
6836
2130
833
5178
4647
740
8694
8670
8711
7333
1282
7351
5467
9523
6201
7127
1492
6465
2331
5287
2735
4347
818
4847
8419
4324
5706
6356
3278
204
93
5163
8247
8286
9034
8428
5999
6853
6577
8146
3226
7918
8078
5358
9475
7672
256
7131
9521
4168
9557
3869
2340
1769
8292
2499
3515
5377
7782
187
3958
9343
3889
4948
6243
4129
7811
9071
1448
4930
5304
3007
11
3151
6119
1103
4641
762
9071
1698
6945
6232
8074
9590
3173
1206
6379
1090
2476
9593
4729
9823
2414
9634
2680
850
6510
2752
1856
2423
7989
4703
3004
6953
6944
8654
3714
4670
8680
926
602
5232
8442
2631
2668
1526
8531
7045
538
4433
170
3135
8535
6594
6570
9224
3524
761
9210
9950
4597
1816
4922
2816
8612
8118
1452
7917
6593
3727
861
1207
9812
2968
3151
9559
9793
5601
660
3754
1319
4228
9513
1816
5685
6345
9404
7205
473
2332
4556
1393
2727
1590
348
7418
1362
6711
6547
3969
6842
5254
4787
8154
3042
1919
83
2828
844
5899
428
4585
8756
8606
4220
9544
1782
2809
4506
8990
4300
4239
8040
5931
4696
421
8606
2784
1835
4387
8392
9118
7791
7783
222
3673
9303
8040
6812
7372
1265
56
3453
1350
3813
5187
5641
3747
3741
6868
7928
5637
6545
6599
3506
5809
9470
8697
3188
2406
1074
1851
9809
1639
3622
9494
5091
810
3416
8056
3260
89
9061
4204
2622
4390
9759
7640
4802
3372
560
704
2073
5056
652
4120
349
4902
2892
1894
8019
5888
1500
902
3424
9474
8450
6695
9349
6896
3497
1155
6888
7992
5354
1867
9872
6444
6934
4177
3949
8328
6115
5247
7777
5395
9440
37
8559
336
6198
1520
5151
1475
4701
118
8058
49
5656
1934
9848
7920
974
8859
1220
4157
2598
7946
729
237
5694
9553
3292
4203
5128
5223
997
9360
1426
1027
6123
4705
1200
8412
3402
1570
5736
4159
7588
8056
346
9663
7073
9325
2378
2199
8468
5324
2251
2187
1629
3612
9098
2525
7252
1257
9284
6427
6056
9789
5237
6549
6036
8974
3022
9948
3547
9298
4322
4838
2912
173
5709
7886
5700
1675
2722
3273
8204
137
6207
3027
7406
3101
4591
9640
505
8566
4748
6254
7023
6269
7470
4575
8384
6923
453
2453
2547
757
9695
382
9107
5971
2374
4783
5140
4638
9705
4245
2016
7959
6053
3751
6995
8436
8256
8134
8927
7973
2531
2694
2941
4645
5937
4583
5793
7564
8439
8332
2584
2913
6130
940
3105
6717
9080
8359
1077
3003
1396
4256
2324
5755
2434
6313
1037
6565
770
2333
3050
5083
268
8454
8486
5000
6353
3150
2892
1812
2666
7443
7245
8937
7424
5108
2781
240
1767
3080
2651
4660
5559
5646
4476
7305
5768
8302
5954
8373
5929
4686
5598
748
1437
4498
9295
4282
1588
3307
7381
1592
3569
7935
743
8370
7693
5401
9405
3808
2087
8599
6859
9808
4342
9042
7595
2244
4493
2155
2630
7607
8985
7616
2350
7963
442
7645
1083
3759
1771
2832
3344
3324
7968
8357
7001
5550
2764
8272
8660
9424
812
4392
5897
1168
7908
336
5879
1218
8179
3042
6140
4400
4981
3509
8032
2910
2437
8653
8719
3003
493
8881
6993
2900
3660
7591
4472
163
7074
1436
9621
4309
8779
5792
2664
2602
597
1245
530
7077
2768
2537
4568
6402
2178
2001
2822
7623
9972
3413
974
4931
7388
7235
3836
452
1623
6891
7
1589
2099
4673
1494
2980
2726
6753
3676
7921
7919
6221
3089
6786
7975
3650
2511
1811
4659
4473
5654
9643
2601
2745
1580
7498
8573
5977
5445
2959
5911
3379
3738
1590
6514
772
9929
5454
7731
3073
7561
9977
660
2947
7513
3964
8572
5427
3796
8118
1917
2176
18
7758
7658
1789
2318
6453
3475
4616
9535
5834
8190
3893
8678
6348
8964
6297
7587
3290
8309
5986
8948
2535
7001
5540
8236
249
6084
670
7819
5584
9252
4283
4671
5796
9658
565
1591
1911
5043
3172
6944
5049
7394
163
3902
7770
6076
3315
8873
4571
2336
8105
6305
7005
6337
2275
1455
2827
6113
4041
3337
4548
2571
1454
8738
7792
5325
7909
3964
5172
6225
1296
26
4464
9430
5411
9751
8613
4032
135
2429
7668
7288
7851
8691
7506
8401
8725
8870
4311
4329
3414
466
4758
3063
3788
4413
8503
904
9281
8016
2064
9952
7232
1603
4770
1055
3096
5796
1471
3617
3000
2404
6538
4834
2570
6462
1591
445
9069
996
1617
783
3371
8248
2186
2620
8889
1236
1773
7789
4173
2455
1935
6213
6937
861
1284
3935
8837
697
1582
3302
6795
8418
3153
3152
5692
1015
4850
3368
3760
4575
3533
5590
1003
5025
3269
1838
8907
7277
4118
450
3053
5014
6006
6276
1151
6973
5930
4507
8272
4011
5254
9441
3876
9706
4044
312
7972
2817
7398
3079
2530
7098
9054
3893
6681
7073
1226
7008
3907
6219
2645
4553
2837
544
7592
5888
5333
6967
9960
4152
2540
1645
5881
9095
4742
5266
8577
9021
4533
6848
8951
1870
1989
8008
8057
7581
7963
6395
2509
7798
8007
546
8063
904
8377
6490
5466
3742
5792
495
50
1513
2412
7860
877
8092
4133
8173
3218
7971
1541
4441
265
9488
4112
543
3682
8195
8452
2323
9922
8518
9947
7925
264
9714
9645
9319
7198
2562
2323
5081
2299
546
9238
3619
9013
4531
7078
2254
4708
6190
8663
5231
3969
3282
6469
5089
8941
5644
1688
5790
334
7362
3714
8154
4532
7852
5877
3740
3754
6399
8803
7449
2312
1655
8045
4191
3270
8353
9420
9291
8410
9650
2926
2807
3778
3575
9704
6579
5726
795
1755
1999
4
6414
3617
5187
2903
3720
1894
6652
1490
8666
9347
1683
6013
5852
2997
1338
5730
9993
2076
3158
2730
5348
256
6820
2977
8933
9598
7994
56
3891
9856
7659
2745
3408
8459
6085
6276
7004
2066
5643
9864
9207
3496
5226
5598
5526
5010
3819
9999
6048
6938
7204
4246
4806
9216
3387
6688
5838
9883
2488
6080
8731
3021
5541
2863
2346
8405
7748
9792
6858
7534
5742
9266
5625
9541
900
3390
9304
3480
5171
2833
378
8265
7625
9859
8830
674
3710
7189
3670
5186
7986
7130
9828
6069
9265
124
1296
9058
565
5311
6856
3774
1784
1843
9189
7823
4867
8259
4341
7467
3464
1530
8571
1390
1017
8581
8031
5209
4644
1123
451
7432
4044
5530
4531
7596
7988
1251
3639
7415
7146
2693
3785
471
8093
9743
2286
5817
621
4399
5411
2879
6574
2304
7846
1244
1576
5056
6365
5371
4766
5167
7526
5072
9289
2291
829
2742
369
4393
7427
9496
4327
8998
2257
9035
7298
11
5737
488
804
6327
3301
9928
8472
3462
1263
87
7882
4487
444
1211
8755
2780
2326
366
3967
970
1860
3623
1405
2832
8200
2552
1202
8373
4245
1488
234
1354
618
6080
9517
3534
5424
3882
9162
7936
2780
3301
1219
7407
5505
4317
7268
2926
5461
4904
2929
9523
718
6675
987
8014
3433
27
3934
8919
9703
1576
394
4864
757
9044
2460
9466
326
3385
4809
4963
9311
8839
8886
5980
2686
5125
1479
953
1432
3167
1154
5506
5598
4830
2751
2759
6923
9078
6735
6592
3069
9961
8517
4034
6909
2184
6741
6637
8877
8425
568
290
125
6644
4457
6370
2841
1431
4063
4018
851
5290
536
1035
2536
5661
4654
1085
1154
29
3272
3379
26
5285
3616
9410
1735
3233
6636
5948
1239
9518
3611
5537
7705
2525
5854
9125
6245
3831
9297
3260
3561
1499
3653
8385
5664
9890
8891
1750
7713
5683
3167
3462
7314
1074
7662
8086
3750
7923
1717
1323
6874
5596
6151
8789
3112
7545
2139
4680
4374
1417
9744
5115
9759
1158
1774
9001
6939
8578
9899
8517
5821
7980
9990
811
7401
2290
4131
3362
5600
8561
8227
4893
3033
7703
6768
8928
6718
9162
8114
8640
7456
2641
2865
1139
4584
9856
5127
439
1628
673
8993
6847
1481
1805
8818
3959
8899
6651
3732
3704
1302
5215
4716
9271
7224
3156
7272
2968
478
1396
3992
4065
1384
2787
3271
7913
2601
6620
100
6591
4086
1939
4385
4486
2987
5194
823
9502
3732
4783
8580
5534
9839
2403
1731
1309
7228
8341
582
1713
6525
2300
3825
3535
4176
5667
2326
1808
9398
6351
4249
2324
5647
1549
2304
2256
8932
4934
3641
5347
865
1492
7208
1655
7453
270
5771
3891
7783
7263
3179
9229
1071
7733
2641
9981
7086
6518
5971
6540
8483
1565
9178
5995
9274
7345
9969
9553
699
4918
5260
3772
1373
1277
6131
3512
69
7510
9193
5565
4959
743
3181
1730
6263
6916
5868
5536
3493
2638
4481
178
6243
2057
5691
6248
6204
5940
4137
4635
7442
701
3684
5979
2780
5085
8729
8276
5370
8895
3425
9022
6119
8527
4751
7427
4778
7117
9478
5500
7033
4544
5045
7637
9498
8343
6816
1279
7591
5259
7851
5988
8254
592
7285
9173
9330
5658
4207
5983
3921
7245
4488
7548
5811
6524
6358
4853
3180
9987
4051
4789
2926
2848
4386
5337
5582
3148
4044
6036
32
7320
3707
1167
6962
4706
2003
5133
4227
6119
9400
3389
4670
8130
8176
2073
87
6259
9973
4043
1664
8923
2391
574
5832
6595
9740
9586
4193
188
8741
2826
7724
7937
3566
1312
5732
5016
3569
2249
3219
5272
9721
1522
3957
901
8494
8905
4727
3782
8449
6185
7163
904
117
7277
9019
6507
4344
645
7192
7482
8525
7974
3214
2184
4648
4908
1429
7142
2245
2699
8391
6961
9301
9011
2553
8792
9397
9010
6616
7291
6797
5187
9185
2750
2514
1396
7484
509
4921
6181
8278
8778
5177
6476
3850
6787
315
5446
796
7598
9745
4856
6946
4502
3920
6403
8910
4415
8843
5254
7132
5956
9757
414
8069
7523
7187
584
4958
8750
1924
8390
6272
3154
1293
1760
1284
5572
2781
7394
6491
87
442
4484
8311
8106
1375
6263
7738
8927
1555
6618
7753
8407
7734
1468
5036
7096
2842
2429
5813
9952
7180
6861
8026
6371
7390
8038
2209
5361
6722
8773
2887
6291
9477
5746
828
2915
8149
4258
8431
9275
6928
3074
3202
2422
8203
9428
2073
9347
4828
5846
2741
8217
5237
4413
9655
5012
7758
6817
3907
6812
6701
1218
9091
3958
4068
3720
4052
9076
9063
1432
1538
8184
2008
6610
1275
9687
3601
5655
2546
8936
7741
8408
4738
1147
3876
6666
2812
8710
1490
9654
7520
1243
98
173
7252
7605
1740
9416
2404
6081
520
3005
9670
8698
3117
7389
1160
7293
3867
2603
825
6219
2081
5335
3568
188
8316
5528
7389
8688
8477
1417
7754
9568
4662
1754
7022
5684
3761
3607
9022
7390
2956
3765
912
6740
1748
9705
6669
8763
2637
4771
4402
6110
2444
5495
532
4174
4722
4652
3981
4516
2341
9789
7735
6273
8860
4206
20
8486
9830
9513
9080
5536
2552
9045
3972
5659
3698
7656
1487
9127
3628
835
9618
7912
7058
6236
897
8743
3625
3273
3473
3526
9405
7176
9355
225
1449
5211
6683
1568
689
1585
7077
1289
4719
1472
8661
4194
9625
9678
4865
5044
6075
2288
3517
3195
4391
3337
4858
8825
5349
1203
6509
6571
6360
1420
6872
5796
3839
4616
2295
2741
2229
9508
9817
4126
9558
8715
696
893
6158
9153
2983
1557
367
8652
7431
4651
974
8163
8997
5370
3723
319
8324
1958
2092
6350
6147
4477
741
1238
4459
6346
917
3702
4312
9587
2864
7816
3713
3026
3013
7507
1573
384
7323
8398
1283
9357
1837
9806
614
4077
719
8144
8747
1148
1835
6546
9697
4226
8061
2395
8812
3794
2615
7931
3254
7804
9921
5245
3843
8162
657
3402
6095
7528
8484
8183
6918
1236
9446
8894
6079
7541
5731
634
1334
8033
2922
6395
7509
2822
1099
3738
9006
9634
7293
9767
2583
7165
2142
3406
7731
3908
2104
2647
1417
7841
172
5917
1203
3349
6078
6646
4085
2120
9565
3409
4024
2808
845
6207
6386
4365
9875
7463
1156
5645
8908
3565
2160
3739
8251
1101
3236
6777
9837
7729
8919
8095
9386
4979
3567
9380
6586
9932
9133
905
2929
1370
9750
8485
8793
6256
8574
3563
3802
9767
9043
2344
4825
5890
1236
6648
7498
3168
1692
2744
4163
2651
4990
518
751
3197
7086
8596
4588
8866
9914
9660
7874
9336
5044
3757
1280
4115
2685
9380
9028
2205
4591
5686
8630
2506
8790
8393
3777
3114
1085
6931
9408
216
6945
3082
4369
2863
228
3658
1769
8653
6176
9685
3748
7551
5765
388
54
43
7553
2012
5123
413
1931
364
4264
2409
2444
179
5284
8703
8907
7806
582
9917
9396
4847
3908
9150
6740
953
6005
320
6835
119
4204
915
6366
5069
8001
6606
3680
167
9854
8619
4860
5597
8947
8835
7514
6648
2502
4884
5931
398
8842
8382
9931
6169
4635
6989
787
4726
3668
2993
2919
696
8845
5785
2626
2285
8836
686
5964
5193
6934
1516
4230
94
4842
7307
8418
8461
795
3436
6129
3190
8368
2190
7002
1260
4282
5281
4692
7380
5097
4930
4465
6763
395
500
2391
4215
7507
2688
1195
4694
5521
6387
2380
3283
1155
8902
5641
2519
1192
7259
3745
9451
3789
9603
3478
1964
7750
5100
7468
4391
730
3528
3187
9220
1915
7129
6254
4480
6513
5304
5072
2050
9043
8132
9395
8415
2385
2312
5860
7064
9552
2198
8398
9537
2675
7487
6993
7533
6274
4292
6767
6469
7690
438
8163
4023
6017
586
8958
9867
915
5817
9391
8129
3054
7252
7214
8294
8775
4772
6934
102
1224
4447
3693
6683
2230
3383
5025
2915
1378
2412
4448
7952
8796
5522
116
3896
2239
1677
9657
3885
3038
5273
8764
8087
1497
4374
1923
4637
2923
1792
403
5395
6659
5500
2913
5661
7404
7359
1353
8450
6939
8537
4628
6236
2038
5102
3994
6907
5484
5749
3156
8553
6804
1178
6684
7528
213
3150
8611
9240
335
6686
6143
1653
1701
9969
7408
5741
5080
7242
9005
2670
6977
3758
8863
9198
3402
3647
5689
8068
1785
1495
6242
596
7994
721
3698
1049
6984
6992
4165
6890
9928
675
5598
9422
723
7296
6523
8396
2269
2701
4593
1916
3318
8559
9476
7289
9229
3273
821
8744
7852
2790
4041
2225
3316
6577
4113
8380
6118
8769
987
4680
1994
7379
6101
3876
3360
2703
2937
9328
6865
8109
8313
7646
5345
2992
5304
930
2867
9504
1059
9209
2408
9734
3354
9157
4454
4176
9407
8326
9554
2452
1354
3061
2457
4225
3766
7066
576
7425
2364
6045
6982
5195
8858
5033
9731
2550
4767
685
848
9319
5333
3356
8594
9899
6028
9444
9172
4256
2735
5707
7120
5965
2582
7766
9321
3667
8551
9715
4328
1963
3129
4470
5442
5438
2230
3025
4850
4260
4060
973
5128
6404
5073
9381
5597
6202
2001
3313
5506
7830
7574
2576
2356
5041
7538
9950
1502
7787
9515
2613
7372
4848
115
2752
8375
8585
8179
9211
9761
238
4436
2918
6735
5977
2314
8152
6622
3093
5086
2880
6659
7254
8278
6903
9252
7331
6787
2610
1868
2590
486
9171
3151
9012
3167
6926
9914
1727
8772
3449
2453
6872
2027
8029
3593
3178
4660
6490
2440
4787
6678
5446
9933
771
3012
1894
81
359
2428
3333
1719
2975
7820
9473
1237
971
6225
133
63
997
5405
9953
1729
6055
1092
70
2585
6445
1364
3661
2351
3685
3950
3271
1763
9395
7653
8303
6865
4193
866
3452
8530
3876
3970
1027
962
6665
9020
41
6762
3806
9843
8133
1050
1102
1828
7764
261
1732
2476
1030
7896
6257
4218
3158
9624
3608
8412
3607
1223
4310
8217
7994
4195
1007
1258
9116
9787
8355
2342
3468
8559
9936
7336
139
611
3905
5119
1099
6831
916
3714
4794
6678
8298
2845
632
5329
6183
6381
9843
5960
8361
52
1092
5708
4261
650
1970
7156
2636
8560
981
1346
7885
7298
2437
4080
3941
1848
3185
1644
2673
7225
1051
2590
6564
29
2288
5314
1988
7148
8981
8695
9358
9192
8670
9059
6122
4373
8360
6608
3161
9249
1510
3942
7242
771
9753
9926
4861
8340
983
65
9551
5236
3966
1683
3572
8411
6259
5023
258
5982
7107
1000
2889
5257
4698
6378
2721
7999
962
1619
3661
5483
8707
6801
9963
1681
3865
4696
365
9879
5252
6416
6449
7721
4376
6201
1468
6878
852
3933
9398
2549
6128
7568
9807
2139
143
2774
7216
3676
7428
641
3788
4290
5441
6853
9556
9471
2875
4539
5641
8596
5833
6446
1773
5900
2427
8725
9891
6120
1304
3725
1413
8631
1455
3715
1059
881
1007
9131
6617
1056
9234
8575
666
9548
7444
6424
5400
114
2753
6786
8214
4032
9677
3151
5397
447
2557
5547
6666
9309
9298
6166
4400
2534
8294
2915
7178
5071
9071
1757
6609
1135
8112
6497
2443
5371
5919
44
2397
2028
5585
1665
1655
7934
2449
1303
1069
4728
608
3677
9671
5619
599
7899
8334
1912
4712
5383
5318
7051
2546
1776
507
4142
6610
2410
5668
4083
1062
8038
3861
498
4686
4077
7632
5507
172
5210
3051
9081
4106
1681
8829
8844
2618
3872
3361
7057
4136
3968
1901
5815
8604
423
4445
9520
12
9310
6552
202
2911
842
8805
6057
9244
4553
9190
9011
7968
715
8817
2840
3982
6843
6560
508
224
6872
2335
7059
9356
2868
6322
1959
2178
5848
6825
777
9554
1570
4172
5346
7435
1852
8000
4884
7470
3930
3180
5922
2609
8544
7077
232
5679
2510
2020
1977
1485
6633
3162
5507
2295
5542
4986
2561
2040
3110
6580
1485
5113
5929
3906
2943
2800
5472
8891
1543
2106
6259
6630
7811
3940
6475
6313
2941
7123
7310
1902
5381
6932
3973
2678
4582
9629
9083
8168
5927
1393
9332
2994
3568
259
1623
2944
5495
6402
1114
3883
7254
5379
4617
5096
9067
9149
1106
7697
2092
6189
4416
561
1796
4425
2881
2105
4095
9841
8614
9776
5213
210
2999
8919
7559
1253
5249
9546
1756
52
7806
4770
501
781
6910
1175
1869
511
1015
5011
7831
9504
9159
2114
3771
4705
5745
9429
2577
9769
9084
2902
2857
7614
7460
3798
9604
7459
5578
9778
9186
8779
4623
5956
2361
8892
9993
4182
3710
9630
3295
2449
1044
8050
9399
5507
9566
3488
985
4447
6018
4216
2624
4495
1293
2362
1277
5364
2461
7586
2167
5438
1726
6955
2803
167
5797
5428
2955
4585
2114
559
543
4032
4422
4086
469
7914
7153
6009
4909
603
9590
6130
7766
5822
8829
5130
9143
7621
2165
9108
5931
7553
8372
4262
28
4829
2636
6169
6842
4885
13
5766
2969
8196
1201
4880
9476
4746
9111
0
4897
3133
3375
4315
579
1239
8287
4432
2470
2093
8688
1758
4203
6479
4248
8995
5328
8123
7092
1279
7194
6316
5618
3814
4625
337
8665
468
5817
8936
8229
7466
3289
8600
4739
3591
9546
6270
7141
5171
8654
5231
6050
2309
2346
5821
1661
7668
1809
5829
7904
9210
8542
3764
6726
9764
4877
5946
2018
1862
1991
4007
6575
299
4361
6146
2804
7898
4128
5880
435
3637
4483
1921
7231
1659
924
8350
9064
2781
6228
2303
9733
7422
1610
2849
5612
6467
2912
2644
5856
2473
9811
187
8104
9286
8356
4717
6056
1256
712
8408
4254
9610
9288
9605
6652
6869
9174
4934
3645
4195
989
4956
7765
2559
3411
7109
4025
344
4798
3747
9528
1619
5840
8776
8389
6016
4144
125
2866
1797
9542
3346
5610
7623
3059
400
7579
6312
3339
5338
4527
2298
272
2049
8870
1089
9228
9942
5121
8054
1002
2491
8333
7719
9650
4963
3289
2764
3391
4568
8790
6229
5391
3835
2075
3680
6054
181
2514
5302
2127
3916
1491
6549
3057
7506
9482
344
1961
4056
8071
3186
794
8735
7666
9113
6718
8079
4745
687
4311
5840
5976
3853
1910
294
8516
3592
1751
3770
1204
1205
1495
5426
5116
2296
404
5523
2871
7320
9711
7437
3392
4655
8176
6325
4893
7966
9543
6656
2809
6941
1386
9962
8269
1007
7024
5127
4778
6083
5624
9921
8933
2664
2215
1008
7039
7432
6796
311
8544
2341
7074
6843
4592
8770
8225
4687
4978
9336
7057
3626
4797
9160
6685
6330
2200
4944
2000
8562
3857
1975
6446
4175
5145
3714
1105
3592
6224
2729
8447
1988
9273
5076
8452
4149
7706
1246
4146
2978
8435
7676
4145
786
4328
6167
8788
5204
6380
4612
1562
1100
7500
837
6254
568
3285
2025
1532
8768
5219
8494
3087
5836
1079
3655
364
4815
4451
4648
3781
9409
4934
1326
8507
1771
5599
6028
6947
555
303
5456
1331
2376
2304
1971
7162
9439
7323
1199
6617
9659
7147
3964
6594
6772
6364
6019
3995
974
3391
6724
1311
9346
8141
786
9393
6873
5781
347
286
8901
3556
9110
8062
410
1344
7317
6039
5049
5857
730
1726
94
4317
182
3802
7183
4478
3548
2295
2981
6353
6869
4068
1415
3646
6748
4634
2721
4543
2265
3865
660
2432
9131
2752
7271
9137
6110
8856
6459
5594
8253
6959
9772
7692
5745
2636
2675
4608
4215
9891
2072
9342
783
4279
6037
2588
4736
471
2166
4273
7978
9911
7629
7077
9732
4652
2289
5655
8515
2771
2806
4298
9452
670
8793
7981
9680
4188
3074
6102
7894
4964
1355
5050
2311
3358
3728
8363
9379
6990
2428
4719
81
4030
3795
2392
2307
6391
1823
3798
3960
6939
2801
4885
9322
2194
6889
2052
2472
5166
9457
6404
1327
8413
2499
1624
8065
8412
9467
8223
1767
3523
872
348
8210
8464
9563
286
7805
2707
82
9441
8319
2131
4015
8976
269
6396
128
1908
2588
9942
7380
9374
644
7683
5347
9517
8288
2116
492
1469
4561
3288
2684
9164
434
4803
266
3098
7703
8407
5696
2236
5807
2609
4627
9837
4136
5682
3267
882
3857
7800
6126
2040
3547
2473
6752
7165
6856
9404
1093
6183
1126
9092
9710
7893
8421
1033
786
7312
2707
3700
4748
4525
1594
5847
2146
2898
7551
9240
9573
2258
8219
2360
6868
6199
9046
9699
2460
7579
2111
214
9899
5395
4168
9880
4018
1577
6062
3575
823
7620
2775
4176
5898
6406
3604
1947
112
5650
8502
7968
1835
648
8509
4442
491
7630
5915
3862
6333
124
3174
3655
2273
2596
4893
2954
8026
9293
6338
9889
8975
2219
6613
735
6574
9740
4226
9823
16
1601
5153
6657
2472
4039
3915
2641
1620
8401
4236
8549
5318
2260
6164
932
5325
5742
5175
8926
3020
9812
4468
8891
2988
9271
8979
3460
3005
8434
7416
8616
136
5251
1556
1708
5904
227
8170
6275
5030
4772
3775
9701
1884
118
9530
5087
737
4389
6604
439
7867
5267
9305
1001
4243
2846
4628
2627
9562
7661
441
6826
5114
4892
4531
839
6375
5938
5822
9810
948
6555
6390
4601
7489
2695
2943
1405
7378
2478
910
4585
8827
9230
9124
591
168
9074
4651
9057
1945
6529
7241
6537
7995
6433
9330
2790
7905
1142
2186
5075
4625
3834
1623
3445
2699
9466
9893
7330
4564
603
1603
8136
9569
7384
1066
1585
1007
2729
6766
5377
3199
4273
1021
6441
6526
8564
3765
9004
3475
5123
2322
8602
2930
550
9029
286
5630
7845
4656
9393
3210
5826
637
1066
3216
4374
6991
995
747
7671
2448
5560
4639
1794
3993
7118
6505
2731
5584
733
8096
6927
1803
4860
8843
3682
4628
1272
5148
4185
3925
9664
474
6374
1954
1936
7308
5132
1909
3848
5233
8526
7205
4553
4077
1176
688
7819
4798
1609
7495
4589
4765
5660
2041
3803
4863
8353
7751
1061
1595
989
3735
5554
9446
7531
4388
1584
9850
5085
8835
5926
3493
19
400
9832
5310
7846
1383
4694
5890
9682
7198
1634
9708
5182
1871
3371
4196
6777
7412
5851
5774
9411
123
7386
8691
1477
5097
8669
6509
254
5387
9775
8955
7403
2679
5754
8548
7073
2609
5921
1625
7866
1417
3965
3347
4187
7346
2658
972
6638
14
7278
4649
8912
9669
7437
3317
1144
6132
9052
7961
8115
8577
9480
8471
72
8477
8882
6709
9453
4131
8290
5415
1046
477
3092
6774
7828
613
7315
3660
9794
8345
9153
4369
4919
936
1328
351
8841
5049
3264
9330
4703
6762
2229
284
2640
726
9764
4405
7213
7600
3387
591
6008
4044
8506
423
2048
5933
3746
1975
9482
8393
8856
2697
8222
8632
3589
4710
1595
9611
6045
2477
6951
3546
5114
3455
7302
4166
4869
9142
8438
4381
2529
7686
5126
8363
6276
1916
4977
4909
2962
4403
539
1906
7911
661
2374
2314
1937
5950
3153
9232
8568
5789
7742
8724
8731
4340
2847
1793
2137
7118
348
8701
8600
8688
1251
7487
421
1368
8204
1562
4857
6386
1768
5832
5332
778
2710
386
6664
9131
2705
5099
5429
8710
7962
7533
5884
190
1309
859
8450
272
5090
2677
6628
5633
1059
4922
1730
7887
7013
7432
5913
6425
7685
9390
3792
971
5376
6067
6030
3761
6606
9744
7030
124
3020
1656
9921
9555
9382
2008
7335
641
941
3960
2089
5228
7034
225
2061
5302
5887
298
6391
2844
3350
4379
4113
6828
7849
2306
2999
9683
1293
707
2145
5124
3803
5577
5470
6277
8412
7964
1961
5972
6833
5259
4427
5111
476
6137
6909
7184
3935
2804
1767
8463
8575
9456
7034
2257
9476
4882
9047
919
9328
2824
9642
2801
8313
5766
6918
9481
3749
2523
2974
8173
8769
2834
3709
6132
446
1476
9923
2993
4632
7531
8365
3237
6036
4018
6944
8479
6326
7288
2017
3742
1101
19
260
3496
2331
4256
239
8787
4436
7465
2698
6544
9570
3216
8853
1815
9267
9048
6518
6222
1024
4674
2173
7507
9834
9701
3846
3305
4051
6503
923
3663
598
3832
2147
6939
5365
9534
1611
4694
9549
5994
1199
2081
9432
793
6278
2774
8430
2135
7671
1897
5113
9695
4683
5917
532
7821
6337
7811
8014
6900
8567
4877
3185
5227
3740
4448
9130
1937
336
1496
4884
7746
7108
3861
1830
9842
9187
8420
2949
1543
9164
5960
8247
1939
7323
183
8886
6334
6467
8705
8604
9634
2875
4843
6513
7600
5810
6602
5103
4480
3136
2651
2638
2213
3802
9199
2001
7551
1873
9044
8683
5562
3720
5887
2991
3108
5617
4292
4292
8956
9267
6328
977
8278
8745
2286
6266
1179
1802
4846
2711
8189
5328
4916
5085
9143
1303
4004
8876
5139
997
5195
4725
3318
2224
9664
453
7638
1120
442
5442
283
4147
3755
1056
3587
4150
7738
7617
640
9095
9647
2007
1916
1748
8711
3959
7357
9071
4327
540
3491
3649
8364
389
7517
1495
5761
4637
6572
3902
8219
1236
9424
23
3423
8670
7342
1222
1843
5288
2099
8685
8801
3459
2210
7120
8999
9359
6889
7077
1628
4085
4178
1578
3437
7265
325
5730
8053
362
6059
6445
2764
6607
5037
5971
5670
6815
6955
5229
2684
7445
5208
5665
7832
2095
7650
1720
6057
7881
4144
9677
9239
8987
5125
7604
8928
5995
7953
724
8913
6448
6630
5394
768
3189
9831
7484
7638
1830
221
3135
4522
7243
163
8118
9593
4302
6769
128
6753
1225
9431
9644
1724
7585
2479
6307
8858
7993
133
4593
4424
8821
9810
9314
5325
8428
1875
6374
3954
6056
9896
9104
6369
4686
6041
4241
6902
6276
9619
9739
5715
6852
3856
3109
5312
844
7941
7978
2543
8366
9124
8574
5310
3339
98
2399
5093
8711
7251
8035
7903
7625
9233
3236
4805
9666
5932
9509
9798
9591
7515
4255
9715
8044
5904
6428
6758
4047
4314
6719
9539
2703
84
9726
2439
8679
6043
6910
429
1882
2237
6137
9791
156
6524
2654
8394
7195
4353
3958
5818
5705
9950
5982
6532
8855
3724
7734
4227
479
6387
5445
4393
3438
6376
5478
871
4348
3040
739
9369
7306
8579
6428
6616
2294
604
1364
6339
6526
6861
1401
440
2191
3327
8654
3387
7512
8038
278
7417
5856
6387
9631
3847
3601
7188
201
3075
6863
8054
1810
444
9897
3834
7023
7294
6203
8070
8808
3333
573
4642
6865
5011
6956
7938
4337
7020
5651
3476
9649
7006
8166
7599
675
1007
6490
908
5387
6094
244
6880
4910
1836
7245
3863
518
8115
7662
3213
1664
3108
7598
9557
1379
7535
533
1101
5580
6299
8716
1336
1834
2518
8132
8779
691
4806
2863
9044
2673
1533
3726
9683
9005
9115
7864
3085
6358
5661
5252
9797
7982
6420
4820
3211
1458
6497
3662
6769
4355
9867
6647
5496
3270
2083
9678
506
6116
8191
5683
4144
5182
4899
9202
8259
8738
270
3488
1487
1250
7231
9249
5428
1991
8680
2531
7414
7698
4827
6586
5093
5162
5506
6809
4215
5511
3467
8314
448
1674
2543
3450
3667
2535
3300
8708
2387
6544
9320
2488
4803
4431
5902
8664
587
7471
9189
8383
3148
6184
5844
5406
74
4245
7362
1669
3192
9060
9681
8570
8674
3273
9883
2856
8675
2287
3316
3399
2503
588
3439
3684
9675
4624
6877
4478
1089
7194
9199
2989
3743
6423
9453
8382
2711
9192
6528
9534
65
6398
9513
9363
5652
4917
2244
8130
5892
2458
999
9744
7813
4379
2565
473
109
4553
6576
886
9784
7420
4282
4879
8325
5620
4924
2941
9533
4647
9615
8410
4740
5948
1704
5704
5705
1714
1553
9835
9048
7661
7330
163
718
3967
511
617
9852
1743
4779
3686
7220
2105
9994
3947
2176
5826
3796
3456
4739
5829
3381
9132
7399
4415
1329
2926
1269
2436
6661
7526
3604
6316
5928
9811
3048
9533
5857
2842
4299
4038
5986
8560
3194
6629
5618
3428
9254
4853
297
6203
555
8856
5460
2569
1517
8173
3480
2537
846
878
8179
3753
5340
649
1630
9573
6839
1849
5278
2735
912
9776
4650
968
7373
291
2967
366
3386
8050
3791
5905
8361
8994
7633
7043
906
6681
3617
2604
5045
422
2240
967
436
7658
7670
3565
1374
9479
6668
8156
222
3379
6102
6883
4466
2105
5021
1789
6207
6668
491
7703
5346
5721
9664
8880
9074
8584
6289
588
801
5502
1232
8837
7664
2035
1974
7310
8434
2747
1037
9365
6169
9363
9339
8773
221
9817
7864
8549
4603
8040
4496
4353
3802
2063
2964
3170
4360
9853
6747
1645
6499
7356
1574
5
4772
9111
9218
1245
9334
7368
5158
2302
677
5411
219
7842
1969
1288
5163
1227
5953
3161
6211
2370
6772
745
1186
367
3746
8253
8228
194
7042
4658
5768
8957
4277
7066
5772
1374
4639
9572
7451
5772
5798
3751
2876
9757
1890
987
7836
3697
8165
4324
2918
8127
1876
9083
3343
5930
2563
4315
3070
7088
5231
4917
3240
7439
7909
7265
3002
5252
2960
1698
143
6241
3615
2659
2354
8394
9285
1540
6125
525
346
156
9439
9116
5951
8105
332
2968
2751
9707
9503
5451
2273
5353
9243
8529
601
3039
6271
5940
8782
229
3735
9251
3846
6141
2751
4959
6510
3112
9699
4850
1910
3413
1761
7052
6105
1239
7520
7931
4314
1042
4026
6582
6362
8866
2421
6310
294
2008
2303
9522
3020
658
439
325
6366
5622
8489
6878
7568
8779
6513
7268
5836
8884
881
5204
7941
9929
7070
7544
8968
2963
2292
2902
4974
7044
6777
546
5518
6849
4015
8833
7199
2894
8163
7899
619
8884
3779
4780
9424
3137
1453
9799
496
6876
4082
1207
3848
8003
921
5140
7933
3971
6399
4350
3362
2595
3388
2506
1510
6894
7346
4278
8475
7275
2527
5754
1713
4650
2385
2076
6913
8797
1033
9088
1046
3985
6424
9643
3861
3784
5414
9986
1917
6933
689
3844
4041
707
4499
4704
3155
8993
156
6388
4627
6542
9422
5700
2453
1709
3016
739
4024
6933
8826
913
3026
3096
1559
4433
3889
8254
7369
8854
6060
9629
9486
5242
1672
775
1135
6522
5639
288
2178
881
8139
8283
5605
7887
4889
5456
6763
2389
536
2188
6948
4064
9992
7956
7220
6672
5695
9191
9925
452
1662
2688
4152
3892
8803
7877
3927
4555
6408
1055
9734
6398
7544
1702
3480
5005
2274
1800
1934
2869
8678
6101
7322
3632
3484
7930
978
4026
4932
9481
1855
4928
3000
3089
4933
9815
653
8383
2029
5191
5768
7569
3406
1106
8670
8386
5675
1412
4180
4711
9174
3080
4325
6661
8065
9205
1490
6381
7973
7332
6595
3286
6508
8943
5260
4933
8328
2519
7243
7899
6199
6514
4205
8826
2222
5615
4096
1045
7586
6151
6611
3028
1269
9650
8090
4737
5182
8707
6542
994
7969
9714
1233
6259
3278
3923
4047
7663
9382
1160
9024
8875
1735
6080
3882
7743
7144
170
7107
5426
5936
890
6099
9137
5009
9975
9192
5563
3026
3614
5956
7852
731
183
1153
7396
1545
2722
6949
8851
4913
5389
7024
7844
1921
6133
3202
6211
274
2758
202
6428
6250
818
8921
1378
7726
2634
7460
8056
3604
6171
6168
7327
5318
6119
1160
3981
2547
1215
6546
7142
719
5323
3105
1386
5931
9286
8139
5579
6863
5128
8922
1993
7284
7745
1463
5627
8718
8527
690
1068
3814
8797
286
1968
6758
9288
5642
6290
6414
1006
5611
3403
660
2069
6356
7121
871
8934
3224
3690
6692
7844
3062
7659
7073
765
2066
6945
5239
6444
7557
987
590
3863
9611
1730
3936
1676
5594
8215
8095
5315
8210
5559
9714
6432
6912
8029
6410
953
7292
4644
9332
8782
499
1479
535
9929
1439
7704
6060
5699
7649
2761
2222
9055
7425
2842
7559
8520
1996
3871
4794
5971
1244
7293
815
9248
486
3682
5432
3907
8077
3230
3107
2425
980
9601
8552
5721
8880
5778
1618
6040
2459
7674
5690
1465
7829
7787
6639
3855
2773
1200
4050
4400
7294
306
3630
3417
6685
8323
9029
4056
5198
1259
9829
9898
6302
3277
8745
2497
5450
1926
668
8145
6327
5361
184
7271
5771
5273
4109
2310
1641
9660
7117
208
5194
6792
8195
1214
5334
3158
9412
3468
5523
3984
5118
740
9508
1823
430
8533
2818
4517
9870
7727
2808
8244
7562
8142
1304
377
8243
2609
3115
9385
7437
8214
7334
6422
1443
6948
6456
4669
2571
9284
1647
8416
8963
9884
6827
2539
314
7337
3642
2517
5420
7673
3699
1829
5365
3475
5038
1022
1463
8131
4944
7257
1591
2262
7508
3533
1153
1246
3925
3374
7900
6082
8968
1727
3751
22
4038
2933
9683
2050
1288
1353
3019
6353
2667
4729
5005
9225
2291
1933
3869
1074
7643
801
63
3716
9962
6132
9281
8929
1697
4139
2171
348
1409
1554
6063
9301
5706
6256
4075
7331
1070
4198
8125
5852
6949
1973
5078
7044
3961
5865
2519
1775
513
1701
9528
5908
8986
3212
3528
6625
7377
7881
8718
6149
206
3676
8766
638
5067
290
3639
7984
7186
3439
5369
1790
3652
8715
3636
2024
5157
7718
9915
3537
2869
777
8487
1515
7002
3067
8409
321
1177
2940
4471
4801
531
7954
7816
3653
5020
1197
5978
7901
6583
393
2832
7642
3181
1968
8282
4265
8796
4985
6332
1658
1884
7057
7248
1164
8605
9796
1736
8198
332
4184
4107
2101
2932
9751
8289
2813
4369
5223
9546
9262
7696
8727
3736
4309
8211
8136
9693
811
6816
6613
7838
7966
105
9377
1255
9690
518
1868
4249
8804
7966
3681
1102
355
6261
3391
6189
3611
5983
5458
9657
295
7891
2478
2868
5939
4379
8439
9441
7891
6503
4559
4518
9571
3233
5597
4176
795
8203
5110
9249
863
8356
5451
6836
5409
9066
1919
6657
9539
5738
8211
4108
7885
6707
4256
6888
9239
3688
4049
9353
5284
9828
4570
7895
9451
4871
696
8926
290
2143
5991
787
8426
8530
6250
5665
9282
1527
4298
9840
6152
8789
9982
3175
7667
5923
2516
4793
6214
6111
1561
7883
5585
3306
731
2341
3162
9648
5320
2919
4100
8085
3922
2803
1305
6139
9617
6280
6857
1393
6341
9519
5935
6629
391
2990
4636
6377
4411
4953
5107
4723
9253
6249
64
6415
868
149
3606
8032
2127
6780
5795
483
6427
9525
9090
1908
2310
798
1965
3978
1651
6560
7548
6061
178
8580
3822
4424
2443
4207
995
1737
3671
1592
357
9574
5852
586
273
9257
1907
1892
4293
9068
2647
462
311
240
4812
5543
3727
5351
9129
9849
2226
722
9747
414
5117
4084
3736
4332
8234
9141
6885
1659
5938
690
6100
9096
1839
7970
5478
3026
1084
4036
7689
6657
4380
4276
4358
630
5956
2284
2249
5566
3622
871
1966
8720
5595
9777
7813
2470
9036
2810
2433
1096
9068
3033
98
1171
5126
733
9005
7225
462
5311
853
7890
2327
4643
7449
4769
6945
7149
314
4881
332
3153
790
9550
333
4867
6070
1632
4588
4876
3568
9265
3880
4494
2954
4736
6583
8959
764
5086
9966
3121
4704
7494
3818
9010
2985
618
8520
2415
3485
5416
9975
2019
4273
4027
6248
6077
4208
5150
6207
5104
3974
9675
2809
7237
479
9906
841
9947
1063
4501
4081
9950
8958
0
1353
5332
4074
6438
3743
1844
6841
294
9612
9490
9745
6636
7263
7493
2838
2164
4312
8634
2536
6346
1763
7793
1557
8077
8382
1509
98
3282
729
1914
626
868
3321
1310
5872
4521
1161
6705
3743
9071
1359
5633
1500
5749
8726
4894
1868
5159
2844
6381
6935
2722
4522
6600
6977
1221
9211
1186
9905
6952
6427
7993
9792
9990
4222
9428
3983
1446
4875
4219
7413
8968
4339
5493
5236
4138
9505
2380
1303
2186
8111
2750
2250
8470
210
5405
1958
4031
6596
3510
2360
7180
3548
9503
4604
2683
3884
4552
5115
7826
4935
1012
5342
4452
6429
9570
5950
9967
8052
6755
4874
6674
9172
1408
1076
7883
3903
3988
2441
46
8684
100
2218
4562
2335
3776
827
4582
1014
8881
3832
1633
2610
9634
6495
6999
4912
7915
4350
9399
5075
5832
3738
33
2784
6616
8649
1573
2886
3809
3180
5095
3720
4161
8909
2862
6104
8208
3313
1195
4801
4033
3449
1143
9505
5607
3115
502
5297
5076
3064
8999
6531
2733
298
1853
3527
3433
3148
8952
1450
8392
6086
124
9611
1328
659
9492
4843
7443
273
9471
4625
493
7492
1336
4375
1193
1799
9683
9860
5138
560
2323
4295
4247
3855
6537
3901
5368
995
3064
5119
5101
1177
5123
1563
4230
81
3799
5516
1053
5007
6037
4985
5144
7051
5447
5688
7802
1878
7684
7053
7481
5674
8191
6083
458
1916
7530
4197
2792
3680
664
6937
4468
6025
5007
4057
2326
3980
7004
6304
1522
9359
6385
2190
6022
5188
8090
7160
7008
4700
3949
5231
4396
7146
2207
4939
9370
1445
8931
3155
9486
3240
2077
6012
1985
4170
9429
92
9109
1782
887
4841
1910
6518
8967
9907
2588
3585
2706
923
4669
6830
5872
7247
8735
3763
902
7971
2939
5775
6456
8525
6557
8320
8875
1644
2856
9185
7256
1926
9175
9140
1772
4861
9230
7432
1180
9182
382
7063
2358
150
9191
2255
2515
9360
9640
1403
1833
3711
7026
6989
9437
6517
4362
762
5109
1598
5437
3378
6732
28
2655
4746
558
1423
204
6440
7427
6496
9439
2234
249
7291
9249
4740
313
5479
6408
548
9004
7908
8289
1139
9463
223
4505
8203
9889
9604
597
4719
2197
9889
9521
8668
5219
8195
1925
4298
5552
7120
4388
4958
3710
1904
4702
1200
9911
9496
3286
9891
5187
516
2301
4470
3705
6113
9021
9895
4449
2420
8690
7471
6488
5274
5714
2013
4877
9677
1118
2995
9816
5552
4528
5463
506
8680
9684
6039
1344
3767
7923
6765
6865
3957
9419
586
7591
301
4106
417
9754
705
2457
8451
1655
2043
5622
3651
6352
9122
7481
790
1422
7733
312
2393
8721
3047
7110
8270
344
2039
1446
9060
8779
3514
8349
4161
1221
7495
213
4735
224
1215
366
4177
6313
4632
5440
961
9586
9508
2939
6343
8166
5762
4271
5335
8023
8049
9959
6072
4883
1356
5968
5869
1909
2519
8296
7362
6072
7957
6562
8436
9062
7411
7638
3644
2239
3364
996
2106
2693
5753
4025
1995
5412
6141
106
4519
8975
6090
2909
5897
7301
988
4664
4076
5779
8864
6097
1854
8275
6057
7556
259
5122
8671
5827
9273
8431
6051
4695
7060
2383
9972
7333
2741
1597
9703
3644
8043
2910
4535
7211
9014
6675
6809
9152
9204
4073
1706
170
2715
2874
4279
3616
5218
3126
6041
2922
796
4540
427
8813
17
8465
681
3781
8698
7764
5895
890
2633
6200
6299
3221
8947
5952
5416
5916
1275
9162
9496
7577
4285
1138
5172
265
3651
1911
6579
5648
7303
1626
990
4137
9622
1970
3164
2155
7853
6221
623
776
4755
8737
7001
7935
7299
9201
44
1809
324
2651
6445
7888
2374
5326
8612
6228
1819
2248
723
5799
2112
542
7505
5904
3415
2757
257
525
9731
4989
9396
1353
3246
6685
8871
6525
9530
2809
1626
9523
6114
9424
7487
4757
8429
850
1739
8708
191
1871
1772
7029
1451
8570
615
5205
6440
4381
3357
717
5439
5958
6617
6097
4318
7807
5801
9827
61
9500
6246
3909
1979
3117
4497
7003
1107
8722
428
9694
4209
78
2035
7548
5834
9109
997
2973
8541
1295
1955
5121
8885
7902
2995
7301
6184
8236
6097
5829
3679
9006
6915
5563
3793
7797
7367
7397
8750
9043
732
3909
2758
1306
4746
4098
676
3248
7391
1323
4058
6687
9878
9260
602
5081
4646
7817
4173
4520
852
9815
8036
2499
9734
3498
378
3901
9862
7321
1970
1128
5631
3198
5457
1111
887
5481
4298
3457
6408
308
3859
1969
876
337
5441
1513
9237
5296
3716
3591
951
397
8929
8144
851
7782
8088
7545
3152
6410
9137
3733
9736
4444
2248
41
828
9255
6818
1051
3925
11
8827
9608
4552
3446
3950
1796
4773
3839
2048
7884
6989
4075
185
8776
8749
2082
9536
5037
5083
4427
2690
5567
8492
276
1678
6403
5343
5150
5616
4818
10
885
9336
1129
3535
4558
1958
2173
8250
25
5893
9325
4186
7573
5521
7744
1801
8067
1094
5357
4282
4482
4806
5081
6270
9657
8903
5162
7923
7188
6263
9786
1914
4022
9820
6696
1811
3069
1260
2617
1415
8114
6934
3996
3858
7887
3116
7002
2091
8892
5470
5004
1889
5762
4851
2183
3427
320
1446
4658
4572
8876
2619
7144
6826
5073
2989
5401
2538
182
3925
8347
49
2464
1497
9198
697
9038
3102
1612
4502
3473
6588
2703
836
3967
5117
3949
7791
5677
1840
4991
9503
9801
6161
1599
9166
6218
7245
7007
3366
2255
9460
6823
9404
4388
8960
6726
4035
1124
4124
1770
2079
4440
8723
2010
1799
7613
6695
368
6870
9923
7210
8820
4654
1665
4476
3540
7641
8262
9281
2640
4893
6459
8430
4177
7755
6373
8848
3946
5733
8918
6458
5014
3002
6051
7945
4465
9535
2031
5413
5843
7195
4918
6678
1943
9583
2999
5216
6745
3072
6185
6237
6926
8386
462
1638
9950
7059
4372
7597
2028
8402
2632
554
1382
8426
262
5920
9959
9406
4779
1420
5450
8163
7019
3833
3578
6244
623
9346
5492
3398
6582
7493
6382
4874
652
2928
1137
3480
1928
7644
1041
1198
6463
9442
3325
2756
8166
4270
4818
8890
7668
6255
3994
4641
7574
2423
6433
3075
5197
9845
9097
2161
5042
2509
8307
4455
5449
385
6430
429
3315
5247
3148
6893
9309
5606
2095
315
6054
4933
9796
3862
334
6274
885
3258
4186
884
6482
2208
8100
526
4778
4979
9872
57
2275
7790
4457
2092
8825
663
2153
5226
9011
4627
9623
4425
9025
8101
2267
9194
1329
4326
4077
730
7826
6642
1180
3620
9807
2461
522
432
5389
8688
2116
2556
6720
1460
688
9222
3959
8186
6351
8083
4056
3940
8786
2223
5030
9395
3128
8258
8111
3167
757
9978
9474
4732
8127
9355
7278
2511
2114
7280
3573
7533
164
7340
6239
1036
9698
1106
6683
9081
2969
3901
1728
21
5904
9805
418
4412
738
7887
9968
2451
4794
4567
8811
654
4744
9884
5473
1851
5504
3905
3494
8366
641
1132
6820
7082
2739
3988
5257
4041
1306
9708
5535
4696
1143
7078
6698
9090
8781
950
3962
9239
2929
8228
2783
8121
9386
3069
7196
3683
2136
2807
8181
8439
1074
5103
6242
9682
5751
5281
2022
4413
6854
1731
4553
5939
6825
4927
4912
5514
9372
8618
9135
9760
8844
5270
4405
4228
2026
2704
7301
6429
2206
7223
5253
1131
2600
1386
5119
6968
4258
4332
1557
763
2402
6520
6785
6761
9772
874
3274
9416
4276
8529
243
3089
4736
3760
8782
9297
3659
6283
5518
1884
1334
8660
1914
8047
2570
5570
3229
2049
3289
9642
4506
7780
5666
3437
5036
9918
3298
2126
6860
367
3512
1598
4732
5086
3153
9462
192
7652
1954
9504
8940
1861
8628
7187
6568
9046
9898
2409
5425
4879
1310
5166
4297
8879
6649
5895
7934
6470
8561
8621
8360
4468
8332
3093
5036
6299
3891
8269
4846
1683
5091
6916
8931
5130
5132
6422
2404
2165
5836
4004
5662
7128
2710
5900
7767
1726
2476
9498
1707
9334
6508
763
9956
1482
645
5065
8728
4717
5883
9384
2940
6816
8320
3083
391
3792
6371
340
9361
5248
4677
3895
7898
6447
7253
3497
4087
8054
4782
4330
1575
8800
9174
2700
8131
6358
3287
3039
7508
3430
3067
4299
4511
863
8592
6921
9915
892
1627
3007
9955
7339
8104
9846
1335
5624
6064
5625
6653
1579
2563
2395
7541
3994
2405
1093
8666
4252
2021
8652
4164
6668
6200
7467
2810
2262
5669
3042
9140
3681
5561
5547
6191
8265
426
916
3610
7495
7417
6302
5166
3024
5009
1905
4394
4535
876
1322
8220
7231
3108
7362
3787
6274
4183
1692
3249
5511
8483
8154
2390
5555
8321
1452
6680
8799
6511
8631
2791
5553
1765
9038
3372
1370
2489
4832
1514
2475
7934
4589
9741
837
6119
4950
4718
2092
8490
2768
9048
102
1631
693
2213
6342
4344
9239
3090
7248
5066
2306
18
2328
5625
2829
4302
3148
3890
492
7833
1994
577
9765
1633
1375
2323
844
2929
782
1718
7646
7860
9225
9933
102
165
8430
2480
5216
322
6625
5696
9544
1902
7810
231
14
9269
4315
3854
8744
5658
1945
5592
2467
1820
1316
8444
5640
4248
2316
1120
6551
8616
5730
1120
2179
1833
432
1982
1706
7898
2710
1172
5358
8160
8466
8933
9701
5319
6523
5553
7338
3298
618
1783
7949
8275
5414
4916
5582
3671
4906
8826
1345
8665
9637
1309
286
3462
5742
2519
3625
624
2818
4426
105
3468
3596
3125
6695
1031
4207
5136
756
4789
9027
2418
8647
6073
3050
7762
5698
5345
9373
2602
9600
57
5608
7655
5341
4704
6878
173
7809
3032
6282
9000
3339
4550
9460
7741
3287
2521
5948
5342
5915
1943
2631
1869
2564
9283
5891
488
8951
7627
9240
1522
3142
718
4780
5555
8274
2843
9171
1941
7047
8628
2930
7727
7305
673
1806
3519
5609
5105
4070
8096
3012
9036
634
7196
3752
3028
6358
426
5939
9881
3919
3944
1386
5707
1864
3028
6418
8682
3889
1620
5919
5642
9629
6774
4711
195
511
9649
3794
5156
273
1674
5921
4407
7504
6499
5511
9312
8583
4157
6952
6111
6678
1215
7357
533
4958
6127
3441
7555
8956
7964
8636
2157
6720
9790
7769
7806
8282
3317
3989
3973
3024
2383
455
6333
3821
9510
5430
4091
2057
3845
9996
3040
7585
2042
4741
5630
499
5047
499
8344
4505
9523
5986
9505
9679
942
6115
6071
4050
7745
1351
1848
3943
7043
5002
2418
5574
489
6105
6217
8721
9013
5761
6913
9348
9775
2342
2764
4587
6673
812
6685
9674
5515
5094
8699
8909
7111
6121
7537
5021
2536
6779
5090
1228
3756
9837
8538
5741
7824
3107
9391
6259
4514
5852
9206
5428
5745
7666
1651
5913
3488
9232
9832
1541
9738
9355
6062
2063
992
718
8562
8942
2638
1926
8646
9361
9819
1526
1304
7848
3231
392
7056
4018
543
5137
6595
1044
5651
2400
517
4002
6905
5107
283
3405
4035
117
3662
8953
8635
2504
4524
314
2198
7947
1688
458
4166
8824
4802
6266
7658
6605
9233
1491
5072
6532
652
3751
9179
7121
8520
1881
5199
7560
2844
9798
3977
7721
8128
4526
6124
185
6756
5187
3510
6990
7981
4605
721
8134
5178
4151
3141
5173
6884
5770
3739
3561
36
9619
3596
9675
5743
6772
3159
6645
5036
5444
5058
6986
7783
4435
3416
887
8158
7071
3553
5668
4487
4524
3567
470
5044
5171
6900
1780
6463
4266
6865
6164
3360
4380
6938
4546
5182
5204
6341
4204
2706
9995
9201
2061
6407
3132
8243
388
1469
9536
91
8560
5837
1132
8325
7146
7622
3939
7611
1855
1046
3704
9225
3465
2660
308
7065
9657
6778
7920
3388
8978
865
240
8137
9365
7204
1852
3536
1109
4342
188
2792
6406
6080
5184
2758
9559
4210
9289
9455
6377
699
8023
9764
8843
7540
4304
2876
1348
7894
9322
9312
220
1484
6453
8992
711
2323
2904
8563
8846
8013
6486
6475
7035
9829
2509
7239
7826
3294
4379
9282
2295
6740
2557
3129
80
5459
7237
6121
3128
3270
1175
6839
3916
7480
1632
4841
6533
9063
4532
8993
4547
3718
7651
3978
979
1761
7222
7019
6205
9324
8812
9673
9372
8868
8876
3850
9226
9863
838
2531
4488
3183
5322
8706
2119
7289
1092
5720
8230
6228
2211
7966
9432
8933
2069
328
1713
6311
3937
2727
909
5840
5696
5113
4477
3487
7800
9627
8367
9986
1271
9902
2552
6484
9016
3575
5569
98
9669
3665
603
3391
8762
3389
1505
669
7009
3705
5049
9388
1600
2543
358
6512
6267
5940
9469
6666
9430
1873
4161
7561
9436
7390
7437
3737
9141
4522
8734
4505
7399
5496
2603
2186
9820
3539
7169
4820
1260
417
6799
275
7271
6246
2155
1326
2961
7184
176
5576
394
7103
9221
607
8761
807
2202
2402
6341
446
1665
6880
1855
1392
6279
523
959
6051
4238
7964
5481
9492
7832
3792
8699
128
9938
9887
8295
5167
8155
9165
2712
1002
4159
5194
7970
9133
2996
