7343
9683
5122
9326
4455
5447
9445
9761
4359
2668
2488
6021
2901
2826
5067
4727
7532
7591
1159
1566
7087
6014
5083
5766
4891
6767
5972
4533
6856
7040
9415
6559
5467
4176
2702
4260
5675
7260
6414
2054
766
9515
4913
1801
7968
2772
1812
3955
672
767
9039
9156
4422
4089
44
975
5700
2097
3014
3765
2313
8335
704
3091
3052
8756
4478
3490
5739
7469
4372
7436
2783
5393
1418
1854
9884
3786
2840
4521
7138
848
8100
4291
9475
4129
8453
6986
1314
6269
9394
2105
7460
1181
8588
179
3062
4163
5157
9883
4234
1229
7404
3798
655
3571
5975
2649
2059
7856
8299
5244
8136
1662
3706
6896
5289
5866
5801
8684
2392
7222
6189
755
2893
621
4930
2546
7740
8017
9400
4821
9964
6656
7882
3897
9472
1589
3916
5036
9123
1803
5264
3153
5525
5645
5733
6623
8316
9336
3933
5465
441
3634
1418
6648
329
7251
4724
5461
6292
4129
2617
4419
997
7899
5521
4600
2247
8971
1021
3277
1640
6910
6428
7067
1644
8000
6841
5269
4897
7984
9941
5348
1546
1683
8140
8973
4971
8260
3207
4751
1424
8729
8461
6169
5674
3857
8934
6040
631
4729
3998
4398
2717
4125
3027
318
2435
5980
1867
388
9611
4805
1428
3810
6080
6862
3529
6004
4584
483
3902
4037
7142
1083
3881
3355
175
7078
1629
4381
2662
2706
2980
7957
3862
1373
568
8896
3788
3477
5822
5841
8271
1339
2287
1478
5277
7494
9365
4195
7523
1892
6350
4650
936
5627
8160
7053
6919
4782
6041
2858
5575
7659
4338
1796
840
3729
6912
8594
7548
1679
310
4481
1024
7815
1322
3717
9334
4241
3634
8637
1937
508
3835
3715
5467
4719
8582
5907
1414
8990
3776
7123
6333
4712
4828
5377
8774
3821
9502
9483
4392
6669
3959
4934
4563
4380
5976
2034
6015
369
7077
5781
5812
8094
3624
2212
8979
7609
7375
6321
2641
7017
3875
4397
1006
8477
4982
1806
1845
6982
4136
9372
6354
516
4917
4310
5386
6190
6078
770
7004
1659
7187
7409
9955
8574
3435
3904
868
6271
1631
1243
9179
7555
6489
7052
7388
2029
1124
9329
3048
4734
3696
956
4479
3896
9124
5811
5004
2289
928
6680
5841
6131
2687
9683
991
2048
3237
7900
6802
5682
1803
3013
7928
1457
788
3395
2572
4605
2170
9629
5027
7627
2074
7948
9634
3837
1721
8627
4170
234
9105
6505
5362
5293
4525
2513
9887
5545
2349
8427
5345
1913
5877
5747
1277
9173
3816
7606
371
97
2221
1125
27
6400
5355
3955
1281
4071
3159
24
2842
1676
8102
1896
4834
7916
49
3998
1556
7355
1861
4593
2373
1831
7539
841
6989
1958
891
3227
2739
8733
3471
2607
788
2498
9127
4931
8463
8617
8450
5256
1872
9227
6419
4218
6727
741
8287
6126
804
9997
2353
1955
7810
735
7432
5659
9117
4181
4095
1203
6337
4149
326
9278
2576
9620
3874
5312
3216
4328
9486
6838
6767
636
2091
9411
339
8060
3820
7316
5714
9584
6951
2181
3931
1494
3688
6285
3520
5896
2456
548
6049
2828
181
2662
6981
1914
5679
1263
4567
2200
8479
4341
2251
593
5443
965
3308
5653
9050
7158
5603
3578
9657
9114
5862
1728
3799
1571
8058
8274
1980
2738
2566
567
944
5626
2247
5912
6771
4068
7529
4813
4473
6395
777
8913
5439
135
5380
6180
7775
1639
9130
6142
6331
1175
933
6960
5882
2193
2800
5639
9116
4128
5174
7786
9692
2336
3609
9107
8673
2402
5387
9834
6640
5899
4540
4573
3090
2491
4656
5276
2686
2331
6972
8096
1763
2735
2125
8172
4675
5596
9494
1323
6927
4819
6836
8217
5355
5899
1119
6862
1550
157
4399
6133
7689
8265
8616
2491
7521
5366
2452
2882
395
7958
7356
8005
451
4663
2130
6262
2600
7702
4702
1875
6439
7423
7059
7383
8899
4591
1934
2317
9806
7866
8026
1232
6887
3000
9618
5213
2736
7051
9684
1498
6874
3564
6158
9056
3359
4787
1497
8211
3660
5924
3022
6978
697
3094
841
5274
1175
7664
1033
1797
3877
6717
6400
6912
4142
5486
8989
1930
7042
9710
2820
4264
415
1937
8103
6821
7437
4693
7395
151
515
9067
9498
7725
1305
2063
792
9748
2859
8786
52
633
4630
7241
2485
1688
7218
6686
3582
515
5884
276
5000
9151
8527
9113
2522
1048
414
7396
4711
8357
1825
7581
3061
5062
3066
9660
1701
9674
3827
5417
4548
9901
7605
6947
8077
3070
9191
1292
3704
6078
7330
3297
9427
5556
2477
3080
5500
1166
4473
9570
2216
6466
4395
3295
9043
8483
6657
369
8276
1375
7315
409
8428
9797
6216
2494
4732
7764
2690
2732
1152
4302
9207
6360
6987
7947
1180
9138
480
6634
8016
3715
8362
3186
3955
5158
9193
7591
3857
2915
6266
9529
4463
358
4113
534
2081
1887
2645
4367
9781
8626
1065
1287
7008
9230
4371
1096
8146
8587
538
7360
2792
300
3105
9881
4271
5268
9818
1207
5408
7014
2169
1242
5532
5364
8102
2451
9733
2969
4462
1171
4054
2034
119
1838
4384
2854
7374
1423
6946
423
9119
7205
757
4417
5696
5131
1233
9983
9194
8406
4128
1037
6325
3639
8669
8247
5792
2704
6695
49
681
1987
8472
2336
7599
4246
9820
5733
929
3443
4209
3530
8914
2956
5466
9717
1212
3499
4463
6841
9582
4392
1605
3356
6484
3940
5350
580
9938
1297
636
8714
7292
8036
2591
8256
228
7171
8728
8270
3489
9753
9377
5656
9080
985
508
8620
9402
591
8365
3736
5674
8305
8260
824
5561
2788
6203
2765
2960
3563
3656
2425
5001
2314
143
5926
5162
2074
6184
7318
7328
7877
3752
3702
6132
2080
574
7100
3212
5833
5277
6735
5889
4918
5217
4581
2711
6556
9728
4583
1007
4817
7422
6353
9749
4617
5980
3686
4038
2333
7791
4113
243
3355
7241
1734
4938
8422
1462
3030
583
1549
788
2849
5511
2857
4143
7590
4820
7488
1529
8838
8210
520
723
2999
3876
8101
7851
5572
8956
626
9426
7810
8830
6990
8984
3965
1631
750
7173
8176
5791
9761
7495
9572
912
4017
1476
5856
4130
6340
5499
1823
6477
370
1643
2351
9642
4737
2255
9653
9391
4749
7812
4301
325
1043
9209
863
9318
5660
5138
1982
1480
9863
1865
4891
4673
9359
4385
4070
9943
5692
9032
1476
9813
7093
7561
172
5035
8659
411
9643
1043
9120
8218
6039
3323
6062
4144
4817
2068
4981
6639
8867
1062
6740
8605
9481
8142
9689
3837
7645
8213
7515
4918
1418
4302
9972
2482
3538
7467
5565
197
5963
1148
3665
2856
9028
8006
7347
8513
1637
8044
7164
6305
8404
5453
6108
6378
3028
2185
5522
202
8360
8865
8711
4424
9974
3562
5908
5834
5446
3406
6499
2784
3593
191
7555
4641
695
3353
3126
145
7968
8211
6981
6811
9812
7473
6643
5473
6367
5385
5438
8797
5452
63
9954
8002
7770
7040
6983
2244
6668
8599
1339
2417
9498
1024
5739
1786
2356
2103
6954
3106
71
8780
8308
755
9336
9637
284
7783
462
6767
8258
4329
188
1267
3456
7192
4924
8353
19
2789
9383
588
1111
3722
4016
5330
2219
5735
2432
1765
7108
8362
1084
2747
7790
5162
9236
2447
5677
9681
9445
5985
9921
675
1549
289
2279
9551
7614
1075
1004
865
4411
6399
7324
2977
6416
5609
585
8172
2495
7960
5736
2140
3445
708
3478
2103
5067
4049
1544
8945
8599
8979
2431
5919
4323
205
3833
313
2485
8089
436
5883
4814
2534
1070
9737
9007
9097
4937
7852
5012
1922
538
1693
5188
8061
8944
4764
4705
8768
1569
3789
5466
5543
7504
7312
3841
2026
6011
7900
9622
8504
9089
5112
3089
3651
8193
9589
8927
2615
7245
5435
2036
1288
9726
4303
3167
5943
9536
5038
1883
5120
8014
1208
3313
628
2281
3387
3131
4526
7505
1691
1332
6259
4678
8188
9211
3675
584
1868
1334
4887
1339
8271
2882
9630
4103
4631
3929
456
6939
6576
8765
9046
6145
3094
4896
2123
9741
7620
7526
8875
2383
3642
578
2639
9768
7626
4141
1954
6377
9423
2022
8844
6150
3994
7347
8328
2426
2474
3141
3731
5748
3943
7626
6628
111
7900
7643
6850
2944
8430
2758
439
1816
9341
6038
9663
8009
8487
1486
3596
1542
7827
2389
5866
3699
5024
2378
8010
1179
747
3753
8813
3072
5351
1574
9327
7740
3708
8310
9389
455
862
3086
1860
4530
9385
7747
9960
5135
5110
31
6749
4164
5821
7477
2838
1876
2823
8876
2455
5741
3886
808
2745
9073
7027
8022
5994
3132
9692
3525
4639
3700
1640
4802
3991
7919
5600
1260
348
2878
9452
7127
7577
2822
3295
4476
7491
3727
4801
9245
9365
4214
1879
7701
636
6077
4688
4718
7275
7363
7902
8988
5932
7278
9679
6119
132
8019
6648
1335
2850
6696
3917
3896
8660
4818
6879
1596
1973
7880
6530
3183
2519
6280
2954
982
4409
8615
6770
8657
8805
6036
4520
1728
1337
4022
8216
6081
9871
8388
1300
7895
9275
4675
3085
9526
1441
3226
2240
235
1057
2769
9184
713
4576
6488
1900
3758
5236
7444
3820
3908
5723
2116
1309
2899
4697
9378
3079
3507
700
5812
5560
6928
9725
2930
6287
7270
3862
3667
5750
6444
4106
2016
637
2365
325
4458
559
1425
7010
39
467
9482
4227
3975
4770
6346
8512
2293
5535
3074
9359
1416
1928
6373
6428
298
6248
2348
9333
7200
982
4866
4389
888
8029
383
2331
3969
8681
9522
5254
2228
2731
4488
9023
7648
6441
4057
2371
1763
8453
2369
1772
7780
1816
5180
7835
6013
7755
619
4547
2935
4690
227
2021
269
5878
8852
7156
4515
4109
8503
3556
8191
4263
369
7700
3493
1720
5620
7813
9088
2445
2565
3654
8492
1741
2760
3598
4785
6989
8215
2277
1354
3040
2914
9918
6180
5642
1184
213
9842
9679
6979
2609
5245
5228
8794
5719
9752
5361
9040
9691
8481
2746
753
4307
5732
905
7021
3322
4858
7106
3829
8413
62
5427
6835
5957
9632
1661
4774
6722
3555
4995
5530
7713
6049
8222
2038
8186
9582
906
9199
3016
3257
7713
618
949
9343
3506
3871
5378
8058
8254
7369
2240
5655
7727
425
9086
2037
6916
7483
4943
2649
2077
5344
1719
1007
6832
9834
7666
6874
7734
6870
9009
7805
8182
3828
2722
4754
3243
4226
5850
7303
7364
8566
2706
1657
2200
7098
2587
9064
5843
9522
1744
682
8722
4713
3479
1867
423
2489
1731
2
8393
6186
2169
7839
8444
4226
7932
1569
2680
9786
8359
7972
4265
6417
9815
1767
6818
9913
3059
987
5342
7167
7048
3592
6549
9417
7397
5386
9671
4936
6288
2600
8968
2653
3716
901
1608
8280
6376
2767
9277
5499
4140
389
7568
2349
130
6342
4897
5562
9367
7845
2712
936
2253
4216
8649
8260
2950
1839
1971
699
7839
5921
1605
4229
4295
4322
349
8331
6794
2818
2623
2553
2062
4287
9582
9631
7401
5130
8618
2577
9901
2023
7318
9230
225
4734
1924
2494
1662
5486
304
9493
1635
2689
9142
9284
6693
1547
161
2094
1158
2748
8336
760
6064
5317
999
7322
3775
6887
3920
9922
2632
4711
8235
104
1290
8061
2537
5803
9584
9884
3857
6634
8511
8060
9182
336
7826
3219
4341
4838
7744
4946
6006
4172
9959
3547
1902
5059
7767
656
2807
497
7117
7079
4685
9431
7834
7995
8077
8304
2512
5020
6572
1487
585
2085
9329
4667
5203
3918
6080
775
8332
5048
3668
7162
1414
4950
1608
5213
7542
5819
2435
7858
7423
7086
2574
8018
9622
3578
4466
31
6018
9426
7443
424
1843
3745
8227
2603
9132
16
1332
1460
6893
5313
4558
8068
7761
7576
7529
3053
1761
2858
5384
9737
6995
1133
8162
651
2195
6127
6062
6685
795
1410
6170
3416
9490
2020
6936
9842
7519
9534
8790
6242
6057
7794
9464
2495
7469
1543
7588
630
4794
194
1178
1002
924
282
798
6790
2323
7645
2260
4990
9167
6897
4902
1492
2890
3938
3284
5686
3714
2170
4297
3364
8706
4528
3239
6063
9789
7479
4110
6909
5990
6198
2638
5306
30
4152
4406
4968
8443
5418
4584
7350
7985
5698
859
3231
9615
7903
204
4378
9641
4171
6946
287
6414
7388
5965
3033
7237
8778
6923
3382
1417
5516
6182
8059
3294
6667
3581
8948
5310
3656
7582
4490
7973
1561
7885
4958
6389
4814
2579
8817
8327
4178
2197
5734
3951
1453
5456
7215
6378
7606
4286
1460
2359
2454
7912
9730
3039
3016
329
8415
114
2956
5610
5500
1344
6059
4159
3492
8896
3652
9837
9025
2800
277
5046
6238
3338
7077
2771
4166
9552
6718
8316
7115
9940
5849
7287
2483
230
7634
9739
1421
1866
3290
3424
8578
4917
9082
1670
3542
1204
261
3406
9453
2233
855
8328
890
3971
4538
3529
2963
3961
3143
7545
6352
9331
8297
7399
1602
4406
9757
2922
1361
3065
7509
3605
8350
4344
4941
8197
3191
6501
6005
9914
5641
9301
7468
1888
9647
6878
1982
361
1960
1836
4852
1144
759
2666
505
3916
1076
5491
3645
1448
7600
181
3795
7787
117
4654
7765
3761
7548
3110
4343
7493
8648
5609
2473
7009
784
5871
8645
6676
6842
1466
2249
5694
2003
8828
7311
491
5979
8482
839
2698
1437
8288
9558
1080
3516
954
4408
4174
6024
8173
672
9588
2608
5496
4065
768
2722
5658
7733
1583
9134
9321
9690
6447
4521
8428
4221
1895
1596
822
8974
8611
7612
752
1587
9343
5797
993
8408
3519
9536
7420
3860
922
6404
6278
8920
8353
3240
8611
5504
1535
4166
9517
1004
2894
5516
7423
9272
8339
2988
8196
6278
9800
6563
7655
350
6949
5478
7878
8748
8329
2280
9912
2935
8394
6584
2152
3058
711
8599
1198
9083
7703
7624
3288
3281
592
3024
9434
8243
6453
6829
6655
8980
2253
3155
7514
8650
236
8177
3710
6021
8928
6131
4406
8045
3066
4400
9121
308
3943
9923
7310
7770
5499
855
5953
1840
8361
3995
7775
9524
6032
1813
3979
6155
213
8883
5853
5516
4841
2140
9724
697
3288
8805
5144
1161
8958
7856
1014
4529
1189
5839
3961
3073
4415
6390
217
2634
1612
1374
1603
6109
5337
1318
2909
3023
1653
3236
1652
665
2625
5818
7348
5147
1700
9923
2931
9296
6584
9516
858
2957
1668
6159
3873
1299
7
2235
3206
6661
110
4048
9882
8195
9330
6534
3608
3444
49
4077
6067
1490
1399
5950
7659
6815
5848
961
2923
1926
1421
2152
5234
3437
585
9928
3147
406
4311
2024
9148
3700
1986
7411
5944
1018
3760
6311
6113
1807
8620
2591
3613
1582
1551
4318
9860
9754
5866
4050
6756
7407
882
152
5872
3587
3224
8974
6763
9276
6644
9107
8349
1691
7597
9627
3393
2342
7720
1119
251
4115
3579
5361
1976
9055
61
1213
4515
943
5564
2650
6929
3470
2442
528
5051
3862
8276
2308
8214
442
128
2159
896
6271
7747
6765
3544
3434
157
1968
2842
228
4562
197
9687
875
469
8398
4989
386
2819
1327
9048
6713
3929
8868
116
1719
6178
1439
5214
3475
7665
7424
1350
1474
7288
5244
3395
6987
3923
5200
6835
8135
9348
31
4317
1588
1180
6215
3510
8696
9890
6322
1851
882
7795
2056
3569
5916
6678
5586
4951
3452
2682
6953
8053
4251
8495
8829
8644
7581
2958
6834
6905
190
3062
3156
1247
8990
4180
2875
4624
1283
3614
5241
1456
8494
2956
4177
6870
8392
3299
4290
1767
1162
3919
8064
8833
1899
1709
6452
4545
8148
5122
890
6865
2336
5436
1640
2002
1375
1283
2366
6929
1801
2699
3064
8793
4080
1432
6481
6150
6271
7854
5202
8017
7439
5941
2440
8733
3320
5621
932
6396
6275
5460
5515
4606
5278
537
5150
6808
2777
6188
1028
5709
3950
4892
6323
9500
8062
9036
8653
4357
4037
7387
6695
5609
63
4494
101
2269
8725
4957
3121
9626
2047
6055
379
9669
8654
1986
2954
2262
1441
1363
2609
327
1716
3958
9020
651
2122
6267
5081
5304
1487
1981
1060
1538
8560
2192
4779
8518
3974
3206
592
1407
6541
782
6333
105
1746
6043
6737
9440
6411
2508
7529
2531
6097
9356
8602
7115
3577
3256
3370
8738
1728
1481
3342
5042
3316
926
2398
859
4319
4519
7157
7263
4558
7599
8229
2094
9761
4647
775
7242
987
7019
7920
6678
2136
9252
5423
7584
1118
9513
6914
6375
1309
7539
6424
4283
7072
7180
6370
2256
2773
8066
1523
7326
6265
7613
4471
4265
1372
1051
4687
648
9588
8149
394
3699
1502
7168
511
6574
8607
4882
6070
2604
9576
8222
2439
3586
4504
6910
9643
7898
8827
8604
4895
2304
7648
6157
9846
173
4537
4330
2606
557
8091
5869
5659
8751
7142
1156
5887
7865
7662
7189
3387
5205
8279
5247
9615
1275
5936
1560
9101
2428
854
6120
5948
2617
697
641
3208
2782
2507
4729
7751
8671
7444
7206
4791
6253
2660
4598
3170
4852
8176
2999
4723
8036
6749
2825
7331
4282
2667
5278
236
1835
3320
1547
5695
6301
9702
5007
9248
1697
9174
2476
3295
176
8867
2214
5186
497
2828
5175
7453
6933
2217
7629
5380
5631
5567
7377
135
6195
6686
3397
7820
2762
6055
617
4187
9263
923
9065
2546
4154
4623
1895
1465
2422
2460
4000
6816
9872
5170
2654
4052
6318
9501
154
9280
5978
9456
6971
912
5722
6333
3056
2385
1758
1846
6613
3461
2421
9326
8213
5714
9707
8121
7229
7994
5043
98
6281
1685
5837
2683
3885
7818
7365
4367
5922
5053
4392
1236
2571
7602
4819
9052
9554
1759
7482
1498
6676
8800
369
6785
3318
7796
1386
6728
6467
7509
7020
6202
6755
69
2813
1274
5801
8852
5388
804
2169
9757
6525
7023
2660
8128
3714
6702
4849
171
4738
54
8762
7057
3160
8313
160
6076
4187
2417
3228
5215
7893
5624
8004
5364
8227
8340
3750
7253
6104
7088
4787
6678
8686
6006
9675
5231
5594
4057
6369
4295
1339
2238
7690
3291
6095
4346
6344
9903
2737
7382
3950
8571
4963
7520
3263
6663
8883
3356
5111
3329
1982
231
3605
8059
4718
5115
8867
5858
4545
2687
676
3224
8680
2710
9145
5411
1672
1864
5872
1439
5488
3405
4074
8910
8295
9989
6199
8048
6674
6774
5553
9550
7200
173
8945
1087
4658
7461
8977
2349
1257
3573
1104
1730
2445
6483
8987
3485
1320
9814
5790
6801
653
5754
359
7644
9016
7997
6387
2916
612
2006
6919
1597
3299
1893
8461
6936
6301
3637
3577
9942
7527
7678
2935
6506
7839
2264
4291
700
6707
6073
6837
9401
5147
5599
3127
4168
3641
2058
8772
6904
1723
9232
9518
4821
8026
9972
5116
7513
435
2465
3279
6062
8528
4432
2559
6642
7778
6905
1462
1700
8812
597
6169
6507
1631
1698
175
8358
622
8320
8847
4894
749
8649
634
2487
2859
6606
7458
2693
3449
1772
4966
9596
1974
1821
2411
9920
4664
74
6072
5274
6713
9982
4094
8956
9372
2214
6850
9355
9418
5893
3705
155
5054
5668
9327
7674
2089
5591
8211
674
2786
8602
946
9234
6958
8858
1647
3078
4184
2736
7068
3602
1421
3752
9224
9358
6982
8640
8853
699
6371
971
6900
8628
2801
4486
7328
1423
1399
1650
1508
563
3299
6768
5257
4500
2380
5195
1663
7209
9971
8558
8119
3023
2955
3942
8588
1830
8850
2562
2844
3641
6619
8088
9206
8043
8234
81
4466
9133
5307
1268
1271
1740
5631
7473
2461
7623
1396
5811
176
6190
6655
4664
5213
3254
8009
749
8860
5625
6275
4530
7194
8570
3768
4766
8706
2070
1518
1291
4776
6854
4087
4145
3522
4641
1850
9041
6435
1854
5465
8263
1908
1047
2016
5187
2209
7178
841
785
670
153
7710
9412
5956
3665
2892
8577
2060
6711
4144
423
7959
7582
6865
8989
9960
1830
4873
5252
4350
5102
5361
540
3249
2906
9272
642
5480
5439
3824
8566
5093
9579
5462
2906
2030
6387
8588
1255
8073
2548
9844
3130
7059
6650
5947
3580
9117
8735
7023
4543
7811
827
9887
5939
9994
1866
1198
5513
8262
795
8515
3311
6741
4084
7039
1850
4491
9235
1772
3442
1355
175
9311
3879
5951
4270
5562
3633
4197
1968
7793
4165
4854
2616
742
4099
6227
6218
2595
4364
9502
6191
20
866
5394
6230
254
2967
1473
5766
7872
9207
1000
4190
7588
738
2240
9069
1842
6065
3892
8125
1682
8042
8026
6841
507
799
9936
7600
1901
8048
6197
6386
952
9041
1521
1303
3782
822
8145
4527
8364
4842
4067
4964
4456
1295
2666
2427
727
928
9070
6650
646
4867
6036
3459
8531
9322
1654
6606
7376
2904
5502
8694
5026
7264
2228
9913
2428
5161
1074
8531
3699
9183
6656
8964
2894
6003
8384
8269
9133
2338
1496
4939
1218
4610
9848
9610
1824
4377
8887
570
7134
4648
1407
7279
2136
3173
2865
1058
2435
3814
1446
9253
1339
7401
9795
388
5947
4417
999
9191
263
9962
2885
2916
2585
2446
3977
4881
8455
9328
8985
2743
4590
4309
4697
2930
3069
5394
7163
2853
9616
385
7249
2394
3414
4429
5744
5111
6386
877
3059
9804
9483
2078
8009
1737
8400
8376
476
8429
9468
9506
8735
4585
4081
1682
4787
6370
8277
4220
5862
1829
3062
3980
8104
6277
9498
4559
9931
7713
4519
8363
7415
8305
7980
9312
3416
6558
1434
4278
2709
8833
7891
6261
9693
3923
9213
3411
4015
708
4659
9287
6582
984
5193
1853
8911
6731
3465
1747
7897
8117
815
6384
1992
7017
4285
9956
9254
2359
9132
7595
9927
7442
4512
6139
2951
9995
5974
9532
2738
2012
8156
7031
5823
8961
7517
8535
5338
5424
1945
9484
6925
6713
9373
1631
9770
7513
5347
6784
2376
7609
5785
4203
9879
7283
1558
9865
3281
5172
5727
9362
4319
2541
5173
560
6678
2579
840
8014
1772
1031
2268
2448
3627
6384
7030
8893
6880
9300
3699
7318
5120
6390
5477
8874
4921
1817
1387
2802
9072
1682
5820
9240
9020
1291
880
2949
6909
1444
6587
8759
3690
3861
119
2305
6215
4910
1548
4044
511
6735
527
8316
8084
2019
9893
8557
8864
5607
9426
2508
7046
9737
1826
5154
3194
4491
1634
9435
8282
1303
3660
8949
1800
7901
3166
2340
837
503
5446
3522
3979
7613
3900
7348
4103
5476
6892
5015
977
8482
3070
9657
5609
6877
100
4645
6576
3281
1695
70
5184
1376
7086
1980
9529
9027
6149
140
9081
3247
2550
1282
6199
9987
6542
2242
6221
4382
302
2173
8959
7021
1060
9582
2028
9666
9398
627
8512
4176
5819
2345
3683
6659
4214
7457
5938
9692
7359
8031
4008
7914
2896
1425
2792
1733
649
9388
4986
9619
1424
5521
3536
1421
7177
8127
5411
5788
5261
7330
4863
4013
1562
5226
9879
8916
7175
2582
2103
5308
3058
6159
4644
8908
360
1953
7122
9029
3073
5428
4322
8729
8917
2585
9317
1446
6175
0
7298
6479
7356
7334
1280
4843
2048
5723
8689
6167
54
9986
5499
6982
449
625
7123
6713
5923
8664
4728
3130
6601
6879
7674
4370
1474
4504
8229
5995
7563
4964
7102
4079
4056
6001
2552
2495
4800
3361
5571
864
5286
7574
6099
7023
2239
7785
2648
1877
2725
2058
2287
5222
7271
8545
6244
5779
1450
1507
8258
7168
1745
2064
6921
8976
4436
2553
4683
6844
6576
9888
2211
5746
6395
9544
5058
7018
2594
6554
7383
8612
401
9785
6315
6749
4814
798
7638
3537
4114
6669
1121
650
6709
6280
7561
7078
5749
4066
3036
3047
9538
2283
6212
5556
906
8474
9581
3276
7244
282
5525
5114
5803
5771
7215
7829
5617
1193
5651
5567
2317
7210
7142
6125
730
8496
8641
6677
9262
2334
3216
835
9916
5608
6506
1959
1478
9395
2264
3080
1474
3099
9012
796
8407
3107
5088
4767
1525
8471
8575
9968
1375
558
3508
9420
86
2619
1541
6786
4275
4611
2603
9365
9888
3737
8185
1504
5331
2356
8375
5475
376
3138
2058
4700
1163
7142
2513
8513
207
3596
542
5562
7613
6878
3392
91
7372
479
9145
9455
2265
5444
9089
9184
7235
6162
3990
3267
5542
3203
4909
8401
7922
8339
2442
2591
7912
5174
1927
1135
5137
7900
7733
3727
2394
5548
333
3568
367
7518
4081
2497
1091
9685
8709
4217
105
9161
8867
5876
6979
3795
8527
6709
1956
65
9383
889
5316
5401
8086
1468
4192
3547
1271
4309
8187
8111
1600
3196
5029
3565
6338
908
2981
6475
2235
5588
6022
5729
1190
4103
6940
3256
672
8291
9762
6609
888
1855
2290
8819
6066
1629
6224
2988
391
8351
8227
6920
461
4150
6320
9807
4783
4101
692
5337
793
5332
7646
8941
6098
2256
6664
8551
2517
5680
7792
2615
8606
8323
2999
3078
6238
7973
6245
1684
9595
1248
6326
3101
4727
7231
1413
5434
5483
9006
8388
7027
3953
8301
2901
2322
5499
7956
4824
7027
7906
352
1970
3927
3118
2522
2774
1192
1007
9401
226
9687
7014
9902
3113
6433
6916
8190
2488
5888
7452
9116
7991
9069
8615
436
7263
8100
9381
4597
4738
8288
842
3318
7563
1061
8493
5257
5011
8540
7704
6460
5117
4857
9468
3116
1471
1016
4325
6932
2845
9030
6134
8452
2020
636
2384
3341
3119
1654
948
5960
730
9922
9907
5718
3281
6212
4557
4706
5331
4598
5950
2259
3753
4813
3202
2350
3821
9223
4385
360
5320
4672
7963
1464
4716
8467
7600
2395
4123
9261
3068
5857
9138
9726
9102
7589
9526
1721
1156
7355
5081
8635
7525
5249
3225
9576
6026
3832
1430
4945
2618
5228
4013
7553
2672
8686
5893
6727
6219
6835
1893
6494
4082
1813
8497
2727
9282
8391
9935
2888
1061
4886
218
2702
1649
2747
2738
366
5018
7502
9086
2554
8581
2740
9264
3567
3018
5736
8611
3306
5348
6888
6083
8282
3033
6486
7048
9297
7761
1119
721
5077
1220
2393
8585
8595
9125
6325
8441
6259
3733
3539
9098
4214
7253
1285
1348
4956
4956
9836
7800
6418
2816
4639
3015
3160
1557
2186
1325
9825
4991
7362
8702
8691
5366
6070
3515
8591
949
3602
7872
6059
8879
2205
4429
6426
5567
4674
1071
7005
778
7788
2603
9522
2451
8427
2278
7275
5194
9475
180
8714
8354
8643
1739
328
493
467
2179
7317
9431
8006
5852
4505
5308
7615
4556
5049
7095
2992
19
7221
8920
7950
6941
1007
8320
33
132
6358
2300
759
9872
5760
9484
7767
8796
9094
927
5219
8501
1049
1069
3302
3633
866
7888
4701
2474
2263
5648
8947
6774
4250
506
4485
7588
443
8940
8100
1685
3822
6847
9720
9205
8743
1426
97
516
7218
1791
4985
4342
9087
2892
3254
4083
3754
8048
4827
779
3769
4207
7774
9130
1982
1620
2900
2100
5948
314
7049
8125
3031
6120
1276
4775
4340
5671
8486
2137
9471
5601
5227
777
6204
4071
649
5542
85
2606
1757
7828
7105
1816
3462
516
4342
4075
2465
7071
9878
7056
467
5424
5828
8778
3605
7211
1066
2672
841
4334
1475
841
9292
8594
8931
3827
6052
4414
4854
9168
7224
4040
7382
5934
3246
4184
1622
2849
5311
3564
2107
2464
9991
4450
8891
6744
2585
5637
2429
2241
6879
8038
3168
8251
7823
2406
2920
7316
4842
8318
5058
969
9550
7340
3305
870
1003
1594
3841
2028
8770
2716
5169
9390
424
9846
7150
5704
1131
8664
1170
5533
4684
7319
7515
4635
5834
9513
623
509
5999
7036
9837
8413
2820
499
8736
2484
2560
462
1069
1999
9933
2309
1563
7231
7643
8562
5986
4014
2574
2664
3707
7049
6451
7987
6136
4254
4672
621
6269
6707
9993
362
3003
8176
8158
3153
4542
3691
9089
4168
7244
5966
9670
5275
7517
9831
7332
3368
5082
9276
2728
5626
2975
3624
6872
6975
3002
5159
6373
9656
2101
8394
1113
1054
6256
4407
1904
6539
8807
4352
532
12
9075
5966
2640
5505
6092
9514
4614
4269
3756
9687
6796
6529
7807
6960
2464
4864
4118
8394
9261
2030
155
1669
8918
3738
4911
9380
8735
5733
863
2774
9802
1533
3846
5489
4879
2907
3211
11
6405
7734
9706
3044
509
305
8017
5155
2591
6216
7025
9563
2156
8226
708
2377
3297
7155
541
7197
605
9073
971
5379
6218
7793
4184
9725
3735
4814
1150
3071
70
3685
4777
5110
8817
2783
488
3061
7784
492
4524
7726
9013
5848
3555
218
9473
4125
8958
453
7119
5093
8414
6089
518
5898
9038
645
908
4877
4010
9241
205
319
5901
6465
9611
399
6488
4475
9888
8064
8238
6663
3118
2517
428
5499
6616
5788
518
5488
8073
3109
7005
236
2754
5902
8780
8765
7714
76
7122
5982
8205
3160
7642
7897
9727
2595
949
6793
314
6679
6378
1707
4410
5340
371
2113
8282
6276
8473
610
6480
5652
3594
6433
4611
3535
5702
3401
8989
2512
5610
1842
2667
8164
6275
4274
2209
7105
5540
7379
1882
5863
5811
3404
4477
1234
8957
3023
940
8009
5178
9247
118
3878
6699
3772
3516
8834
8640
541
3809
7548
4182
7016
2442
4598
877
1425
2197
4397
3832
9820
662
1763
5774
3232
9276
7466
9389
8459
9842
3903
9870
5132
8161
8336
9075
3473
7666
2731
2861
7325
8370
6613
5259
5381
7007
9268
6892
8792
1503
410
6613
5417
3279
4398
5743
7770
7753
4936
3111
4727
4751
1833
4425
8764
9971
7173
7575
3971
2841
2238
2450
2382
1220
8238
6316
7501
3133
1329
1300
3341
5331
5628
4704
7390
7756
3598
5897
590
2665
5201
416
3975
2071
1549
1502
3330
3442
6314
730
9511
7300
4415
8771
8179
9707
1996
3933
3347
4281
3984
1081
2883
3093
3512
2860
4782
7102
7333
6337
9777
944
8472
8667
2688
607
3965
4323
3540
3744
1410
9024
416
2248
5410
6836
4767
2427
6082
6114
2221
6294
4886
5166
6878
1497
4321
6589
5438
4684
2392
3356
1269
8146
9010
9708
4774
3595
3598
3418
3093
8915
1761
2765
1460
3896
7339
5993
9064
3833
7668
8480
6156
2169
3544
6040
3138
3491
876
1944
8801
9512
2859
9995
5264
3267
546
5703
3517
4366
2565
1368
7770
7613
3436
5606
5428
5688
4701
6757
3762
2007
3511
7914
6759
1365
9064
6587
243
1239
5372
927
4012
9782
1874
9077
3845
1288
3693
7937
2456
172
7844
2625
9861
3716
7878
941
5735
7661
8766
1837
4607
2378
5902
7381
9296
7247
5979
9419
3846
7785
1653
7992
7827
9995
7553
509
7895
5267
6085
3917
8908
6939
800
9560
4700
2267
3363
2201
9759
299
2304
6949
708
1766
7933
5363
1979
827
8517
2267
3405
5453
2188
2279
4313
650
8540
7414
3613
633
2625
1087
9116
8396
93
2787
161
9429
9240
1419
2049
2133
3240
4192
8870
9312
3289
5658
1566
9116
2010
6800
5518
6455
500
7166
7076
840
1959
5733
4648
5374
2226
732
6046
8982
9551
1092
5690
1096
3961
7241
6496
7120
6891
2260
7304
1386
8998
4493
1435
5190
8286
8094
3900
4012
9249
8403
5829
9769
9110
5214
1837
7959
9134
247
4211
5706
4025
4960
6058
6439
5769
7558
2833
3999
2395
5683
2302
9737
9879
9761
9638
974
6308
7401
1627
5678
120
5897
5635
96
860
356
4225
7382
6153
3844
9042
6367
7377
8762
7350
5526
4604
2390
1288
2727
3405
4562
5356
6322
7840
408
373
6328
9634
2997
6256
3410
7469
8549
9664
338
7135
5453
6726
8369
1622
2439
1389
6855
6682
3704
512
1064
8422
590
8857
5596
5541
3205
8646
5959
165
2408
6234
6391
3451
2437
9901
9613
2963
5577
8017
2738
689
7691
8962
5050
1017
7509
8457
6566
455
7676
8766
6787
6140
5841
5367
9072
9990
2207
33
2030
763
2181
3081
9696
8690
4654
9624
1681
334
6299
1145
4660
391
8131
1800
1431
1351
481
2585
1153
5678
6811
946
3738
5938
131
6822
4794
2118
3782
4655
8105
8646
6593
1095
8998
1004
6292
2643
6179
2883
8159
7565
7342
6086
6025
5884
5994
6547
7855
914
7835
8961
4889
3170
1313
4779
5576
3004
9644
4200
7820
4150
2750
4776
4066
3848
4894
7758
3291
4564
5160
1093
2391
6865
9921
9312
2080
6931
5801
7505
4692
3976
5353
4629
2425
2785
6204
5995
2901
1403
2970
7887
9574
7065
4719
8040
5899
3696
8379
1770
3062
6206
7522
6776
5241
6312
1779
8314
5885
4079
7302
9494
3698
4094
1071
1534
9281
643
7039
662
4493
6359
8425
801
4167
3244
4034
391
9521
2354
8898
7541
9210
4262
9815
1665
5736
9927
2040
792
4980
6646
3127
5045
1871
1898
8128
2192
2355
6604
5982
1890
4244
5478
1181
16
3797
7651
3450
315
9383
8739
2406
1523
5899
5022
313
6307
7385
6562
9012
5405
8217
5819
6527
9715
2735
6285
5280
5247
3972
657
3325
8992
6431
5706
6937
5218
3650
8035
3226
6280
6944
4695
2908
4872
3005
1244
4302
9763
9006
1516
7865
9263
3344
2994
7201
6995
4244
3326
4772
2959
6424
4437
5392
7414
1376
4936
1842
7801
7555
3918
1576
6737
1011
1633
487
4840
2676
66
8040
7716
2317
9738
3662
7809
764
7519
1955
2442
7828
1439
9504
1076
6130
7547
9083
9479
7582
4211
5019
5994
9772
1322
8407
2010
929
6950
108
5814
3971
9606
413
570
5946
3504
2613
7862
2467
5670
5096
7771
1202
7268
4455
8321
439
6041
8786
8056
6730
8032
5784
4169
4753
5978
4875
711
5424
1225
430
2776
2559
2955
7728
778
1479
2625
8690
5892
6182
1739
8132
1594
9619
547
6462
2860
9451
4882
1818
1180
9882
930
3343
3578
2917
5922
4343
5469
8067
4383
6226
7920
4844
9909
2548
5687
7018
8194
3882
3085
3772
355
7322
940
5482
8830
264
8247
6834
8795
9749
6759
1137
4719
8465
3633
8989
7174
8209
1424
2847
4396
6220
3348
7150
2585
4863
7734
2758
9799
2033
6470
8488
1857
7008
8468
1803
6633
9002
8248
3904
3574
9336
5534
9651
8361
7781
9201
6349
6090
7724
2019
22
484
8175
6102
2040
7689
804
5690
8543
2627
922
1428
1997
665
1609
5191
378
7962
2055
321
808
2137
5559
9652
884
5940
3436
208
7593
4675
4332
394
3022
3322
9407
91
5232
6459
2887
7720
9802
4395
505
7545
8400
7647
2585
2280
7452
2547
8276
2311
8271
4550
5207
3022
8217
4422
8333
9136
2052
6339
4117
3610
5627
9747
8194
6711
3160
4770
3211
1843
4634
3923
3171
2218
709
6423
4884
6747
5044
760
2788
5230
3737
227
7162
1871
2725
3968
4841
8951
5747
6384
3595
5990
8303
946
3305
8830
6677
3745
7238
5631
9283
3310
1916
299
1616
5429
2942
7973
2470
4127
5660
2890
778
9507
4997
8028
4269
2777
2615
3511
3018
9277
6786
5298
6720
428
9850
6996
4458
5951
7003
5889
7338
3521
9591
2431
1316
2974
9819
6217
8934
8153
5904
2095
6550
1866
4509
4168
6275
8931
7305
2053
5053
1598
8222
3571
3057
1957
7961
9949
7133
1133
8430
268
1090
9791
3497
252
5974
1828
4943
348
1849
2525
3699
625
2512
2701
8964
3671
1709
8531
3779
630
2800
2599
8179
2540
6662
912
5769
8301
2880
2144
6323
9940
1215
9757
789
8645
4058
6685
4990
8241
8930
1853
7129
2132
2253
9438
9295
6910
4622
3677
6602
6796
4070
8797
9253
7362
4932
2786
3471
6984
1048
6765
2510
4078
6597
2223
2192
2845
1556
5740
5260
5580
485
2846
7959
7067
4465
9875
2003
9440
187
7540
7714
316
5028
7810
1512
4936
6110
4287
862
993
3592
4295
5315
2685
3545
6761
5581
5434
7896
1493
2301
162
5607
2980
4625
7692
4783
5247
3890
4865
9367
2125
1374
6169
4110
4476
9936
4179
8792
1579
6779
6126
1830
5217
7718
2182
557
5838
3153
5470
3321
6621
8789
9878
3019
994
3450
4649
9133
9174
2626
2310
8422
3931
5490
5465
3848
8094
6785
9942
2407
2889
4713
4897
1956
225
9419
156
9784
2371
6831
1038
620
8118
5321
4445
5829
9837
726
4920
7821
2284
6837
9379
6700
9603
4675
4063
7958
6412
3551
3477
3453
2845
2221
9343
5751
6907
422
1236
5787
619
6316
414
1141
5574
1499
3642
6473
7784
9242
4859
7492
3653
2977
3498
2910
3129
5093
1807
7147
8042
3247
197
2720
2941
3803
637
179
2145
1227
6465
8300
3452
3483
2050
3272
4192
3120
5521
844
2009
4858
151
7350
1445
9961
9570
622
3025
7515
8652
9372
668
5923
3849
7444
5611
4741
301
1228
297
4542
6631
526
6599
6721
3182
8856
8167
1484
8423
1921
6673
8473
1792
7014
7665
5040
3292
5779
5662
6634
1275
573
4167
5472
6357
4315
1739
6658
7300
2053
4373
3603
43
2245
5635
4450
4550
1131
8946
3140
2143
2460
5367
7100
3450
5002
476
7452
4446
7198
8453
3173
5761
7154
6686
2363
7598
6619
8003
1316
6598
3604
9483
1071
4128
4006
882
7505
1854
2483
7346
9178
1022
8946
4285
8438
2153
5060
3082
5184
9500
9909
5657
7665
8064
8942
1044
6710
3544
1271
7765
5199
1958
8603
1854
6420
2555
7876
5865
6242
5210
9140
8812
4963
1591
6613
6232
7388
8593
1497
7599
7632
3224
1483
4047
7969
429
8358
1519
9174
4470
9044
4517
5992
1034
6254
6466
2967
9695
2931
7467
1098
2637
8388
7125
228
8622
9132
1723
6065
1573
2236
3727
1375
9641
372
4715
4810
2060
5726
9059
8544
4108
1173
7929
9827
3749
179
5931
8797
608
5543
5853
4093
6013
4597
9343
4191
9256
2312
3612
4682
315
9107
1342
7379
9264
7125
2160
7407
2097
538
4994
1606
5342
4430
6083
9491
7562
7196
2318
2856
7555
1573
691
9454
4700
493
5568
1994
8360
1407
4220
5243
1845
2208
5313
9423
6627
4081
3043
5365
7664
6286
8721
7950
9553
3
3975
6237
9679
9342
1165
4013
2843
8896
3616
9522
7183
2637
3579
8855
3731
9732
1538
6918
2473
3272
1402
6663
4918
6060
4104
5120
701
8541
1173
8938
6025
6249
5499
2420
7078
9309
7630
7041
9149
9132
4985
8956
4842
9452
8420
5548
4284
7355
624
2354
9065
6879
5343
2959
9131
4938
2451
3587
8923
2828
5777
5136
9720
7010
9792
9629
2420
1133
1988
8982
2524
5934
3346
1521
3730
4397
8496
3355
9160
3688
3131
7537
5226
3240
4883
8443
7289
3584
423
5426
7328
9519
5336
7906
9941
6645
2029
3995
8845
4177
6451
7729
7468
9897
143
7876
1321
4387
7553
2234
2394
5680
3926
7191
9984
4377
1226
6095
7329
4369
9304
4930
5710
7578
4513
3238
4641
1427
4100
6995
3350
2367
5807
2871
3746
8145
7011
5946
196
6083
4253
9403
5798
6262
5702
4553
5967
1860
5337
1375
4905
9873
3836
2215
2139
2496
925
9615
7394
1314
2314
3432
817
6841
317
635
6081
7834
7490
3110
470
2001
4663
8308
241
5694
815
315
7387
3358
6466
3343
5909
53
5701
516
7033
4150
8337
816
9196
4565
4179
7615
4866
9139
3375
6512
8558
3385
2274
285
6325
9905
3411
3544
2302
3981
4756
5136
5624
1690
7179
4243
8952
3231
8631
6029
5901
3312
7394
191
1970
8000
9490
2251
2879
9699
2251
8204
5292
1281
2389
5810
6820
5670
4117
4266
9329
2662
5786
5789
1914
7278
6135
5039
6230
9222
8840
8727
8091
2546
2210
2431
1384
6600
7676
1761
6203
3355
6420
9201
2288
486
4159
5818
4454
7669
2001
5456
9055
3085
917
7573
9525
2972
5609
6839
9876
8843
842
3958
3383
5072
2631
1411
8786
495
5924
2084
5353
8145
734
7157
3804
3949
1286
2648
7889
8146
5899
7661
188
3111
2520
7661
6556
8761
1240
8143
7509
6516
1185
2317
6357
7757
8692
7425
9621
5900
8975
3017
3919
3943
9837
9115
8839
3960
3036
4209
8887
6241
6920
9061
5930
5830
1288
1192
117
7913
3797
3515
2333
1140
9459
6657
7657
446
2637
7644
965
4368
5105
2452
3119
5345
3765
9894
2242
6846
7925
4217
3421
2469
4747
4252
1056
6592
7113
9931
8418
5696
485
9840
3505
4511
9906
2773
2215
3879
3959
4216
3781
1281
4718
568
2239
1557
1147
5452
9603
7728
5270
547
5111
1204
6936
2646
2847
8521
5374
6505
2360
6833
7325
8592
9972
1673
322
9118
6130
300
8468
5593
6057
7378
665
2154
1473
6997
9121
8448
2990
4756
7635
4467
1066
6496
3971
2646
1133
7283
6684
1207
9627
5537
8351
4752
9179
9751
2504
5599
4160
896
2970
8195
1606
9511
4695
5229
4426
9734
2621
7030
1526
2461
6688
1759
2760
2254
3792
8146
3005
8692
5559
9784
4623
7924
9553
5381
9369
2364
9032
7757
4915
8633
7740
4010
3391
7028
4683
8869
6542
7932
4834
2177
943
2687
8064
3640
2021
9281
1955
2685
6628
1215
8082
4737
7272
1470
1382
2129
2851
6045
2550
5564
4913
6969
3661
5010
632
4798
7306
2615
481
2363
804
9079
8782
8430
6936
7828
295
5039
1393
395
5269
4025
4850
1253
5898
4274
5187
8825
9467
4252
8549
8415
6684
1268
692
9727
5974
7272
2184
3319
9319
1398
4920
1787
1526
1471
2588
4935
9361
6490
2268
144
4885
5237
5611
5705
8841
1238
8090
4882
2792
5023
5370
4746
7497
4336
2994
4885
9132
7303
5112
9112
4804
6658
1408
1777
779
3861
1935
3924
3447
2967
7786
7280
5575
4999
6480
9729
1225
44
9216
942
44
809
3929
1618
1324
9919
5276
6488
9663
6125
8432
7039
6139
3843
6146
8845
1506
5092
5574
2096
1036
4954
5630
5055
9423
2291
614
8624
3981
537
8826
5891
2155
9375
1957
3259
5881
7895
2151
5020
3506
5264
3873
6047
9362
2461
528
627
5663
9473
8308
9662
5365
7222
6172
818
1138
6574
1584
6282
1675
4720
6907
7043
2025
7572
3507
7000
4804
7162
5989
3749
5946
547
1730
2829
6299
4259
1120
3383
596
1759
4910
5075
2727
849
1849
2827
9667
7738
3732
7268
4469
5559
2103
5220
1979
1708
6486
7229
8417
8460
4284
1143
4698
8987
8037
9244
3180
9739
6901
2349
7432
2306
360
2242
4996
5805
5063
9135
6391
1725
5220
9762
657
176
7266
3944
6836
2683
3699
5791
3411
5971
7135
6390
1174
2235
7950
6241
711
4311
8643
1593
4092
3055
7206
6736
4433
8783
908
3442
5921
5515
3604
5783
6033
9968
6288
3653
5113
422
158
8642
3824
5873
6131
1735
3763
8439
8083
4080
977
2412
4943
8847
326
3976
2683
241
2
8074
2058
5720
2662
4007
2217
2280
5722
5931
3910
8013
429
6591
7419
9769
794
1115
8890
7100
2932
3379
3270
8796
5934
7741
4971
7140
9946
2243
380
344
8795
4500
5783
758
2680
6277
7303
3144
8256
5620
6806
9030
5637
6749
8781
5145
1047
5845
8521
1402
9166
5412
5004
6041
7186
2272
6941
5866
2362
4436
8956
3977
4256
4799
1238
6878
2286
6553
434
2908
5751
5200
1302
6963
9860
3473
9753
6517
4969
6867
6981
7094
6499
5229
2408
4812
65
3271
3288
8790
5932
9837
4336
8089
7749
2144
764
821
4617
9031
7213
6903
931
8660
6009
2552
4606
7985
4786
8066
8005
5832
6993
6930
1466
6594
415
8424
5471
6391
2512
4188
9652
5700
9084
6668
701
2635
1467
5504
111
1060
3021
7694
2824
9281
147
3368
5496
2752
3741
9251
1647
4681
6929
8435
5877
8375
3188
99
2240
292
3145
848
4901
2780
8900
4053
8078
7028
1625
5697
8884
163
3285
6900
7673
4766
3144
1401
4005
9874
5694
1341
444
58
601
7886
1496
2961
157
4718
9159
6513
8967
2823
9059
6490
4411
6488
7962
4110
200
6718
9435
3081
2554
7070
6636
6366
9100
6526
5770
5052
9640
3907
4957
7327
8253
9285
183
6787
7420
9791
5754
7236
8111
8963
4707
5488
9141
5370
711
5534
7534
3609
2104
9592
1744
4351
3156
724
8756
4171
4314
7201
5248
3114
1689
3564
5170
3678
7815
4673
4341
5418
5291
1935
5299
4857
7992
8724
7496
5087
2327
4056
3614
3464
736
118
8778
2156
7252
2213
99
9556
2153
9189
4282
1734
8947
8388
3242
9931
5564
1680
2814
9682
336
6391
3385
1438
4343
9914
4198
6202
9167
7008
9404
9997
6262
3511
5517
7384
7601
4197
8236
8957
2988
2460
3705
3785
5087
6348
6635
3154
3065
6883
6425
4940
9579
9775
8020
5044
6995
1284
4692
7824
7939
5881
3053
3966
382
2397
9965
3992
3231
6327
1077
4841
4790
3595
8642
9962
4592
8216
280
5269
1650
1966
2042
5883
4385
4093
5272
4161
1105
9352
6181
7076
4199
1017
7267
7725
2925
4126
3822
5600
2195
3473
9938
4254
2092
165
2553
9435
8284
4652
1653
9834
1355
8213
6022
4852
2278
7923
9673
3015
547
5497
6798
459
5199
2530
8868
96
7543
9133
7075
2611
4319
2565
4885
2143
8353
3246
6194
8928
8661
667
4438
4420
697
3597
4593
6218
830
1830
620
1036
4080
5740
6355
5144
415
9993
451
6313
6494
9630
1712
8374
3640
6360
9603
3344
9418
2747
3920
4399
2080
3274
8176
6166
1984
8393
2511
7074
4973
650
6499
6338
9593
5315
8871
2976
4539
9169
5988
174
4712
182
3291
796
5041
7133
5585
1270
5033
4798
9591
2809
1602
8173
5333
6918
2227
2653
2243
5231
247
3794
820
8847
8548
5284
335
2646
7335
1152
3131
2082
2009
4952
2438
6649
6800
4458
6658
8899
5237
5742
8061
6516
2893
6920
587
1399
4054
5854
1426
5286
9216
5268
2418
6373
9573
2867
7295
6335
7590
1384
3100
8345
5508
7784
4470
4034
2872
5617
2026
4716
5743
8044
852
4916
7286
7599
2245
508
2221
8399
5439
9291
427
2514
369
3162
3055
8530
7034
879
9598
958
5387
3798
6573
4362
3278
4827
3788
2935
7757
4597
7133
1054
0
5180
5185
8805
8455
6715
8366
2596
5424
5489
5950
9569
3925
1393
3958
7623
469
825
5489
3333
1933
9199
665
3683
3331
3399
2
912
4079
5810
6819
4631
9862
2017
961
1599
4741
7271
6762
4545
4246
4364
7675
9989
8098
3261
1167
517
5683
1297
5380
6035
5173
8295
2635
5942
3369
7211
5724
1216
5716
7911
4804
4779
5194
7462
9404
8417
4435
468
6567
8203
616
4641
6919
6657
493
4260
3165
7424
8650
7340
4571
4122
5559
2498
1304
1752
7139
970
6031
2074
7089
9529
3044
2286
9088
5104
5285
895
2326
8774
4936
3189
2904
3764
9959
6090
4856
681
2132
781
8364
1310
9242
2287
6599
2404
8531
475
2310
3481
2704
7283
7721
9082
5896
3237
7995
1634
4479
1004
3904
545
3106
8291
5707
1160
4157
5972
3993
80
729
4063
925
8506
7445
1430
6665
2449
5808
1525
1829
6300
4273
8671
8176
8815
4291
9011
3904
6481
1040
3806
3239
2137
648
4250
8004
7745
7326
2467
7507
3261
8111
874
7091
1797
1424
9395
7377
5933
5348
5033
8870
2373
1975
9250
5130
1005
8985
2621
5491
5121
5690
807
4686
482
5262
3996
5688
7268
6734
4539
2682
1108
523
1539
5119
9890
6863
2409
516
6956
8562
764
3403
1899
8150
511
1563
1814
1311
4533
9127
4116
1346
3996
2281
7008
1817
5823
3115
4021
5937
9935
1954
2808
3008
2541
3576
2837
6294
4462
5284
834
1999
992
7768
7216
5137
8780
4327
1103
5705
8609
2385
2545
5340
8720
4860
1895
1389
5895
2673
8615
6666
3461
7984
8111
6515
3468
6592
7540
4024
1844
5863
4131
5006
3515
227
2344
7438
6523
6707
4477
7849
916
1172
1498
4204
3593
5084
7099
3196
855
4189
127
8543
8798
854
3676
7879
580
5436
4944
3339
2927
7424
7763
9443
8497
3853
488
7200
1777
8481
1154
1077
3379
8422
5507
3398
3705
7963
4176
2892
4370
9651
8320
4787
8161
4762
9811
9920
458
4432
3728
1569
5813
675
3366
1251
7332
5309
772
6490
6305
1799
5972
961
3953
9112
6513
5822
3701
7759
6282
97
2015
6009
2927
9401
9009
9407
1304
5235
3920
3183
4725
1088
5800
8517
7200
2993
2650
7061
7535
1138
8097
3736
5445
2880
5154
4145
6104
9048
5920
8971
8749
5118
9951
1393
3951
7526
6833
4521
527
4563
7453
7614
6310
58
733
4872
8261
6498
3974
6778
1565
5946
835
6424
5947
1302
5594
8659
2187
5800
5696
8403
61
1143
1144
368
6453
8335
4070
4764
3564
8980
178
5552
4293
868
6984
1042
410
3769
749
7472
244
3239
1356
4683
8904
7448
686
5683
3935
3153
5367
379
4239
7505
6317
2601
7989
7318
3316
3852
3332
9371
3877
2074
6294
6434
2493
6933
7633
5290
8449
6570
5029
5485
6784
4182
8930
681
6352
5044
5623
6873
9914
5863
4437
4767
5954
1505
2418
5712
9375
2830
3833
4188
2201
9264
4286
7960
4096
8999
7919
3770
2056
3981
4342
3136
8706
5083
6140
6270
2983
3148
6040
8930
7789
4604
2548
886
7996
9820
1904
1201
7370
7573
3168
4618
3746
454
4432
5034
20
5755
1208
8108
8838
8140
5547
8308
3511
7168
9769
6058
3076
5180
5973
6514
8772
6717
1904
3784
9406
1645
6100
8333
5226
2196
509
7913
5397
9695
2273
4476
1262
7174
2305
5509
3213
1996
3143
4621
9635
9624
9503
8209
8317
2779
4787
7995
5138
7293
2206
8524
604
1417
2226
3992
3971
4529
9940
6365
2101
6527
5205
577
3538
8138
5164
8280
9859
6033
783
175
6506
9479
1745
8920
9525
6011
4261
2962
6332
8562
5792
68
6474
5556
7869
7989
3353
9120
9210
1739
5158
4348
4895
5039
2707
2125
2959
8905
5371
7583
9366
3854
5808
9297
7251
6978
1312
5281
8688
155
2358
7903
1676
1588
3069
9425
6441
7770
6224
7971
753
1703
4236
8536
4292
1944
1719
7057
8700
4269
4521
9
8961
1245
4440
9867
8297
1924
8803
3904
5063
5002
5140
1529
8084
4592
5352
7781
6299
9178
8107
2335
5870
3476
3308
6296
2679
1490
1840
3276
8936
5448
5890
6164
1524
2002
8040
391
8022
7889
3649
8845
3999
8579
6026
3074
2766
8365
4288
9587
3463
2280
8367
9529
1174
7718
7609
1791
4380
6047
2707
5441
584
9356
8569
6435
6242
5055
1602
8955
7552
4685
6574
5772
9915
1705
8427
7040
3692
2991
3207
4561
7872
7721
1152
3508
5355
4225
5463
6642
1176
388
4899
5732
1903
3263
3650
1067
1343
681
3371
7098
8938
9037
9214
5792
5472
9522
252
6198
1172
9801
5283
433
8779
5426
514
1412
5650
4090
5595
4773
1759
3429
390
4506
1072
9397
5842
3296
1232
5829
4070
7240
8584
2244
8022
6638
7170
8497
6065
3847
2936
127
9335
9239
5563
8421
840
1165
9088
6501
3896
8027
6788
2246
4574
6837
3505
1345
3516
5941
9145
7365
4808
6921
9198
7047
8281
7290
3428
6617
3502
4505
8062
7701
9576
8792
4853
2663
4295
9507
5191
2005
7570
5321
4764
3963
4416
8411
4868
679
1716
6111
1485
222
4918
8721
6816
2681
8427
1639
1818
6016
5894
3216
4808
2064
4504
1416
6716
2796
6963
2026
893
9470
365
5267
5131
856
4528
7167
143
3612
6174
8770
384
8996
226
1461
6354
8318
3537
6410
2681
9720
9023
4110
4332
9396
7981
3403
7157
3912
1312
5511
4068
2213
4494
3148
1379
625
4770
773
1221
3155
8527
2065
775
3627
1264
1671
344
107
6413
2711
8933
8950
6907
8537
4925
8820
6747
9716
9811
7615
9122
6764
8338
9709
6216
8793
4091
5290
9433
4321
5817
3200
778
1521
6502
6518
5686
9053
1734
9299
8790
1025
5089
78
7134
2435
3887
6948
2692
6840
8283
4772
4252
6447
6618
8474
1759
3262
8565
662
778
4791
5057
4584
8131
5046
8240
219
4950
8554
5280
9515
3645
2413
8018
7540
6990
8690
6149
9913
2654
9930
513
1757
4243
9507
9455
4753
3384
3598
3205
5515
6729
6683
480
1999
6606
9635
4106
1132
4405
8322
7595
5910
7768
5039
3947
3708
189
4265
1605
9862
9308
5408
2968
7020
1627
2269
3063
1093
8357
302
736
3899
4810
5234
8906
7479
2672
6061
5719
1903
6823
505
7545
777
9898
4202
6513
6474
9696
428
8242
9887
402
9611
4852
215
1368
1775
4021
139
3613
8962
2058
811
4833
9039
2947
3927
7532
6200
5068
2534
4607
5348
8959
5639
3703
403
119
5681
6683
2352
8448
7065
2741
6546
9562
9888
1662
8014
9900
9478
609
1085
8214
7487
7697
8502
2206
5072
4502
4695
8716
7479
9235
7189
977
9780
9987
3614
9618
4567
162
9911
1251
9335
984
3575
7918
892
1808
4751
3986
1130
3991
980
2424
3563
4015
859
129
72
5507
4207
108
3348
8421
6338
8004
8789
7251
5582
4613
2623
8985
695
7599
9678
8367
9727
9587
4143
8851
8773
5786
9260
5042
7115
2933
6163
8719
4674
2351
8195
2422
1348
3679
7058
7690
9454
2714
605
8906
1176
5493
4540
8291
2322
2520
1297
4943
8429
749
2317
3995
452
3880
3472
1638
6949
385
9499
6437
6447
4476
19
8611
7961
5306
949
7094
8381
1368
2400
605
6688
5717
9635
7381
6974
3154
5636
7867
8262
2785
9786
6027
2720
5504
328
295
8007
607
2343
3796
8455
7580
7663
1534
2275
2672
1169
5036
6547
419
4019
9630
2713
2442
1817
2851
6175
8129
3164
8135
9902
2611
6730
8169
5821
6582
4107
1066
5124
164
8715
7905
2348
2323
7048
1900
806
8454
9258
769
3940
9069
5081
2643
3176
568
5568
3280
2247
6329
1581
6791
265
3094
7361
2743
607
382
5770
7234
8530
6371
8202
0
9396
3493
2036
7664
9189
1536
2531
9530
5061
8539
1351
5487
2320
6882
2477
4594
3803
6318
9497
2048
5546
3359
4211
8458
9371
3787
9291
2451
5394
9953
5034
9733
9314
5862
2231
1742
8357
9153
9554
4584
8968
9986
8288
407
1750
4108
948
6027
2368
2324
246
8581
9574
8225
3827
8214
4276
2323
5377
5378
5739
1473
5837
2868
9258
5067
5475
7275
3290
8141
6041
5442
4323
4660
6697
1678
1662
9515
233
6768
4792
5343
2104
6922
3888
8481
7591
1278
8862
905
8897
1762
7343
3928
9801
5968
593
4262
1327
5786
7111
6985
2334
1210
2745
4487
7445
536
7532
723
6703
6037
8697
9171
9586
1251
7597
4754
6641
8823
7965
2402
1822
3079
3251
9929
2928
8142
4873
1340
972
3711
4929
4265
483
118
1758
8526
9912
7577
2067
9719
8908
3709
4646
484
1032
8357
6257
5049
166
4646
2597
7456
5405
4502
4506
8009
3879
6130
9368
5569
7184
6414
6795
6144
3597
1480
2407
2556
5991
3510
1544
6780
3107
1677
404
7495
4687
6755
2415
7642
507
6540
8650
1176
9633
4833
5610
7851
8370
8208
8272
8313
4495
2460
5818
8371
2224
8292
9158
87
7813
1025
238
3541
2183
1289
2741
2782
5530
6850
460
4936
7026
7456
8801
4734
9214
3070
9668
6532
1509
1563
1575
9657
6572
4300
802
965
2993
7808
7313
4593
1031
3265
7354
7734
8558
5989
8750
6462
3310
8676
8796
8087
9632
6356
7292
4646
489
5985
9919
8280
8820
9304
2320
1811
2875
8402
9575
2011
5106
2734
2570
9536
7232
8807
288
8965
3306
8277
6468
9755
510
5279
3490
7180
937
1566
3329
4388
3925
9628
9181
650
4131
9995
6112
188
8048
3683
3068
6840
9223
4883
2695
3255
5556
2313
6740
8851
2928
6332
6762
3610
8686
710
67
8523
3600
4768
6531
1805
5783
9157
6499
4222
4389
4248
1721
3145
592
9250
9398
4433
1366
4979
1339
3530
1688
4522
2217
327
1252
9552
68
7725
6627
2974
3379
4791
7259
6542
5462
4259
7122
7983
8196
4121
528
9123
4881
4796
6975
2339
6680
2985
1906
3970
2203
5132
4159
4126
2740
4131
7354
5635
9798
858
9584
9705
9013
7700
4157
8094
6463
5115
8330
9839
5989
9775
5126
9711
2234
3802
6784
3674
4087
7157
7006
6851
8873
2451
5326
2778
8472
9867
6726
105
7892
4355
3977
6909
5614
9879
6249
1682
960
2425
3828
8280
8698
7187
