2406
5782
6213
7227
2591
1785
1946
0
7600
7358
7666
9897
9244
5265
6381
8258
4585
1655
203
3522
3312
3392
2214
9238
4433
1355
8188
711
9367
2393
344
2010
147
4169
8716
3526
9576
4307
5917
6320
1890
5248
1515
9266
7235
4454
1340
9770
8428
9730
2964
5214
1972
3774
9250
7534
2376
7234
298
6626
4447
2230
5642
3538
8457
7750
4092
8628
2612
2798
3719
8448
9930
8453
2322
5776
4282
6470
8790
5539
2833
9400
5551
7393
8741
4928
2063
600
9118
7293
5391
4788
3505
9265
1987
782
3066
6639
2200
3163
2566
6431
4476
3173
811
9407
2874
6680
4420
2740
3729
5410
8428
6334
7441
3981
598
4713
49
9065
119
9823
1039
9810
5297
2875
6981
9473
8156
7001
8660
1806
6739
5674
2768
9539
8729
4963
3048
4028
6662
3684
7808
6475
8305
1846
7741
6632
8588
5150
5164
7749
503
2510
4447
8111
578
5163
2773
8144
322
8377
373
1570
5023
2370
7255
3502
632
6069
6047
243
1523
1115
9318
3074
9861
6725
3015
3541
2586
1570
9091
560
1042
7341
4226
4319
5816
1970
263
7983
8400
273
7390
8490
3261
7883
9204
8650
4988
5130
2995
2814
1904
5229
1737
8186
7051
6304
9668
2168
1349
1690
2860
733
3468
8704
2253
7159
2169
5767
4927
4178
5307
4823
8628
6298
914
6794
1293
4938
6457
4756
6633
1171
4737
7885
7499
7480
6519
5081
2839
2966
7905
2905
1417
8929
7066
11
5667
4506
7079
5724
5697
9757
1269
9773
2041
9846
2273
2307
3476
6195
3444
552
3364
5509
5225
4944
8578
5696
2253
5430
3509
2546
6577
5860
5248
5600
5534
801
3416
9564
9383
4117
4512
5507
9892
6473
532
6051
8464
4377
2095
2809
2496
8811
3465
2120
1853
425
6752
6502
2353
6665
1169
8672
1707
5295
6947
4046
2430
3320
2945
3633
6908
55
5538
6985
1962
4669
5959
403
3809
1441
6736
7904
6529
2959
6939
5409
3985
2429
9866
9277
4327
3736
239
1989
2592
6349
247
5039
397
5923
6961
7294
6763
7638
202
5715
5869
1359
3350
5597
5688
4862
9516
1275
9771
2090
7534
8162
6584
7231
7652
2075
1556
4390
1108
9700
3783
7074
9536
3894
9103
550
1165
8054
3656
9557
6619
1125
9280
3617
5109
8418
650
9685
6711
1408
9362
4590
9703
8514
3879
8788
2722
7986
6522
9606
5732
6673
9698
7475
2643
5464
2377
5141
6648
7357
2534
2552
1195
3970
7432
3849
4474
3352
3067
8105
9973
7137
970
9393
9129
7858
1090
2767
2072
2023
6031
4398
689
4976
4597
2868
3297
3465
5805
2820
3254
9592
7498
1828
3660
1439
6327
9834
7206
6210
7343
3839
5434
5506
4584
3141
2553
9112
7804
5989
3625
8829
5078
2689
8450
9078
3366
120
1329
9485
9073
9799
3964
2218
5160
973
643
8208
4434
8007
3359
820
6313
3674
1450
8329
8095
3216
7642
1463
9418
8633
9771
4554
7299
7154
7848
1238
3863
5507
3478
6327
1464
2627
1181
1543
5091
22
6324
2825
110
9910
8216
3171
3070
1807
3288
6824
4578
324
4736
5331
6576
8080
1345
3072
3002
6791
2777
676
2925
4507
6532
2925
9398
8746
1214
5027
8240
5252
3507
5582
8462
6330
1542
9297
7345
4066
2938
4964
4663
8711
1472
8416
913
2941
8606
2852
1200
2147
1032
5764
1099
9681
8254
4401
7951
8289
4434
3827
1747
7242
1652
6178
1238
8135
5068
3461
6136
4918
6675
9953
5426
5932
1038
2899
6914
7781
1719
2633
9223
986
7722
5403
2918
1195
6170
4647
9943
3644
9038
6458
7951
7837
4507
3818
8858
9520
3694
9248
6996
7071
5862
1411
6949
6726
3308
6431
71
4252
7409
5045
6213
7151
1538
716
5090
8381
490
1349
2658
1199
4004
9868
9801
3616
4699
9802
8174
7003
8577
9896
1244
7506
1176
4990
8245
9979
6096
1577
9395
5877
6878
922
3373
7032
2885
4987
3618
7450
7603
3517
3893
6270
379
6222
6933
2856
9690
9846
6967
7995
9464
3424
6866
8931
8046
4693
1655
2478
7262
9859
2587
4532
1667
8733
5395
1112
9462
8509
7211
2023
1353
6885
6579
9390
7156
8978
7078
1576
1979
8897
4168
4308
680
5228
523
8357
4698
5037
4030
2243
713
4387
4611
1518
8196
2002
6763
6771
9929
9781
9617
5464
4881
6399
31
2945
1718
7262
7329
1445
7969
2033
1284
1594
1764
5360
7498
9468
8721
154
5326
6765
5973
2492
5278
8567
9173
77
169
1581
2451
9863
2711
9424
7549
2927
1535
4716
530
3302
8025
9346
1089
5144
2385
2769
4593
3393
9796
4814
2455
2735
9515
7170
695
467
7537
7906
9226
9601
9810
554
3079
4023
5810
7027
545
2475
903
4468
4270
3564
964
9748
9920
6171
7986
9261
8673
2434
3005
8012
6207
1682
2905
8229
2274
4923
6656
5092
1990
1092
441
9422
778
58
3973
7798
3107
5141
5497
9195
8621
4726
9411
2510
9632
5309
5612
7058
5755
4376
1433
1452
991
4181
4781
7002
1338
6936
926
4416
4943
4456
3074
8221
8767
9443
9702
748
118
2946
4458
615
8804
3464
6909
533
6678
6708
2497
1524
1664
2533
3771
3874
154
6493
7209
8277
2708
4702
5024
5323
1223
5969
2912
1723
9674
1510
9158
3802
4798
8214
4335
6714
2230
3652
7876
3917
2198
1714
2263
6199
9223
3631
9735
5201
1347
4574
6355
3098
9044
7218
4201
8696
6500
7845
6506
5708
5248
5048
2732
9492
1134
6357
5803
1898
552
6576
781
3017
3268
5500
5488
5647
273
825
3715
5982
4688
2587
8366
3277
1020
4583
5470
5916
9048
9254
7617
7381
9876
9148
2698
4413
2092
5570
6258
8489
3357
3135
3804
718
8275
5365
1554
2417
8788
9720
4673
3949
5843
8426
1230
8994
5731
6625
4211
6026
3240
4409
5018
2440
427
8902
5349
2122
1338
1874
7144
2237
2201
7989
7780
895
3785
9459
8032
4399
8499
6367
2246
8832
8834
5357
6871
2253
4314
7204
3308
3783
6120
8578
7114
8186
1784
4810
7521
8846
4397
1881
4449
8360
8177
3127
6106
1504
7417
1896
7694
8062
8899
7314
37
2542
8479
7977
9901
850
3223
9669
9468
2295
1981
7509
4964
575
8703
7037
7457
5469
3193
2795
8530
7008
6040
6072
2865
9398
2086
4649
369
3970
359
4341
515
5705
4191
1457
6741
3606
2957
5159
8424
2765
6376
8310
252
4476
7829
8914
5610
9501
6498
6492
4269
3720
4706
4684
1566
5173
4502
4762
6875
6288
7492
1245
3460
1461
7190
5227
3153
6923
9489
2062
963
7069
7200
6568
7062
3411
1565
2461
719
6143
3772
3535
7864
3075
6068
3079
5621
2448
555
7647
7938
5514
5405
4493
603
3735
4472
5353
6743
3686
9510
7503
546
9324
2616
2224
1430
8857
4812
3155
6645
3817
3019
5865
9478
4519
3010
6846
1449
7180
8490
2875
9641
6149
6902
393
1933
3699
7017
5824
6922
651
3905
7149
4585
7454
5796
5202
6464
7267
6261
9543
5424
6079
6627
4830
8875
2311
4671
7492
5903
6940
9911
1459
2916
2998
6100
1541
3726
1660
412
5012
7134
7230
2213
5292
827
1046
2183
8977
5241
8275
7149
4813
2964
7989
280
2482
5851
5895
7391
2669
6315
5637
2214
3867
6055
5103
6762
6262
2705
5254
4999
1032
9960
9252
2614
6897
6462
1096
7207
1203
6564
2654
7270
5785
9076
2525
797
9032
5658
4266
2902
9150
8641
9019
6155
4119
1126
213
5165
5439
1115
4006
2077
8513
10
2223
8441
8974
7987
4153
3558
8490
3908
9561
2919
1280
9205
6046
7992
53
4637
3590
313
9818
7156
3041
7546
8139
9893
9581
4032
9636
2383
6544
6113
4388
7818
9572
8321
2985
4497
1053
5530
8379
9119
8934
3153
8853
6026
2714
2619
1597
8007
2462
9932
709
488
3835
8551
74
8105
5049
2887
6314
4995
6071
2888
2387
7866
6744
8259
9398
7258
2887
3733
6409
7401
8731
9755
780
9096
6341
2939
8708
7996
6646
4530
179
1091
7838
1478
7465
5637
4719
7591
7332
7897
2016
8231
2786
7744
7565
3826
1383
7298
2380
6876
5658
5300
1770
4438
2058
2483
5668
6557
4558
8592
8882
7855
3657
8215
8109
4746
1548
1485
5490
883
7494
8581
878
7280
983
5775
1065
2403
3378
7407
9791
7571
4208
5397
2953
6360
6833
8686
6107
3443
6622
8871
8166
5176
8634
2569
685
5001
55
4485
4053
224
6084
124
6086
3400
6724
1788
5022
4584
4314
5779
1525
3310
624
7633
555
4052
5911
1486
4109
2482
4425
1061
9382
4720
8890
9884
898
6933
5277
9825
3950
8529
6739
1586
2331
5731
4878
825
9970
8472
2883
5970
9617
1601
4526
5579
9779
5759
8096
9543
1518
5678
3379
9070
4422
8315
846
8997
1487
3715
5443
2229
7424
3146
8422
3035
3634
9221
4153
4460
5463
8532
1250
9314
2984
8383
3278
167
3095
7036
7198
5276
5379
9274
6544
8103
1770
6702
3609
2360
3385
3383
5822
4934
2398
304
6625
4746
5758
3297
8296
6119
7619
866
9722
7285
7789
9662
2147
2009
5530
2160
8295
1922
6784
5500
9779
9203
5686
7564
1151
4712
9235
3941
5967
4391
2494
8870
5673
9140
6004
6541
4305
8480
8105
8710
5407
1871
8629
8304
4098
7653
399
94
1534
4797
7880
8391
8465
5014
3038
7418
3716
7018
9585
3601
8589
9819
6627
4049
6657
2557
7480
9180
4870
6634
8860
563
4662
1302
8836
3115
9407
7008
9996
6970
4248
8033
1568
9294
3022
4932
9734
8923
2173
2082
5465
8799
9834
4968
7185
3092
3773
6808
6029
6177
4316
8857
5570
4909
210
5532
6189
2129
4094
3884
7652
9481
8728
2001
2059
9287
7886
529
2915
2867
9837
6371
4444
4515
4027
6482
6843
3779
7233
9754
7175
4370
535
3154
5102
7689
2183
741
1268
1016
4403
4063
3819
4782
5730
9729
3662
5732
7397
497
7335
5703
3592
8114
5921
3441
6180
7995
311
7491
2690
3894
3963
6673
2170
4103
7923
9882
5721
1959
4990
5570
225
4588
7173
7789
7162
7655
2188
6698
6086
6681
215
9866
7891
7010
3529
9213
5305
152
7416
8823
5475
9393
1981
5747
1930
3598
9207
548
1421
4436
6895
8500
925
9767
7846
267
4501
2660
3642
7630
2230
2332
7575
6945
9936
2921
1243
9306
5502
6222
7602
6148
6760
6879
6224
7436
5963
2954
9373
108
5174
2336
1674
9362
3627
4756
9458
8252
4630
8991
7419
9650
6745
6046
6332
9983
5045
8057
3897
6717
4198
5392
5641
349
2774
3859
3384
5552
6657
2430
489
3541
856
1712
2931
8784
3087
3959
7741
1395
7761
6730
8548
3643
7107
8867
9640
5929
2118
854
7751
3883
3702
5442
2401
4759
4991
9971
9499
8195
7856
7537
1423
180
6871
1608
7760
5841
4972
7957
9723
2404
8186
6634
6328
3261
7560
2479
4353
5330
357
4165
5610
9030
6130
6616
9662
3140
6089
1248
3146
6361
9851
6516
4130
1660
8376
6748
5026
6075
2487
3489
6928
7331
1702
7475
6476
4651
7995
9622
905
8654
2456
6202
6309
2195
3533
7702
9860
5227
7816
5121
9419
9494
5975
5436
5992
6338
6062
1055
3535
1841
5460
2782
8064
8917
5864
2312
612
523
4529
3837
4373
674
6195
265
6189
6246
9645
1424
5415
7597
4623
4424
6610
622
3432
2702
3412
7529
1438
1942
6603
7638
1015
4178
2207
1598
1380
1998
1139
5520
638
1430
7834
4177
1688
4389
3990
3923
8580
1099
6635
5761
1921
6602
1090
6676
1138
1981
9450
789
5146
6244
7450
7088
7652
8449
3233
4977
1055
4777
9693
1341
4454
1831
6202
9167
2461
2739
3139
6366
567
2138
20
1576
1045
3818
4912
9214
7337
2796
6494
427
6248
2335
6414
9345
8078
9117
9338
850
1500
3116
6519
5064
5804
163
4955
3969
9461
4902
3000
5771
2874
1169
7030
936
1532
9197
6880
4910
1520
1425
2964
3422
2779
5897
1822
8926
3690
4011
9214
7749
639
7580
8005
7075
9285
3742
2031
1819
6196
7876
4683
5886
6000
9060
550
1380
8236
6551
3764
6457
6940
9328
2224
5154
3272
3510
4300
6859
2396
3392
8721
9039
4460
1580
5962
3283
853
7020
9340
9487
8575
9726
2285
8522
1294
1559
6278
2673
1416
4603
9587
2291
2017
123
5655
9836
7666
7195
6764
5244
8904
3087
6232
4884
7544
9521
6011
4108
4912
6930
5429
3156
2217
283
6820
4133
6664
7486
7355
7314
5044
8222
3023
9553
9635
7752
8747
8288
1069
6892
2323
4901
2945
9612
1861
7895
3910
6639
1355
4098
8569
8434
6941
6187
4598
3629
1924
3121
6418
1838
6617
364
7285
1444
300
5749
5333
6825
5009
3937
2317
9180
2308
7370
7260
299
9149
8748
8810
602
2015
6569
7334
7778
9482
2522
890
4921
480
5683
960
9145
3845
2850
9310
1152
9871
3651
4204
8628
1133
8051
6327
417
6004
2831
8925
4464
4277
8440
25
85
4042
8869
2441
9589
8895
3733
1930
9826
1149
9552
741
8101
5233
5432
627
8903
3388
5969
9516
2140
1731
6842
4893
3404
2263
5768
7736
527
1247
3214
8213
4293
7713
8074
5159
7087
1264
6158
5065
2877
4046
1930
9943
7381
9747
7411
5576
1645
9398
2178
7337
3413
7224
9563
342
8356
4576
2216
7937
6061
2032
3298
5829
3101
2183
4604
9075
740
6848
4540
4299
4798
9032
9206
5352
4493
3917
5990
6338
6805
4289
8778
8167
7139
7518
362
323
2923
4515
165
651
9069
9853
7961
8858
8962
5473
3566
2067
1785
1797
1136
1557
4281
3150
3560
3212
7714
9060
7366
756
52
5954
8188
3881
6699
8970
186
7354
3814
5798
6945
5067
5970
120
854
3354
4968
4434
1190
8953
4320
9330
4992
6298
369
7973
6532
3977
3750
4237
2406
3027
126
5517
8238
7908
5455
4433
559
1262
6536
4954
7073
2213
7170
8295
3438
328
1027
4767
8294
2074
4847
5051
8448
3550
7658
6913
301
4897
3903
9738
5226
17
9862
4613
6642
716
5589
9157
1181
7315
3078
2629
7082
9245
4737
5276
2212
840
9846
892
2244
4314
7673
6196
6626
2997
1162
7157
7817
2537
7839
7265
7
2468
9009
7087
5261
7717
2768
9915
7513
7262
1364
2299
5390
3623
7665
7005
5101
398
1845
3164
8770
9228
5186
8785
3229
4724
3859
9557
6987
4885
3980
1573
7872
6159
4050
4350
8403
3298
3764
6328
295
2401
7237
1631
6338
7798
7495
9836
4347
2607
6
2243
4165
7142
8334
4934
3762
7774
393
3270
5478
3257
6681
6921
2010
5383
1583
4343
8072
1864
7205
3518
2474
4979
8094
9254
8442
6495
3272
943
5733
6718
5403
1750
7217
9290
9393
3607
6967
1719
4402
9292
8767
7576
842
2291
6632
4494
5177
7677
4336
5003
3624
1571
1590
9845
3763
2403
3161
6390
6855
969
3485
3487
5385
6185
698
9821
6704
7880
4624
5636
9152
6730
3259
4152
612
3285
4046
1770
3911
4805
7103
7423
527
906
3216
6333
2551
9163
2357
6494
5816
1581
6919
343
7027
6191
9764
307
7101
1053
5904
88
1815
3636
9948
5883
3753
6325
9217
2287
8971
6595
2073
1848
7584
1622
7147
2030
895
7810
2737
3645
8447
4465
3719
5929
4990
3805
4626
6703
4094
9402
9035
1927
4829
5984
1399
1317
7279
8710
7028
8511
3690
4169
3634
8089
2238
653
9243
540
7359
3579
4400
7877
3648
8856
2242
5593
3838
326
2714
5174
3606
8115
7766
6693
3460
7423
80
5324
6169
2732
9740
8160
5304
5806
3693
8247
4749
6529
7781
7499
1050
650
4488
5611
9280
4038
3979
8140
4630
2414
5103
2124
1817
5884
1364
6535
5056
5559
955
2130
2283
6602
8092
7877
2968
6740
4752
4454
1649
6424
7212
5984
8981
6148
1403
2595
9041
3214
1527
8116
9755
8107
8916
2277
7051
3497
7529
9376
1799
7116
3676
3629
953
5782
6120
3362
5487
7791
8909
8970
2270
7285
213
3822
5140
9356
4958
6672
8761
8694
9417
8423
6497
6462
4814
4613
9169
7439
858
2660
8779
4081
7142
174
7895
4771
4341
7900
6368
6900
2874
8710
6521
7355
7955
3946
6618
8359
2630
4776
1083
4801
3158
1161
3307
2670
4098
8927
173
9376
5850
6584
4640
8875
6367
3820
9082
4709
2870
9350
2240
6903
6329
4832
6548
848
9610
2182
2396
6489
6197
9613
4283
7507
6545
5148
7774
3948
8194
4024
7045
5121
8302
4606
2956
4958
4537
2154
5524
9680
208
8116
227
3259
5231
3098
7893
3943
1839
8776
7422
2549
9088
2596
301
32
7310
4518
8926
6447
6819
6532
2012
1366
7593
8860
9936
1052
5498
1995
7499
8824
4790
875
7053
4501
9408
249
879
6772
3990
6659
163
3552
5051
8224
8661
2460
1858
6554
3934
8345
6761
2167
9638
6356
1824
8374
2755
9868
6836
2756
6258
1617
1133
814
9809
8168
1568
8320
9606
5659
3153
1564
5456
8525
105
5527
7032
7195
1984
4381
6579
6654
8392
2213
3239
3869
326
302
5143
6784
9868
4121
9773
1791
8871
1745
9267
6632
9539
6981
7663
8640
6822
6998
3656
5777
5136
139
6601
3153
3389
7010
929
7651
5508
1633
7987
8439
7135
2218
4545
8572
1991
685
4209
3478
9099
4136
2153
6523
6397
3690
2252
1367
9049
7541
6848
8399
5283
2497
1515
9314
1708
3293
3131
8043
3840
7680
8879
9156
9136
1870
1957
9253
7687
102
3888
458
8058
2440
2437
50
5585
5396
9635
9812
8669
1469
5820
7004
9845
1261
6660
7010
4801
1474
3014
1787
5602
8374
4445
6730
7868
828
5206
4223
1089
2646
2527
7759
3675
6916
1468
6164
7573
1958
2630
3355
8454
8051
576
5979
6540
962
6792
3461
9857
9942
9205
1159
6348
2550
3571
7243
599
3722
2089
1517
3545
6994
7427
5417
9439
8640
7121
7250
2443
38
7547
6560
7961
6058
4319
2641
4250
9478
3193
8511
8639
5339
5005
8066
8820
4118
9812
7277
3174
1355
5185
403
3554
9310
2223
8108
188
6304
1913
3907
6729
3174
1413
4039
7433
3302
6382
5185
132
2427
4268
8149
7424
935
5074
561
4508
7880
8820
5858
6717
355
179
2646
898
3949
4487
1661
6181
9721
9064
2425
4289
6235
9576
9412
8107
1851
9568
1776
8990
102
3782
9337
9671
9774
3688
5815
7609
5233
4216
1296
702
3063
451
8266
4076
2069
2703
6254
9887
8078
4001
8712
6968
8505
7129
1003
6274
7102
2795
7617
5932
506
7498
6224
6216
3363
2994
312
480
357
1970
377
9759
9354
4101
4914
1811
3608
9036
9204
2141
6404
9225
1973
8482
4916
3530
9872
98
9698
1792
201
6834
6685
9356
366
4424
4330
1893
6378
1347
743
2424
1507
3316
7888
7372
6339
8813
826
1472
2675
7236
9741
964
2243
1475
5919
7409
9991
8432
7787
1462
3740
6676
5569
512
2328
5802
5559
4916
8622
1767
8477
7036
8321
8032
3757
6045
7168
3020
6161
1
32
8327
9183
3781
8631
8879
8208
9025
1700
7791
1182
8991
6109
9206
8411
6154
7296
8115
462
1733
3211
2687
3833
1956
2902
8487
9206
2971
4894
7797
5280
8386
8061
10
6301
6033
2101
8442
4073
9390
1772
388
8430
4160
2272
12
5567
8830
3019
5830
1620
3001
4210
6609
2336
4563
6520
2542
1694
1947
1952
2092
5274
6455
4191
5682
2396
9628
6512
7912
3374
572
8641
4098
6047
8524
7642
921
9089
4017
7166
5192
5964
7799
7354
3888
3445
8462
5498
4008
2329
9617
4875
6485
7236
7988
395
6658
9662
1577
4076
8796
5221
9135
1544
2413
5942
4488
2255
3219
4260
5974
7003
7500
4811
9153
1829
3119
2446
2519
7440
938
5164
8048
7186
8020
321
877
3155
2431
8121
2557
8943
7132
240
1580
9285
7274
2293
5144
8658
6780
3533
7472
9448
3494
9363
3980
5703
1332
4093
7411
7870
4743
6042
7229
9498
9165
1959
3830
941
9980
817
4556
5450
6602
9988
213
4797
9308
8514
6703
3320
3433
1168
885
2487
7707
250
3707
1397
7313
407
4327
6408
2355
551
9308
5927
8260
7784
3460
9499
3277
7480
8233
3443
300
5061
5616
5682
4344
7185
754
804
7183
7569
4905
2510
6622
6180
5779
1010
7324
1040
4006
1601
1923
9511
9793
5948
5036
6777
5338
323
4551
1060
1129
7310
1316
343
7648
8666
2993
1140
7349
5114
5952
4323
5326
9231
1395
8387
9496
8995
7719
5083
2404
1519
4122
9231
6975
6221
9387
8014
5308
5735
7629
6360
303
3150
1975
2605
8585
5559
971
2817
9675
160
1953
5292
8761
8416
1679
6093
6254
8332
903
7342
4933
2181
1725
2818
9258
5151
2499
8843
9358
6461
340
2361
5697
9544
9
8893
1967
6783
9659
3931
506
215
3574
5694
3119
1380
8469
1269
3304
5936
3472
507
8141
5399
6543
7204
1528
8230
6778
8452
9156
8520
623
8538
8737
95
7966
3609
9110
868
7652
1654
227
1142
8722
3597
9251
1214
1706
2783
1914
7795
2406
1799
2801
8921
981
282
1307
8005
706
8268
4386
1531
8306
5807
4627
520
6858
9094
4979
2460
5947
407
3005
2671
4971
2111
4777
7684
7025
1488
4458
2522
1565
5637
4435
1519
2369
1991
4775
9424
1680
5864
4397
5660
3170
3228
8812
3863
8449
439
8889
4537
2355
1217
5466
2262
2228
4918
9077
729
8895
6571
6842
8281
4345
1467
2425
5790
8394
5519
946
3324
2024
3116
8408
9838
8674
2037
4416
6606
5430
3665
8348
9953
9680
2104
3390
7328
6672
8872
6811
6160
9383
5684
9870
2595
1357
3275
4790
6840
3409
3270
7326
8125
958
443
1382
7685
7511
6383
2099
7508
3887
4617
7600
5431
6647
1441
6590
912
3573
6279
3552
1855
3309
671
5004
2013
2255
490
6142
450
3964
7537
4687
486
5414
9899
1293
7540
4580
573
9000
5435
6351
6625
1193
4878
4347
575
718
4667
6901
5191
7238
8841
3494
849
3638
4522
2705
9756
7670
2656
3583
2419
2507
8764
4916
9870
6513
6545
5437
7364
4692
871
1737
4301
4139
3276
161
3894
8210
3653
7701
1150
8915
9234
5221
6477
2544
1007
6457
3493
160
6918
1085
6672
1620
3666
7068
5801
4
5999
9463
7478
4330
2781
2226
6227
7787
7300
7068
9226
8045
9249
3034
4222
2122
8254
2558
5064
8368
4863
537
2040
129
9
5594
9565
7550
9821
5345
2527
123
3602
261
6521
6239
7377
8783
6341
1595
4505
433
7312
7220
8355
838
9388
7919
4721
2950
8932
3688
5247
3910
4474
750
2779
491
4268
6462
7248
2905
9110
9979
6030
1724
5697
9271
9414
3618
6120
8737
321
3011
3499
3995
2720
7262
5740
2086
350
6497
7383
3900
242
5620
3823
8586
8705
2163
4947
9208
1040
1526
8800
7047
4743
2271
8288
1894
4577
8720
7344
3008
9007
6358
7695
2597
780
8022
914
6323
235
7026
1876
5794
957
3559
1083
5129
7312
7830
9622
5168
9185
6446
8802
6755
5777
3811
8060
9295
6149
3901
5521
4156
9591
2479
5473
4423
5034
9521
4337
1499
7403
9741
4992
460
6484
4611
9857
5087
6314
6281
2263
8649
1302
4563
9760
3619
3712
1579
1528
5863
70
9964
9438
3577
4141
801
7555
6101
3951
6837
8415
1249
9762
4310
8765
3438
1546
9068
5335
6769
8644
6736
6892
9800
6339
9482
6798
5531
4088
9643
1336
2849
2522
8819
3132
7612
4533
5392
4923
5810
7390
3093
4878
6808
7221
6290
4913
4605
5955
8181
239
5441
9955
1565
1033
2545
365
743
1231
9119
4589
7288
2561
6946
1170
7765
9519
6487
4259
2225
6893
6595
5740
6772
7314
1254
8614
2229
1728
1645
6756
4228
5118
3509
9241
6326
9280
8791
615
9070
3832
7316
2915
6469
118
4990
965
3301
8203
9232
4267
1960
8459
4155
2572
3944
4273
5791
5162
1218
5692
5154
4881
6412
2903
5424
1708
1631
3527
7903
454
2163
5117
13
3294
2982
43
3096
8052
185
4947
5050
9249
71
6027
3519
2771
3011
4893
2869
3605
8365
5051
5439
5437
9280
4976
6581
286
7051
6001
1628
8830
3674
7186
1262
2514
5872
2693
7461
6
3
2621
9721
7961
8036
9696
1139
3364
3562
9707
5821
5179
5658
928
953
7916
3333
1627
8027
2101
1326
8962
5923
4290
150
9882
2395
3652
6902
1702
9593
653
3929
6507
7649
7639
3619
287
3035
1588
9377
5727
4380
5904
4622
4992
3956
5571
1792
5789
5011
1699
7309
6399
7416
1607
4685
3915
744
9318
4749
3108
3207
5677
653
2034
7046
3391
2215
3867
3898
7415
8364
4941
2245
3657
6493
5485
1331
8230
499
1162
7842
6526
6987
8603
1359
5792
3122
4647
2521
1661
3720
99
3668
6475
8372
1333
5357
8853
8244
3720
4133
4383
3951
7096
8652
9384
9594
2509
1819
9816
8451
4549
109
1993
5581
6986
5035
3186
8856
275
5763
1069
7196
8869
980
8426
1954
3290
9577
4653
9359
1578
7599
3827
9758
358
1173
2274
2345
8148
8399
254
3348
708
3783
9607
438
5424
8192
9936
5476
2306
4728
9739
2892
9296
6266
1071
2395
4051
7757
7196
1643
3718
8493
2933
189
8137
6036
8123
895
3956
9668
1003
6826
9641
2644
110
3466
6434
4340
9439
1770
8666
2606
5705
8252
1176
8971
1758
515
2917
3647
7956
8573
2542
5155
9849
7136
1094
6973
9080
8607
2355
9326
644
9304
5464
4344
6145
8366
7395
8121
5282
7279
45
3784
5516
497
1631
8491
9434
6589
1524
9683
1338
2728
3033
2068
9797
1658
9776
8069
3755
2061
5508
8176
7612
2628
3255
3623
4404
5989
9847
6388
6798
213
5232
9018
2777
318
8091
9357
24
6927
6387
9467
3858
4912
1160
5270
9290
9889
4317
2303
7770
2558
7035
5056
4744
9617
41
2149
4603
6260
8019
3464
1062
4033
631
4632
8850
4824
7967
3430
6539
7324
9464
620
4721
6970
689
8522
4894
4039
7471
6798
3847
1301
397
7695
4748
9650
1201
5175
9817
2814
8410
9162
7503
5574
1333
4743
4157
1426
5663
6586
7127
9815
6533
507
5833
7417
4775
1271
7381
2097
7419
8360
8696
1159
6461
2516
6538
5629
5476
8335
8932
3255
6032
3822
9772
8186
7456
9273
1500
6384
8992
5244
6913
8069
2655
7867
511
1714
8526
2639
6770
8979
4852
6657
7551
1975
5039
9633
6025
5204
9030
5859
1519
3076
1705
3271
354
880
9322
5812
8229
9831
212
4561
4253
9851
8281
8400
680
4408
1083
38
7370
3666
6176
3099
1858
9754
4664
8811
1531
8796
1770
7974
1182
7896
6826
5402
4197
8027
2248
8331
1370
8970
9186
3757
6062
1643
1497
1406
8294
7807
5824
2882
3696
9680
3697
3723
2979
2227
5387
7797
8132
9177
5430
2428
7557
9368
1078
1259
1432
1425
2189
3266
1473
8702
3979
6755
4985
8458
7137
633
671
9692
9156
9957
857
1425
3820
5062
2440
9926
5356
2548
2169
8783
5788
8986
7848
5751
6673
4910
9119
4660
6399
3405
9549
4198
7109
2664
2801
2412
1350
3349
1797
386
4840
2036
408
4811
9397
7663
8324
120
2175
2540
8190
6706
177
6962
7835
3449
3776
6070
3023
9033
3056
7377
8129
5238
5587
9807
1211
821
3852
2679
4030
3334
3138
3426
2562
209
1968
5306
6442
844
6281
1616
4310
1654
1960
330
658
7811
566
9751
7468
3541
1445
9520
1779
8035
5785
7709
4267
1304
5494
1937
5644
9627
2789
2532
1034
8631
5456
1867
5648
8614
861
4869
9190
6351
9351
452
6833
8408
839
5831
2521
9114
6514
3728
5366
1648
4812
3574
1828
59
138
6569
1605
3334
2389
8526
5189
3072
7866
1174
7225
3531
9199
4575
2705
3440
256
6390
4748
1821
6375
9287
5611
8813
8570
3892
9086
7170
2110
366
1018
7137
7114
3746
7484
3353
8262
8915
5767
4834
1730
864
8297
767
9635
6881
7419
943
5112
6356
7112
3493
9419
9550
3173
3090
5475
5616
6654
5276
3926
4792
5058
7597
5291
5792
5524
9979
5245
4168
3315
543
9852
8283
9315
4980
1470
4720
1050
2862
2227
7808
2215
8853
5462
8622
8620
8428
4559
7368
252
66
3525
5129
6575
613
8673
8568
3043
5021
4093
6752
3853
7676
9804
4989
7453
2880
7539
6880
8783
291
9093
3167
8446
3504
5196
1020
1155
2689
7043
6416
4171
457
4289
708
8982
8091
7247
3804
6748
7590
4507
5473
1834
6317
6421
585
2186
1415
4214
5188
2945
3072
2689
3222
9281
7274
5010
732
6447
6660
5826
4205
6031
1508
4781
6782
699
2068
2074
3442
6435
855
6537
7869
4798
9415
9404
3267
1374
5996
7948
6097
6162
3850
3052
8039
8565
6392
1114
5393
851
7848
7538
2049
348
9528
9517
8219
3793
1748
4678
2637
6491
9750
4909
6152
9916
7388
3509
6063
5885
6115
3016
251
6470
9845
1242
7336
860
4925
6810
3024
9252
227
2549
8034
8854
1832
7253
6815
5341
5535
6215
4769
554
1542
2667
7431
9528
8656
6548
2609
123
993
2974
8341
386
8901
5983
3884
2219
7181
7030
2205
8341
3767
6544
1523
9393
3801
7546
5677
2386
6489
8113
5938
9251
8284
437
2062
3976
8857
5388
382
6636
7209
3314
8596
7913
1502
3886
839
2247
4781
1424
7643
7163
2505
4519
1576
753
1534
2127
3450
4212
8182
8967
8756
9338
3899
7729
65
7069
2458
6242
2521
5684
9072
7017
1372
6592
2340
4701
2110
3874
3744
270
6479
7562
9693
2814
277
6074
9099
3737
1145
4441
4794
4671
1163
515
9496
8082
3651
6157
4951
6474
4405
7943
3673
4822
96
4523
5275
7310
1235
9969
9899
5140
7148
133
8776
7096
6319
3952
6789
5178
703
7858
8089
9258
9004
1746
8854
8012
9705
3884
7315
7992
6120
9465
2328
285
8245
2557
7846
1830
604
5769
2545
7108
3576
7376
6860
9322
9848
6359
8559
7592
2384
6950
7686
4655
2682
9851
8489
2516
4855
1837
2003
4048
614
4366
4002
9555
3614
1818
6347
8680
9996
4492
8199
5956
7460
4112
3197
8888
5814
3315
3181
9894
4831
8694
5511
8177
5945
7602
4118
5437
1184
4133
9436
9381
321
4234
6058
8635
7809
4983
1388
8346
3703
9728
2592
8791
5767
8745
3681
4518
9388
8024
3636
7561
7745
4713
7054
6355
8493
3147
5472
7083
2905
4520
3184
5532
6910
3506
5925
5369
6544
2760
511
1758
7921
4648
7344
5073
899
5438
8587
1287
8126
2411
9399
5972
8858
4257
7888
1930
9082
2586
8459
6834
2725
9080
5796
7865
6786
7912
4806
9857
3407
9664
3862
2313
7534
695
6652
6599
4317
5380
7278
145
9856
5822
7787
7819
1757
8098
1457
9866
4212
7523
1900
6647
2697
4220
476
5744
7696
5249
5009
408
9843
9588
4214
3919
2355
2163
3239
1996
8
5182
1568
7158
7
7782
2787
5074
2607
417
3878
8423
16
362
3495
6717
1241
6470
4348
9012
2172
2865
2843
1697
8720
4183
2883
8787
866
2126
3382
7940
1530
8144
8739
8907
1013
7559
2948
2190
5012
3601
1089
2772
1616
8100
4014
6760
1944
3242
2168
5050
9370
2877
8904
6576
9402
7518
7153
8682
7073
622
8492
6899
1476
4416
525
6659
4816
3190
2161
3042
3647
9159
5590
4742
2858
3043
7080
7437
9356
5277
8788
2822
7262
583
1098
3610
5588
4364
1844
376
7683
5942
9421
5934
8301
3071
928
1284
7435
2853
1390
866
7925
5191
9179
385
5393
8380
8102
2927
6550
979
7603
332
5116
6836
3303
8514
2899
2998
4144
7265
380
2762
2734
4856
23
4980
6225
7760
7578
1113
9648
178
906
7268
1747
2857
9081
6083
2334
6482
5229
2447
7755
960
8089
5497
403
2012
7210
7039
7176
3433
9856
9741
642
5445
7991
2993
3812
3260
6385
9271
4026
3447
1633
3043
9602
1362
6215
1549
2212
3355
291
1509
7310
373
8584
5784
9777
780
9342
7340
6834
9283
5875
1253
2910
9082
4960
2922
7005
7532
5668
7057
3569
4340
8383
2279
8091
5279
7053
8684
2858
6700
8701
8523
9666
1376
540
1479
2005
7511
6723
7376
7344
3269
3434
3989
6069
26
4855
9140
3152
4963
9303
2909
4088
7485
3448
4948
2804
1653
8369
6325
9591
43
7422
4690
1465
405
9547
1368
5316
7712
7756
1392
2808
6129
4264
8641
6363
4281
1440
5554
9457
4487
2047
9229
5747
6695
4239
3936
5071
7992
7765
7805
3580
4476
5643
6208
7384
1832
2361
4785
4529
2923
8703
6175
172
2988
7600
7405
7301
1531
2446
137
355
2922
5151
823
2663
6053
7817
4044
2529
1004
1951
2790
5871
3361
8776
3817
8195
4860
6712
3796
7520
5133
3133
6402
3713
6201
2296
6429
7414
4421
7894
9549
844
4401
5883
6429
7031
283
794
78
4670
8884
8898
4038
1444
3536
4984
1472
2990
3639
7821
7783
4422
440
8621
6317
2715
7821
9140
4213
6963
3482
2108
8129
1230
5935
6423
1669
6088
1757
3605
3930
874
4133
1379
7359
3390
4956
7952
8538
1981
9147
1549
5612
2326
8386
465
515
4302
7405
870
7657
5919
3310
4515
1577
4319
4474
6791
498
1021
304
3679
9924
4377
6147
6964
151
3489
7785
3124
2042
8868
653
6955
7369
1093
2415
8877
9176
9470
5787
5107
9469
9950
614
8608
7706
2129
1044
671
2663
4122
8839
8635
8222
2239
6354
346
9488
193
5100
3831
6101
2023
7872
8331
9217
5478
9521
3463
9698
623
3259
1328
4165
1205
7029
9815
7288
1401
4626
1748
2378
8708
7206
15
7311
3136
6646
1306
5136
3955
456
1838
5871
7002
9306
1105
7815
4718
5758
3729
3714
5957
2899
9936
1781
55
4063
3163
4806
1467
280
8344
2046
3758
6306
4332
5609
208
7522
8519
2121
4427
4593
1293
3387
1520
3853
8033
577
320
793
2304
3230
2643
4517
3495
177
5977
7144
4577
4713
7131
8889
5745
2742
6733
2446
4793
9328
5378
3435
3605
1873
9596
3356
9927
3213
4591
4958
4928
5474
6720
87
2551
6602
9567
246
4521
1405
3982
981
9133
8404
6749
3867
8834
568
164
4558
200
9465
6972
8533
3720
2923
5034
8524
7313
7274
8809
8161
2896
3982
147
5435
2283
7401
7915
9802
3802
1261
9370
7673
242
7772
8021
3120
2287
6231
1959
694
5470
8679
5968
6900
869
7466
8602
8789
1183
9621
8819
105
3767
5337
3996
4761
4832
2192
3213
84
8798
5606
8850
3304
1333
6644
9799
7037
1085
9431
2187
5755
2990
2847
7444
1564
1390
2900
3503
8235
5396
7555
2929
6491
3912
9463
8768
7573
6089
7410
615
5402
7034
1626
7274
4711
90
5153
2678
6326
3166
7548
7091
128
5582
2373
650
3152
5001
5564
7741
4147
6917
8088
5239
3372
3831
267
2162
1556
4315
820
4350
7438
9825
4110
740
5544
7204
5766
2776
3166
1464
9946
660
4153
7599
1820
2391
1221
7656
7702
3689
432
9846
887
7529
4557
5448
5723
3734
7529
4282
1001
550
7733
7095
1255
5318
8865
9448
1992
7935
2090
1726
3877
2481
923
8456
6729
9167
2399
321
6629
407
4838
8458
5621
8827
1429
447
8442
2417
3656
2169
4246
5859
1667
2656
8999
7668
6326
3482
6298
9824
4302
7012
6001
3023
1000
7115
4031
8838
5665
7911
2527
8905
5562
2838
5653
6497
3575
3617
7500
4134
9909
3981
4895
5913
4955
4224
6787
5617
8474
2349
3281
4000
7134
7982
5506
6273
199
9005
8835
240
6465
4959
1143
7333
3406
2445
860
1487
7110
65
8053
4857
6373
5657
8487
540
9890
2011
6448
6305
7056
5414
7457
4913
4238
672
140
7915
1161
6481
3864
8673
5937
763
5249
9103
6040
9701
7613
3208
2071
18
1257
3887
731
227
8482
1408
8557
1238
6016
3337
3855
856
3725
9704
6321
2894
1011
9922
5044
4668
7970
1100
7222
6545
3585
122
2396
4207
8829
8578
6670
7626
221
6220
7963
429
2021
1112
381
4035
4921
7724
4344
7144
5977
4361
7212
5421
5963
8921
1722
2482
135
1815
7012
5731
7739
6138
4572
4162
239
5279
8606
45
1667
1363
42
5547
4788
938
7609
6216
1405
8911
6001
5306
266
2184
9523
1664
5112
3684
98
7270
6057
8756
6750
4487
5571
1076
7182
1232
6728
7301
5261
397
928
5016
8651
7362
4914
9240
3219
728
2258
4053
8733
50
580
153
5642
1323
9678
7336
4093
2877
1180
2057
8137
1728
6221
4539
5141
6270
6779
230
8109
3039
3592
6256
4514
6790
5043
7560
4065
5975
1002
1026
6304
1811
7418
3007
9269
1586
8385
9496
7937
8491
8197
5944
3946
5731
2605
7604
3366
9311
5101
3287
6019
2568
6703
2046
6787
3979
733
60
101
6233
3931
3339
5295
2114
6272
4288
5927
7833
5270
5033
2545
9155
3559
2054
4770
2930
1719
3186
3156
1353
8769
4764
66
8779
8633
7382
8243
3812
8769
1641
8835
4227
6487
1475
8829
8914
3372
4270
2133
4468
5183
3694
4833
1658
9543
4215
2040
4258
8096
233
4131
2301
6268
7977
1824
7260
4731
8173
2405
1222
9253
3027
5873
6743
8308
734
8654
9976
4159
271
835
1736
577
8108
1782
2900
6137
4639
8847
24
7642
606
967
2466
5330
7666
335
3103
8935
3270
8109
4484
6525
6286
7025
7819
2261
8209
102
6920
3504
2901
3749
2663
7873
5366
1075
4580
9424
9826
5146
8679
9226
6132
8517
9274
1910
1627
4452
8488
5762
1254
4384
3043
1148
1918
168
1314
2142
7072
938
3782
4992
5637
782
3159
2401
7920
956
7663
8848
2340
8078
5075
5700
7535
6191
4826
6204
8199
7507
4331
7313
3536
864
9671
871
23
4074
240
6258
1070
8621
3541
3846
3987
9187
3307
8342
7247
3141
5865
7326
537
3950
2608
8204
1652
6140
4213
3321
748
5455
4861
646
328
7588
1492
1569
7500
3467
6297
9543
5391
4035
5514
1619
1619
1560
7095
9941
1158
3059
6213
7662
516
7104
4722
8967
2279
5405
5488
4769
828
9246
1665
183
355
7613
5597
4591
9459
8222
6162
5328
3959
1873
4232
3582
553
5329
9823
2304
8602
9497
7688
5203
2379
5030
2318
903
379
1752
4047
7175
9165
7010
8906
4118
1540
7265
7991
3013
4766
1497
2573
113
9579
8426
6612
2473
7497
3921
296
781
7166
9820
4230
7873
8704
4022
7686
8673
4148
8880
9605
1952
849
6832
4366
5865
7200
3667
645
4422
2979
2126
8528
9758
7807
7794
6018
1288
9655
2126
9748
8030
2534
9998
5826
7038
7337
3777
704
3578
2087
5433
2999
303
2813
7452
5297
3154
5098
9895
6604
5318
1076
5825
3566
7035
2726
6445
9077
3264
6679
4890
9209
7913
7127
3861
6673
6427
4632
7950
6143
36
8759
1512
169
6472
2821
6969
2805
6631
2951
6609
4016
154
6038
9848
7627
5883
8212
9840
466
2900
5740
4906
2650
6128
5156
3508
9655
4863
2882
2832
7703
501
728
2623
5967
9985
8973
300
1055
2586
314
8470
3620
4821
9805
1845
1595
1620
2989
2814
5725
5817
6396
929
8699
377
514
3536
2359
4203
1979
7386
6940
3583
2479
4789
6908
1531
9785
9097
1348
593
6103
8921
5293
5597
3038
1245
7298
2441
3878
3915
2169
8835
8569
2997
9776
103
9316
5483
4006
150
5127
3185
1491
1688
6159
8843
1988
8797
5597
2436
2903
7983
6147
4223
2511
4419
4778
372
1365
2287
1075
1612
5003
1589
1144
2968
9918
9277
6094
8795
4855
3809
5274
409
8318
8210
4957
1431
8797
3225
8925
9841
284
9223
2593
5978
8573
4093
3624
3486
2182
5000
5143
4452
1655
7428
8397
2911
4615
7009
9237
8356
4640
8819
1000
7141
7075
5059
300
5196
393
2131
6013
4131
5639
6735
9013
7376
6285
2655
9387
5567
2603
5385
4278
8631
8480
9619
6909
8686
33
7542
4668
5960
7123
8286
8532
4043
5781
1629
1744
5534
8428
5408
9088
9440
5948
9306
6292
6036
6560
364
6263
9018
8455
486
5173
329
2043
3879
314
5145
3551
783
536
9997
8276
9990
5108
8541
7560
7750
7038
3969
8796
1219
1836
4458
7664
59
1506
4347
4269
4793
143
7412
910
5187
6727
4639
188
8227
9128
5587
9093
4114
6492
6358
9640
2480
3867
8992
8752
9841
1353
7146
5403
6289
1795
9909
5
5800
4065
5463
2870
1497
5545
3505
6548
7092
4784
6428
2022
923
5709
1889
951
130
4924
1335
5299
2816
3740
6599
2673
1986
6566
6908
2829
2478
5034
5847
7537
6724
4728
3967
3583
897
3975
3348
7630
2893
5125
8740
1470
4789
6044
1591
5225
131
6781
2917
2281
7225
9116
6232
1920
220
648
5180
8871
8765
4229
6818
9511
3859
8216
2308
1598
4260
2046
9267
3710
2387
4649
8668
2440
546
5737
249
9760
969
2051
5827
3501
1519
5312
4309
9151
2677
756
8044
4205
2354
776
8619
1323
5113
8839
971
5860
6023
9954
5280
2522
2904
945
1574
6615
5609
6599
8986
8862
6696
5776
8741
6147
9831
3818
7219
68
3760
77
3810
7347
5186
6663
7510
1665
810
4184
2537
6856
6973
6056
4096
1253
3281
3696
89
3808
6476
956
3535
6649
6148
4138
3360
721
2293
3487
5046
1090
9713
2023
1090
8620
5793
7670
3719
4621
2426
7216
2290
7836
4715
178
1143
8163
1891
7051
4150
8582
6575
7498
1309
6932
8289
661
1063
6329
5500
7715
8658
301
7276
6295
7214
4829
4930
2681
1057
8404
8109
226
3544
5109
7700
5604
9224
2584
5968
4901
7715
255
9479
262
6309
4435
8771
7892
4254
6768
2865
5801
6442
1209
7380
6880
6796
4698
7370
676
8121
4441
7623
8819
5057
7191
6541
2500
9272
8088
6893
2530
9218
5645
2151
5636
2894
9850
8846
3803
9753
4617
2343
311
5475
7883
5583
166
495
5142
2876
8426
7363
3919
5148
6118
2208
3829
2538
3781
7259
7688
5823
1991
3162
612
3572
6008
4794
7166
3734
15
4173
3417
4867
2256
2337
6677
240
4862
8523
70
6173
1281
6691
5756
7856
527
8377
6724
6190
5003
6261
314
7976
327
1932
3401
8802
2390
7455
3889
4159
2851
4045
2324
6504
4039
9176
3805
123
3915
5301
1773
560
1003
9885
3779
4919
67
225
6472
9277
473
4682
1220
5518
7878
5918
5952
1252
5570
94
8953
2877
3643
3469
8973
6987
8466
4012
5846
1668
3778
6016
9440
2410
5886
6708
3449
5125
389
2218
6612
7052
3253
7741
9065
1795
6601
3043
541
6623
8816
9454
6345
3428
8092
4625
2938
767
9155
9936
9748
8367
4598
7168
5795
3774
492
5613
9680
6814
8298
1291
7549
5631
9617
5252
4221
2285
5892
6591
8979
7878
3828
9490
7237
5640
7578
4862
3740
6457
8784
1257
1307
5200
3292
3609
9786
3169
7802
3308
7854
7239
9077
53
5814
1385
6594
8065
117
7023
1945
7735
9031
5533
4465
45
9729
7134
5191
3127
6762
4204
3323
9483
5712
8860
2135
6608
232
7303
988
3269
4982
8706
1083
14
6724
4719
4652
4328
6739
6908
1919
6606
4204
4265
9261
8772
6146
1448
5353
6497
54
2269
5865
2601
9397
1253
4699
4072
3762
7202
4758
4891
412
7108
9550
2409
6155
9364
8179
3727
5293
8794
3511
648
8055
2382
4410
8379
6058
6763
7204
6990
9988
9904
5630
2313
7616
7856
8253
9093
1691
8937
3628
7812
3988
5217
4149
8218
6527
3357
1115
9512
5957
3628
6519
569
9164
1007
4605
8070
5231
8540
9947
7668
9578
2008
1022
3741
1428
5697
800
2284
3208
8862
7186
3218
7394
9310
7505
4853
9203
2829
2136
7704
8689
2309
1699
8294
9678
5313
6235
5720
8276
4509
4546
1590
6570
3737
8813
9450
7701
2540
6345
2560
4669
9685
1211
4105
2954
9741
9240
5679
3804
4777
3102
4083
3348
7435
7949
6850
6419
4647
3830
3302
3708
2771
5614
5593
4216
1480
8318
1348
6775
6646
9387
1717
6142
5651
9437
8751
81
2020
6510
4315
2173
756
8129
3757
9346
9105
9516
8737
3660
9046
8883
2228
9070
4819
3298
575
5466
2025
4279
4190
7598
4081
4938
160
4062
6780
9402
2310
2953
2773
3702
958
1963
7795
388
3113
32
267
6097
3528
7536
9362
1910
5590
5611
6383
3475
2959
8881
671
1339
6974
4174
2962
4939
5475
7489
3043
8952
692
3016
4454
9460
2538
9338
6585
1293
700
2944
1532
8386
9354
8593
6477
1475
2896
8712
1325
3476
8058
7988
9422
7917
5926
2316
9838
6673
404
6829
8541
473
4315
3649
8457
3805
1253
2366
5947
7534
4139
3048
6474
1923
6331
8676
8606
7277
5477
1258
6863
5177
5573
4229
3308
4514
6331
6635
3815
9345
6359
3444
205
2002
623
9657
8868
1764
3283
2458
2813
7676
6775
6299
2744
4742
223
2188
7671
3034
9802
4756
7515
7271
8885
7817
9354
2351
6768
3375
8370
2654
6334
5387
4616
1735
7302
1634
153
4269
470
6626
3890
6604
8743
3485
6378
1330
1819
6398
2140
8829
1459
4234
2947
305
9037
1252
9231
2662
4075
9020
2660
4476
3375
5781
289
9276
2482
3393
9822
2861
7604
4956
142
2352
5741
6290
1108
2248
9122
590
2338
7721
4340
2640
9133
2796
6306
41
4540
3756
2606
3670
6991
9600
1133
2855
8077
2997
3768
8731
7045
1655
896
9834
9302
1613
5054
9038
730
3726
6200
3311
1389
6547
9552
7386
4364
8219
919
8541
2136
3189
2206
9377
6729
3917
4573
4389
4335
614
7084
9491
9764
9472
6526
9585
7550
327
7534
7126
2016
2920
9442
8598
5120
8144
9532
1676
9379
5906
5008
5828
1140
4053
8847
7842
5892
6968
8177
6514
9372
3987
5154
269
3294
4763
1331
84
169
3073
4801
4908
7034
7721
5875
2871
5584
2226
124
2571
5192
6342
1953
4113
5527
9215
2085
9292
3782
4532
2543
9763
6087
8895
5805
8877
6470
1517
4498
5368
1371
3777
1722
1094
1420
3877
2543
6341
6368
2414
5028
8425
3134
4010
5070
3289
163
5897
4243
7202
2114
7685
234
3932
2005
1872
9090
8039
7410
5257
1407
7169
4858
9802
6687
8183
8539
6913
5242
5093
9764
24
1048
4828
9896
4771
3692
31
4172
6438
1950
4202
3419
8256
967
1952
2314
4712
5045
5552
2341
3667
2942
3442
4487
9247
9042
5763
8521
3936
1017
4027
8306
7524
4763
1799
5740
9716
4126
4792
6135
7641
218
4632
6311
5337
7817
948
1017
4157
8506
4858
2291
2720
5188
3936
4872
2454
7976
6910
3323
2950
6367
9530
987
4422
5410
6654
5805
6385
2473
8760
936
3480
763
3822
2009
1842
5588
3931
3910
1137
2676
1259
9072
4851
2836
287
9121
1297
9380
5741
8421
4888
7456
4903
4806
9041
8369
3670
8239
8223
1375
4243
1282
1909
6516
385
436
4833
8316
4219
2374
5193
7993
6646
2767
625
2851
9506
9461
8101
4284
9010
4171
7609
6849
1862
852
9083
4732
6705
966
5986
9702
4076
5465
5045
7547
4278
2174
8586
694
4134
2637
4809
7035
7423
6886
7981
3731
5518
4073
1527
8786
2515
8402
7214
4132
8314
2204
903
1606
5797
6086
92
2386
9864
2370
620
2354
2464
5386
8720
645
6432
7742
3733
2847
6106
2056
6859
5978
6103
4785
9241
8395
467
2188
378
9424
9640
7183
7448
3909
9541
3859
4931
5893
1130
145
3278
5165
9411
9548
9079
2861
4479
397
5233
4248
2587
3865
2224
3563
464
1232
9456
8330
1686
638
4946
7110
5299
3604
5987
8651
5909
5265
6811
4933
6007
4825
7151
1186
1539
3208
3316
6323
676
6640
3969
4556
2855
9245
3407
2955
446
8458
9248
5525
1472
6733
600
716
3409
141
9773
2604
3449
4964
2103
6421
8243
8847
1795
7027
4740
9490
5578
8313
8246
6856
7689
3645
3473
2408
3613
3148
8725
1924
1612
7534
2869
9355
5091
3284
6179
5982
5032
9758
5509
2016
1739
7513
9521
3286
9534
9094
8555
2926
8605
1349
7479
3035
2076
1664
7292
1214
9517
5140
9704
6897
9562
7610
7386
4382
6884
4549
9680
316
6489
9315
1069
6409
7660
1846
2438
8227
7924
8093
7882
1200
9170
9435
4524
8781
4352
9609
7758
8499
1843
7815
220
3366
5997
6813
6866
8072
9730
5376
7162
9147
9028
9025
8726
7939
4797
8767
2566
3897
9976
5020
7831
6460
8093
3581
7353
1089
5559
7083
9722
2892
7796
7735
6468
3575
7912
2155
3056
7167
5534
5227
9414
9374
9773
9994
9043
9010
5826
6440
2117
9245
9504
8809
6101
726
5024
3009
5201
300
791
1516
6149
9179
3
2778
5333
4135
8401
23
3738
9525
6318
6201
4215
5481
8071
5762
999
6138
4288
518
6214
8450
3406
3686
8376
4386
4978
4666
3305
1810
7026
782
4161
2757
1909
483
2883
2651
26
9286
4660
1472
2725
1726
931
2673
5080
4879
9513
95
4939
7627
8061
8525
8007
7128
3140
548
8676
1261
9348
2309
3501
7414
2388
8094
6845
1191
5378
2438
1528
8732
9104
146
8904
1023
1499
1674
1123
8547
6106
8150
6117
2670
9552
9441
2463
4947
2333
5440
4780
6541
4263
6028
3468
4327
9409
4922
7199
4008
2037
9996
1439
2429
3139
801
5706
9151
2918
9975
1835
2595
2543
2369
292
1744
1585
2515
6219
8731
7656
5354
3102
6510
9334
905
5523
3079
796
9390
2800
396
7617
6114
8547
2941
386
5456
7552
9058
7062
285
4790
7475
3965
3669
9324
1718
1588
8743
7053
2179
2712
4230
3340
6948
3061
176
4694
6344
5497
8348
4803
2343
3913
8652
6568
6239
576
1090
1261
5692
7408
4351
8550
3271
9446
8150
3312
8949
5471
1616
2361
3568
928
7912
3996
388
7031
374
265
6575
812
4137
6909
4507
4851
9085
8498
2584
8576
13
3141
9410
6743
1410
4912
1922
4896
249
4292
177
292
8130
4677
4278
1894
7029
322
4112
8032
143
8895
5232
233
618
8561
9198
4016
7082
7749
9100
2744
4356
621
8615
6368
1065
6280
1753
2430
3584
685
3516
6775
5218
420
6153
6301
1263
6097
1135
9046
8990
6238
1839
9061
2401
8179
6131
7671
5063
4501
8319
9020
3690
5912
2639
8047
5257
1762
976
7492
8497
5646
7852
9022
6132
6410
7757
8362
3067
6333
1378
3771
5223
2904
1855
1122
867
2840
7854
3850
102
8837
3828
1774
2181
4219
5743
7448
3845
9218
795
7046
2942
2652
7860
6763
5899
9738
277
5887
6413
3803
7471
5572
1936
2707
9653
4902
2437
2580
4420
6814
2046
5451
256
6756
6152
2089
2170
8574
1042
1564
1134
9161
6301
394
264
1986
6732
5402
566
7026
4986
7310
3705
5364
2042
529
8677
2788
9033
3033
8312
2310
2609
2425
3751
7008
7543
3014
6916
5093
3700
4436
6908
6367
9248
7612
7357
5528
746
8108
6532
5478
2708
9323
3124
9328
7979
9895
8467
545
2693
9869
7678
8999
7043
9700
573
8312
486
9655
1201
5363
9502
4461
6794
6766
3965
6295
7286
1553
4393
85
5075
9662
3713
757
6837
2860
8439
41
626
5311
8716
8852
8059
4341
2329
3505
5238
303
8361
5071
6
7178
6068
6189
6316
2553
3926
1294
8903
9297
1967
4009
5206
7665
6403
3361
4286
2587
7057
5515
3544
3011
1073
3233
6882
5700
2391
9522
7717
4281
3972
1395
9718
1503
5499
566
5190
2644
3089
2774
9732
8235
4589
44
9123
6128
2496
8305
5622
3682
1918
4337
5111
4290
5546
296
1047
7799
784
268
2895
4123
1963
3174
8789
1589
4295
6542
6283
8259
7488
4130
8498
4036
2746
4354
220
3984
2858
6844
5150
3349
5937
447
7844
671
521
3470
9166
802
6760
8371
3544
4695
2594
8845
392
3649
9659
2455
9648
2475
5289
9222
8884
9824
648
8207
6357
4726
2791
9187
7708
3383
7247
3897
8354
6542
9172
8182
8524
5691
8804
2299
6628
2435
4109
6058
8898
2919
2123
7846
8297
7326
4655
4951
686
1874
8731
3015
9252
2564
4233
7084
1651
5133
8572
3442
167
1491
4702
6804
7764
5668
5192
7175
6646
8961
2816
5268
4711
458
6316
4927
8106
3122
8310
2328
1253
5087
9752
4078
875
7136
1878
6507
983
9067
2138
1472
9941
1042
2507
2877
7002
8513
8375
5085
2308
6855
7167
9612
1163
8047
2642
5190
4871
8010
4977
9246
4315
1130
7602
391
6800
9389
9857
387
2476
4036
6288
1333
3393
8687
4462
5365
6370
504
38
3424
2128
1176
6030
6024
707
1930
8864
6495
5491
6922
8454
5260
7223
8248
3374
9512
5732
6015
3277
7000
5447
1021
9376
4167
1919
8207
1885
9358
2801
6555
9976
851
6062
3961
5426
1692
6690
1950
7195
702
8195
902
8024
4678
4746
6317
3200
4707
5182
7771
4800
4623
1931
3994
3614
2856
9858
8101
747
8703
9962
302
1058
1163
3236
1884
8509
7963
9964
2368
5878
8263
5003
5810
283
465
3994
9101
6043
9182
7649
2691
3485
75
4237
3374
8911
2653
4223
1845
8140
4121
897
4871
9895
9485
4068
3255
7796
681
7430
6995
2502
7821
7823
8579
8531
2113
3194
2699
1507
8811
9424
1437
3015
9072
1823
5662
295
682
7770
4723
1124
5154
5579
1688
7244
8139
4724
7100
2267
5131
5410
5197
4638
5478
9490
4731
8164
9736
5102
9308
3949
1951
864
9292
564
3043
6503
1198
2633
3187
4663
4723
2231
2062
3995
1061
3044
3898
5958
9009
6839
244
4023
448
9507
2836
1146
7104
5170
9308
8058
5411
9309
6942
7381
7588
3143
8823
8857
6209
4346
8828
5706
953
8169
5183
1317
3380
4148
2206
4414
5417
1306
4584
966
1392
5433
6349
89
8533
497
2481
9779
7045
1894
2092
5554
6377
6356
3745
4727
284
7469
8777
4406
5994
7198
5211
1437
6663
2911
2779
4546
3704
5993
4300
9957
7474
3267
5571
3844
2094
9413
9178
6092
3142
9293
9709
4557
6399
7119
3732
9287
6370
487
7454
6257
5896
8634
918
696
274
2122
2181
3924
3443
8889
3924
9398
4234
3253
1771
8478
2607
9442
1259
6058
8777
3717
4373
808
2426
5948
8549
9420
2425
7387
6542
8845
2233
5617
7795
7273
8506
8089
1423
4713
748
8540
2658
5824
476
916
5449
301
4749
5180
5305
1903
8132
2291
9031
5240
4959
1455
55
8138
5714
6781
3039
6942
9088
4599
1318
7124
1267
2767
3247
5701
8377
9256
2572
7444
7803
3924
6913
51
4314
7911
8231
1953
4776
3770
7097
9329
6001
4412
5854
2854
2420
6435
1651
3962
5745
1616
9492
6526
5585
1344
1719
6844
685
7599
518
1656
9324
5144
3063
3173
5148
8583
6617
3651
732
5151
5885
3606
5891
6727
2175
7443
8817
3135
2175
1091
3377
9056
3537
5626
4215
9809
573
5441
4332
4839
6547
2655
2610
1268
5471
8934
6390
9232
5220
4986
962
117
777
9533
6108
2692
3213
6405
2478
9045
152
3615
4722
7323
559
4140
9530
8790
2099
7401
7498
5154
6871
4765
3459
4925
6300
2924
1052
3990
6492
729
2174
7505
8831
5736
5821
4327
7820
928
462
1514
4512
3279
1418
3350
8964
9000
7342
8322
2894
136
6731
4390
7911
9527
5920
1415
2132
2041
6546
3262
8339
4244
3414
3238
4884
5724
6187
6164
5361
7993
8343
5713
140
6778
9724
4003
4084
3075
1414
8074
2051
2434
2179
102
1238
5792
3008
9877
8202
4626
9373
1002
9247
3167
3660
7817
3580
1724
1227
7775
2560
8675
9994
8975
2960
7571
5787
8231
7361
9616
4263
8369
7956
5963
7751
4725
9609
876
5557
7196
6897
4971
8111
2463
3524
6191
3924
3758
107
1070
3599
9516
6812
1251
9982
8776
6416
9357
4718
8566
8466
483
8644
316
4838
4566
730
1929
4835
6479
1764
5519
2206
5672
4094
9633
8373
1015
4596
6568
4293
1284
1565
4000
489
5387
1173
1599
7519
1949
1894
4069
3784
97
8978
6862
7916
5320
7952
7029
4856
254
5696
5219
1126
9772
6044
7957
9334
2331
2686
4859
6926
6899
4488
9965
4411
9249
1428
7208
4419
4199
6328
7350
6905
8573
8997
2828
1948
1845
8733
9644
4541
1196
5662
4987
6427
5341
7679
877
252
4751
2566
4940
378
383
6820
2824
8663
3224
1870
1096
5423
9326
8969
6430
4537
587
7312
2217
2025
2081
9893
420
1093
4333
5202
2092
3682
781
4811
127
7962
6712
1074
3599
6044
3851
1445
3013
817
85
2344
9635
5766
3784
3051
5394
4411
6255
3929
986
2230
4799
236
2688
485
3830
5695
585
7887
7040
8114
5597
8805
9193
692
8071
554
8669
7040
7369
556
5546
3046
4220
5022
4743
1156
2580
9571
1262
6433
2498
2089
3156
6183
6436
1200
9850
5243
9671
6101
1500
809
4733
2560
6
752
4201
9734
5703
1144
9254
7116
2429
2395
4599
361
2064
8087
5690
7350
9947
3487
5606
7220
7108
6856
6276
9946
7485
