9857
6548
2664
6251
4431
737
5203
3575
84
960
948
2790
8165
5558
4640
9981
9530
7121
2827
6128
3297
9345
6730
4304
9436
1489
7094
7185
7205
6641
1212
3767
3457
6192
5442
5501
402
3883
9828
3073
2375
6428
9884
3711
766
5297
1968
665
6730
2187
294
2576
2080
3231
8258
4129
3386
6205
2207
4511
3358
4490
8412
7192
6841
6268
8878
6407
9557
801
4580
7734
7738
5213
1048
2734
6449
7246
5217
525
9459
2381
4069
4402
2383
9908
1467
871
2443
8486
2622
8108
4354
5327
2302
4940
1548
6650
5521
910
4299
2729
5671
2763
897
420
5211
8710
1135
4545
3285
1485
8457
6060
636
3083
1253
6979
4201
1847
2338
5905
6150
9580
4853
7301
8822
6662
7102
5422
8654
9750
9465
4949
3985
7602
2497
4167
6457
3084
2415
5117
9825
813
3312
6954
1968
2270
4244
7217
7471
403
5842
8449
3132
2549
8346
6270
2919
8426
5779
9644
9593
7762
4690
9402
4309
7457
444
3385
6327
7924
2914
4040
7385
146
4619
3742
5188
9824
465
3251
2434
2145
4705
7178
4194
5864
8165
8895
742
5020
3151
3705
1527
9111
4875
5084
5384
7034
8023
6591
5239
913
4527
8277
8512
9294
3904
3385
6044
4341
5807
955
5191
7812
6562
4625
5518
492
7675
9948
7943
2672
3653
2105
1723
1449
7047
7120
2334
2675
5062
8028
1520
8440
9896
7367
4955
9623
7586
8065
3548
1521
3362
1486
5007
8415
3241
9018
4244
9731
5808
7305
3214
1050
1115
638
8521
6235
2619
1864
2491
8463
2350
4660
5123
7661
2049
7427
6398
4784
4933
1418
6537
7607
3919
6736
8737
3257
1210
9431
8678
5810
9895
1290
9694
9327
7012
9439
9397
1762
507
2568
2786
8146
993
1356
4246
3827
4943
5694
9997
2909
1133
2951
5990
8203
4458
1540
2047
195
8953
6526
538
6173
3845
754
7964
2465
9092
3341
3812
450
7530
8246
6889
913
9493
1624
6763
7535
3909
5546
6876
3458
6110
8940
6568
1459
8614
1072
1567
7986
1898
2451
7267
2487
2797
8919
8796
630
4080
7886
3481
7902
9676
1333
3906
9454
2108
8554
7257
6292
8904
3020
5646
9044
5628
7982
1073
9329
552
4167
2899
8043
4272
793
7461
4885
7588
8779
3842
5169
8170
3462
3785
11
3350
5849
6834
1759
2235
2009
7921
6007
3068
6632
8424
277
156
1136
7911
2266
1747
3596
3071
145
4865
7588
4485
7034
1101
7204
7842
5014
5943
5079
9894
748
3836
7877
6220
727
4375
1542
8713
8684
7732
2210
8334
5467
8592
3079
5933
6577
8476
9573
873
3927
7953
1433
486
92
2797
3316
8767
7898
3547
6776
8630
3543
7393
7614
8038
4810
163
3815
4084
1799
2740
93
8692
6041
7053
2437
4984
5211
5734
7492
7843
6083
3538
5595
4956
3836
8519
32
5022
7263
8538
3274
2204
637
1513
4553
9602
6348
3938
9263
4486
6587
9570
4767
9086
5059
1703
4897
9371
2972
9286
6079
7154
5225
9113
8287
5451
1281
4144
5292
2339
9659
1976
995
5932
6853
3273
9640
6053
9297
5082
6083
6228
9901
7999
4027
9487
9693
6514
5612
5146
7047
7664
3544
8682
2459
5322
344
6632
1277
8027
1981
4082
7696
2842
791
2427
1457
8677
3408
2995
9933
2589
1590
1505
6736
2753
580
2204
6667
2371
6029
4905
4673
4183
9556
79
8686
4905
5786
7686
2021
941
6596
3134
3492
5522
5433
5980
4310
1856
7429
7935
7077
3713
6429
5969
3625
172
4128
9977
9906
8524
2837
5453
2462
5263
2391
7684
311
3786
6826
7258
2428
6698
264
4364
6858
5029
1661
1795
5655
671
8907
3294
6108
9433
9675
5528
9996
8371
1281
4745
2085
3378
3226
2041
9217
3229
2965
5326
7209
1793
6475
2166
7111
3781
1196
6912
1143
4472
5096
1637
7482
4997
486
7397
3446
2104
8676
3387
2157
3915
8796
1618
151
2218
3903
2897
8655
2837
5810
129
3576
7283
1009
6336
6650
7794
3140
5294
8413
6605
4301
7973
2048
2231
2378
549
6711
7236
8029
6317
6191
2791
869
678
9342
1686
8425
6553
3724
9450
4097
9857
1976
2338
4497
5403
2281
8438
6227
7498
5938
4809
5824
6423
3872
3720
4043
7349
1571
1088
9513
5762
7126
2492
2576
4122
221
5547
875
4870
8123
0
1736
98
8509
4707
607
1532
3991
133
1919
5543
4712
7329
278
8463
764
8413
204
5016
750
5104
349
7231
7016
5693
9137
1234
5161
6382
6090
7227
6721
5724
6810
8391
7404
4650
9054
3781
3160
7986
4938
8570
5637
2823
8450
1618
1849
2842
3587
8769
5133
9816
2412
871
4695
4911
4972
9505
2308
449
4473
3932
5874
4850
4666
4421
9559
3244
5810
2460
370
2002
2953
7447
9628
817
8457
4243
9226
9266
1986
1477
7026
171
8826
4926
6344
7126
6821
8189
9124
1066
4172
8910
7233
5301
1533
2816
1460
7355
9712
2677
7751
1224
2305
7314
9841
3585
6574
758
260
9209
3006
4936
5523
8447
6108
1192
8542
197
175
5288
5164
8923
5144
7268
4979
1818
6024
9180
614
4189
9179
4450
2860
9641
5124
8943
1481
1997
6405
8640
3515
692
428
6237
7667
7639
1797
7130
4958
4656
6256
3335
1599
5386
7872
2834
6667
2276
1981
1436
8785
3572
9927
1209
1684
3912
6151
8977
8310
6439
3491
4915
4371
2614
3646
362
1718
9863
5882
7143
1884
1884
4059
4013
2003
6378
3977
7052
2911
2072
9217
9941
7161
6038
4553
4029
4932
1098
942
4397
3102
9941
5548
901
7935
4596
505
1505
6225
2403
3118
7811
9979
4957
9299
7104
2444
7486
1478
5143
9729
7577
184
4668
3779
8645
5940
9539
4400
1730
5533
6807
3844
8010
5442
8074
4467
6802
625
5095
3894
7823
4677
2291
6880
9526
6669
3682
4732
9532
7355
9846
4325
4140
886
210
3953
3079
5117
5453
2619
7477
3975
4594
6588
5385
9804
1492
2789
5219
6585
9615
331
4559
8804
1370
479
5483
9805
2696
745
6423
301
1741
9888
4916
1374
4350
4601
8654
2119
6257
7994
2390
5442
9380
4186
3160
9419
585
1863
3148
7367
8991
5939
5096
9855
2876
8475
5010
1047
3686
5429
642
8880
7841
6518
2486
9542
1602
5342
1248
3190
7202
6993
5914
3664
5871
1538
9034
1621
3837
1181
9216
2478
6537
3377
3804
6472
5853
7785
5180
2431
5583
2646
3731
2582
3237
8475
6710
4497
7619
3492
5375
2623
4933
2515
5013
7015
2360
7672
2531
4589
18
9325
4308
3745
1490
2780
3312
725
4850
7389
6831
9305
7065
2399
7229
9365
1021
2146
1719
530
9525
8415
3953
1061
9261
4037
7113
2681
979
1633
774
7976
1438
4969
299
9558
6974
8997
2168
154
8158
7514
4335
6937
8518
1028
3076
7713
7021
6560
3741
8911
9804
835
8505
9389
3198
9339
9469
8652
355
608
9913
9225
3732
3365
4314
4191
9600
7425
5752
7946
6165
6725
8111
5155
3675
778
1772
6125
9290
2040
9821
5546
9772
6917
7051
2602
9676
4360
4739
7218
8158
1049
6287
8101
9560
4327
1012
2161
9694
9157
3893
617
9068
8050
6164
2458
6508
9747
3640
3613
4039
2223
5611
8488
4712
7
1498
7505
7468
4641
1232
3456
502
2848
8780
3951
9663
2033
4046
5905
4906
2819
4433
1116
4693
9492
114
6276
6972
8517
6910
7493
3752
2457
4058
8477
2373
7151
8252
7685
5553
1241
4775
7114
6656
6505
7140
6843
6060
4583
6491
8481
5401
5873
8097
246
5687
3456
9435
6339
944
8786
6193
4075
5394
9674
7630
2029
9351
3264
3732
5018
335
5542
6188
8532
6143
1592
7019
2254
8963
783
5856
4198
8783
8002
3769
9995
5987
3385
6550
9613
4540
3408
2373
2048
663
4181
620
6748
2721
1022
4870
7509
8603
5818
9444
9729
4793
8210
981
4219
4888
3963
2656
1428
5647
1131
3310
9648
1951
133
8229
3876
8164
8435
62
7018
1886
5631
7688
7294
505
7470
54
8249
3335
809
2723
599
4944
5145
1638
151
4016
2095
7216
8878
5823
6254
7730
2041
1133
7430
684
1917
4812
1837
2000
492
9944
779
6949
7223
4545
930
8696
5306
7961
9656
1100
9193
953
3731
5346
5061
3214
9536
7204
7706
2529
6768
3723
4360
5588
6144
5440
8028
9047
3555
7375
7307
5147
9326
6728
7835
4110
1808
2064
1661
7109
8827
9300
8058
4392
7587
733
281
2902
4114
7167
6955
6281
9558
3435
3683
9173
1288
7941
3221
4826
4794
9792
4810
954
1292
4020
7485
1908
170
978
789
2157
5414
5262
7504
5360
765
7787
5928
1341
9497
9621
3204
6717
9875
952
8814
454
1458
4366
8284
6697
3236
2805
9534
761
1656
5678
611
4470
6278
9362
6759
4231
3772
3775
1133
2679
5302
6368
5285
9238
6552
5435
715
9568
9387
4724
8748
7594
82
8351
9205
1608
2103
7811
6569
7420
5719
7785
3567
362
6007
2772
9974
102
7586
2682
3846
7359
8240
2449
1989
1653
3636
357
7538
5333
7202
4005
8385
8965
43
1325
2196
6923
9590
5038
3602
4056
653
9514
5590
9106
9345
1836
1079
8367
1755
6452
8463
4141
2529
6608
5483
8462
3041
7062
9550
273
6636
285
5202
7516
5522
1932
6492
9861
9446
7706
9659
3152
6013
581
6700
4418
7305
4446
6861
6645
4988
561
220
9012
6443
8370
7515
9414
4738
9011
7619
4503
2382
4626
9778
7202
3690
5423
7827
7739
6521
2940
1096
9512
9628
8717
1542
8032
6497
9086
8908
812
4233
5812
9073
2906
2420
8331
426
9504
1564
2399
9045
2541
4234
8103
8102
8715
2552
3899
6843
4225
8868
6790
1357
9733
3262
3446
9222
7823
3071
8800
2377
2680
2390
9137
4338
4209
7119
3296
7419
832
7234
6271
376
9061
2166
5439
5841
2683
528
4755
9001
5323
4812
605
2687
7434
6358
4341
9216
3954
2422
6296
8455
526
7862
557
787
2862
6305
4739
2051
5595
6745
7206
848
3460
1605
9056
7223
2983
1365
6332
8738
9740
2100
7734
3250
411
5097
5710
442
8254
5562
7803
587
3473
8462
9324
8024
8677
7308
5689
7685
4740
6773
2985
849
3278
5467
8061
8589
2242
7021
7177
4040
7097
4608
1699
3624
717
7643
4820
5447
8903
3151
2779
7096
1557
8785
5409
4020
3129
7382
935
4406
6815
7642
8123
5471
7367
3692
6842
4662
8272
6809
3455
9872
5926
3956
6473
9527
1378
1999
75
8843
8480
3353
8477
8514
5054
180
2880
5581
5376
3969
4831
7784
2480
7051
9329
4973
9682
476
9418
4087
7158
64
1857
7422
7751
8676
8221
6611
1456
9242
3800
729
8958
4653
6966
366
9489
2427
1326
8373
9852
2755
5015
5922
4620
3612
942
3985
1061
1712
7043
3219
9287
2228
532
5030
2720
4645
81
4319
3963
4640
3087
4359
1126
5325
6872
9711
2609
713
8223
9425
9986
4111
9249
1173
2358
7555
1239
1261
7026
9179
744
6350
3671
9050
6460
347
6852
2121
7483
7231
9541
2388
3363
3383
1769
4095
2184
9978
7042
8787
2182
8246
9846
2601
5475
2728
1618
1234
6960
8054
877
2240
637
2301
4394
5157
7324
7699
7192
4054
141
872
3956
9307
1097
3342
1646
1094
2123
4018
4105
9293
7960
4870
11
4070
7695
4940
3108
3166
9516
4465
5516
3589
2070
403
2645
8842
5112
8688
2096
7471
941
5949
9323
1897
8148
848
6744
7430
3475
2747
7753
2170
8696
3958
566
5784
4123
7335
3329
1050
367
3456
1489
2494
4887
4485
747
8525
7045
1528
9552
1416
2445
8003
223
7073
7145
3489
9386
7635
6838
8362
7798
9167
6395
9338
1964
6869
5753
9420
7468
9131
1726
4616
7426
7501
7636
2598
144
17
4583
909
3339
7157
8403
9949
3554
1672
6747
8245
8041
4369
8838
4082
7044
1952
452
9189
5582
9088
9903
8240
8970
9957
2781
2877
4800
295
2321
9466
3017
7227
9761
2005
2630
2235
6658
9215
6794
4689
1455
1568
617
5189
4745
7528
392
5520
776
1677
531
9677
6880
8726
6525
8843
5839
627
3330
897
7618
3606
7977
7311
8663
546
373
9484
8686
6830
123
177
9544
678
5645
1442
577
3327
5029
7780
3547
3925
3661
6416
4447
9619
2203
7074
8808
317
2459
8478
4395
813
5748
6560
3166
6089
4172
1662
7018
6510
5063
988
2843
3819
4123
6652
3844
8540
5423
5376
623
8736
2178
8397
1650
2186
6055
7934
8542
8449
6302
818
8064
4212
9742
4387
6170
7710
1487
9284
9292
2049
6052
470
988
2674
181
6903
8373
833
4810
1223
7131
7364
532
3496
8668
4511
4694
8770
6050
1122
6448
3025
406
1614
2156
2508
5102
181
8145
8658
9239
9437
7701
3250
1982
4561
8768
8007
2231
5957
8779
2750
6209
8259
6951
5190
7921
3991
5403
7523
6106
8259
6325
7599
2687
1072
8609
4110
9855
7986
9415
3004
5247
1606
8639
7493
7365
5962
6751
2912
6096
5129
8053
2793
2885
9042
8033
8906
1077
9045
2330
8245
4250
1033
8960
9296
9328
9404
7361
6462
6160
4408
9797
3894
9383
7087
9972
5426
2742
9363
5496
8599
4835
2675
9725
4843
3356
9990
260
8536
2844
8221
4695
4603
7237
9033
7255
265
29
6089
2481
8783
6230
2109
9967
6597
3301
4956
458
5342
6437
6142
2397
8622
9412
1815
6869
9065
6090
1681
4053
4244
665
8388
3303
2378
6304
7925
8460
1053
6090
9176
1715
8279
2132
531
2440
331
2588
4497
884
6333
8229
9936
3891
9739
9302
8808
2835
8199
98
7688
2040
2450
258
4910
140
8998
351
8498
4820
3648
9788
4000
894
4952
6303
5744
1558
6078
6240
3172
2327
7331
9738
6877
942
7825
3471
2554
2155
4232
3273
6015
9857
8742
7994
8206
6157
8546
2756
916
1251
9446
6053
8242
9507
6470
3035
758
7851
8353
6469
3638
3622
2403
8538
7369
2482
5988
3618
1602
2607
9425
594
1113
9411
4853
885
2296
2123
8275
6358
3055
6348
195
9099
4516
9176
1814
6283
4634
4715
888
9855
3677
4597
4130
2150
3800
7682
216
3283
2147
949
6341
9697
5468
8195
2209
6247
6080
1452
3293
9223
1223
9492
219
3104
3769
7759
8492
8323
2065
1356
1815
2610
1644
2168
4051
4836
5198
1587
8162
6518
8849
8160
2234
2668
8107
4837
4960
2484
2011
8675
4643
6011
7791
5999
8915
9737
7142
7295
4204
8376
9853
1680
6275
2594
2936
4772
251
4264
4174
4169
3572
527
2049
4708
6082
596
921
7869
5109
4145
5741
7172
970
3655
269
1
9933
4203
4062
9465
57
1261
2243
3117
7710
7203
9156
8028
1198
5429
814
8152
9268
2466
6983
614
9041
9904
2860
735
4292
3632
3161
1748
4517
3567
4579
910
6175
4472
8790
6659
3768
7784
7479
437
6590
6250
2069
500
5775
6480
2624
7556
485
7507
7509
5785
7548
481
1798
5550
4146
8822
8419
1269
5178
2758
1543
5849
2284
3766
3329
9616
2652
7850
9692
9500
1334
1657
1198
1504
3219
7069
6714
5952
2043
118
1842
6785
8071
4654
3468
1215
4129
2999
1087
7102
8059
8657
1211
4600
248
7847
419
9844
6475
2617
8376
7896
7738
2021
4195
4549
1006
9550
1678
2609
5066
7551
1023
4818
5334
6201
1714
1222
647
6919
2546
7952
44
6611
5940
1581
3447
8273
5729
5796
9270
3017
8590
9019
478
7762
8281
7414
7235
8250
5489
5771
7526
1010
4818
9329
6780
5606
6620
1223
1046
5898
1520
513
1506
6368
9431
9404
7454
9767
9182
5699
7380
3661
641
4938
8646
2900
4451
8680
4615
7795
3911
994
8804
4563
7647
5393
6046
5370
1390
4533
8788
1045
4236
8404
8081
2317
4502
283
4687
1532
1022
7797
2807
6778
4966
6345
8775
128
5461
5485
2590
4237
9380
2969
7255
4438
40
6855
2543
4376
8732
3750
9844
9850
2922
6781
1245
5406
6838
7244
2176
3638
6886
8062
1844
7875
2962
8588
4596
3448
4692
6795
5531
6877
8780
4293
8146
6064
7571
5013
2756
309
6122
5708
9451
8222
1503
3488
1529
7750
1114
8740
1412
6520
3146
5443
7262
6845
1943
1014
4416
9521
676
2485
3667
295
7907
5834
2715
7843
580
4001
609
2197
5164
7148
4555
9302
3406
7762
7962
4586
392
6583
367
8134
3965
9047
4826
3627
3482
3468
7809
6704
8039
7936
9258
8846
8477
6876
5830
6324
6910
6174
1993
1003
1461
73
7562
7236
2923
8998
8259
6078
6947
7273
309
8003
2275
9214
7020
4722
3983
6914
3562
4423
8452
2559
4435
3126
1949
9439
8421
1751
981
7025
8497
2924
5067
4168
362
5854
1259
2257
2537
2820
958
3133
3963
7973
6112
7821
8392
8725
1338
5804
8016
5788
9052
9366
2531
5380
9289
9798
285
4065
4798
1868
829
4507
3328
3502
3185
662
9089
1941
480
387
7807
361
1987
4319
633
4359
9873
137
9359
4574
6293
657
9941
1177
254
7692
1443
7702
9539
2932
4476
5701
2129
1420
7833
7453
9266
5618
2738
6808
4731
141
8760
4175
9043
5749
82
4768
5659
2065
9106
5755
5807
9932
9154
6924
4167
7361
4689
7379
4202
9174
8708
4832
3936
4325
6459
6057
7985
5924
9569
9502
1520
5574
5807
6419
8174
9115
6382
3340
9068
8146
7174
6120
7248
3951
5752
8244
3427
4120
3989
8129
7734
2921
2745
735
2862
1223
4232
7688
9235
6674
4419
121
1840
2211
4214
6491
4776
5477
5793
7504
1894
1600
4401
537
8670
5072
7690
8052
3302
884
2164
8339
347
8578
3376
8520
3441
8809
933
2908
842
8206
2410
8911
2
2904
306
8489
5237
6711
4896
15
7214
1614
4357
338
8940
449
2397
6577
1299
938
3426
2046
3325
2054
6715
190
3691
3804
5750
5386
1692
1086
109
8387
7320
3176
3319
2514
5161
6117
8414
5101
279
5104
5912
342
639
888
5652
3966
1247
7709
5427
550
7360
7495
4289
3590
8624
599
3262
7910
3436
5093
4814
1881
2103
3719
6937
2186
3209
4851
3535
4719
2854
5675
8156
4858
8681
4616
6004
8591
4573
4626
6619
2111
5657
1707
7331
2370
9046
9819
6483
2756
1550
2294
1377
1526
2210
6586
6796
9141
1687
9781
5128
2280
3887
3619
470
1522
4736
3220
7487
1800
2371
4860
5774
349
4698
1717
3031
2584
7599
6847
9336
3639
3094
487
7162
6301
2014
9477
9427
9975
7481
9055
5692
1212
9845
8395
4010
6690
4662
9938
9644
4845
882
9264
9391
2483
729
5560
9937
3131
9983
9381
2544
948
168
8955
5342
1282
9231
1835
2708
2995
8658
3429
800
7215
6925
6744
9148
3390
8097
3749
5836
1315
8721
2434
5172
9110
6601
7034
4356
6352
716
9537
33
7743
200
9189
8224
2490
5208
7281
9506
5534
9654
1787
6439
7238
2106
1517
7168
8937
4708
4881
3461
9853
9394
4261
5008
2746
7038
3662
3220
5178
4056
8648
6717
3628
1803
4155
4325
4695
8734
6906
9184
2012
377
9717
1029
4852
6770
607
3322
6872
1651
5178
8811
8864
6378
7725
4038
5331
1565
7815
9702
557
5831
3886
9641
2911
1108
1696
8304
2127
1541
7147
6900
6208
1056
4984
7455
2349
8471
4833
1438
3151
5939
1763
2881
9614
8092
5823
3819
2612
440
1867
1773
6253
8671
7462
3210
8875
9207
3784
8166
3078
6384
2983
3456
6992
6541
2406
3417
182
7853
8632
9887
4898
3414
7330
75
8621
6366
271
8851
4787
5429
141
7037
7567
9890
4132
2354
9637
8184
3431
8970
926
4932
3011
2953
4606
8118
3748
6389
3937
9258
2407
6275
1524
6290
3722
5966
3841
9265
2864
3571
6722
5463
6785
4155
2022
9140
9517
614
8225
9195
4865
2048
5549
6469
9026
6403
5007
6654
1735
3257
2437
9168
8627
2796
3819
4585
8623
3485
8380
8364
7798
7165
4438
4434
8554
7962
1142
9658
1061
3449
9778
4548
8538
8029
8438
4646
57
3266
3814
1369
1649
9017
3235
1059
3231
4656
6473
6945
9877
2636
5316
4961
5703
8982
5762
5642
6222
927
1620
6568
1823
2945
6622
7368
2102
5236
9838
6812
2795
2474
7369
7243
8007
2984
7489
3624
3488
3745
211
77
1280
8640
3548
6149
4036
5281
5356
8371
3728
3965
3794
7842
1376
6673
9383
8777
7289
3786
8903
5850
4717
1375
3530
8984
702
3130
9522
4323
218
2804
6540
146
4116
4668
3944
1595
2035
2116
2150
9361
6772
2649
1414
5019
8587
781
3410
9149
743
7890
5752
9318
1715
6052
4862
8101
6088
6980
218
1032
1056
8237
3994
6434
5573
2757
6525
1240
9192
9554
213
8169
3742
5350
8708
6584
693
6296
2179
4983
3588
2784
3826
7314
4768
4975
4393
308
379
2521
4301
778
2678
5424
5919
9795
2087
4030
638
6288
6518
6494
2972
2014
8786
3384
5086
7580
2369
2360
9517
3499
4948
4457
1450
5890
5720
5907
8351
7675
5273
2845
496
8334
3937
7153
2592
4183
7679
3452
2527
8406
4994
1422
8977
6276
7220
7428
9866
4461
8388
8207
5174
8398
3259
1296
2757
5547
8448
8723
4995
4877
2120
3637
982
135
3493
3604
8528
6628
5455
2002
5893
2351
8560
5636
198
2719
7672
1469
5564
4412
1681
1954
5680
4962
2477
426
6038
7969
1836
7972
7722
7486
7498
7093
5619
4410
5653
1932
2229
7581
1276
4324
8083
1135
5234
5942
7280
9715
3730
1271
8502
7216
7821
1909
7616
7405
8783
8538
2290
4328
5439
5931
7096
8707
5573
6800
4524
6635
6118
3631
3009
2407
3418
1095
93
5689
79
8054
6387
2900
2454
7543
1518
7931
6667
9148
9690
1905
4883
6596
363
2515
9662
7978
673
5694
5387
4586
1764
8494
9579
671
9321
7844
5341
2270
1383
7075
1689
4057
7587
6887
4152
913
7751
8466
7600
4379
5585
9060
6702
6333
1367
1607
6860
1302
9049
9605
5874
4679
8351
2982
7224
6722
9569
2313
2442
3293
9318
5758
1476
9507
8483
3886
3485
9848
1941
2680
1232
1734
8202
4857
6724
488
8730
6071
5070
3219
5235
7930
4045
4300
9057
440
5155
9722
4541
2011
1219
297
8956
3569
9189
7544
5737
7855
9255
6736
8221
1314
9982
6593
2905
3765
7834
506
2102
9912
6311
3637
6484
5283
5359
1693
2175
3303
9181
604
2208
9213
2301
150
3824
3661
4864
7932
9943
957
7291
7725
6354
1396
2430
7759
9458
2106
7586
9606
6929
686
8460
783
2272
4451
1870
8700
9452
7320
3117
9725
5087
5299
3181
1254
1491
3977
664
3106
7585
8380
6477
7204
4472
3586
2069
4614
2025
9086
6498
3313
3262
1437
4400
7559
2027
2383
3485
8896
5325
9727
6277
4719
2798
4225
341
6496
2971
7767
4561
6576
9053
4529
3410
7801
3907
351
7943
7545
4209
6211
412
7374
4834
6280
8392
8320
5240
9145
528
1322
916
1871
3529
9030
5169
8955
6379
1525
5035
1388
3088
8200
2781
270
8444
8671
7816
1264
4279
3483
9455
8959
3366
8417
8319
7556
9719
2637
8748
4518
5899
3312
5447
5406
7262
4440
4316
1862
3937
5067
8231
3628
5801
7232
7350
617
9296
6602
1770
888
9178
4721
8375
6837
7106
1055
9083
148
2610
4084
7211
2155
7586
5270
1593
4557
135
2504
4562
3620
4637
9286
2292
7706
7999
9658
6876
6292
2515
2574
5565
2844
6067
8239
6717
1097
5702
5147
9945
7501
733
3287
5353
3131
6184
1006
6367
211
1513
6346
1208
8779
1985
8392
3589
1291
2455
8716
3539
3845
6151
8560
8758
4704
9623
8314
388
9088
5988
1273
4670
5619
9851
1419
6106
4362
1011
2623
7707
5602
2920
3121
914
4414
7523
4616
4702
3651
6564
9576
1518
9647
4770
5188
4712
7
6217
3284
9362
1660
2034
3534
4349
649
7632
9716
513
1004
7574
6474
2259
46
7991
611
8100
5329
9189
1591
3075
821
9451
1923
899
8791
3894
3165
5543
38
9774
9249
6617
1811
2866
8925
9450
2564
1745
502
835
8181
3637
2869
8602
9821
7930
8002
2961
8824
5501
4987
9209
5206
3679
7521
2852
6111
5849
6639
2999
7441
3097
1575
9742
4488
5034
3915
297
7016
7810
5061
7172
1290
8404
244
3685
8017
9574
803
5630
4248
3022
9736
5699
3193
4085
5670
9381
1164
4221
8431
4701
8651
959
2377
3108
6815
9373
3947
3087
584
1046
1125
120
2925
9480
8730
1879
5070
8015
1835
8176
5507
7755
3552
9461
3556
8512
8245
3532
1683
2296
1664
1724
8985
6771
2171
6097
1244
8958
2978
7167
7722
5073
6394
466
6500
2003
8203
884
7450
1960
5404
40
1327
8890
9770
9396
2105
9317
4388
3083
983
1996
7990
9912
5727
3850
3040
2967
4531
8563
5811
557
3103
4409
8023
4104
1074
26
3708
2144
9719
7174
2971
6861
7519
4702
1047
9811
652
424
9366
1192
1148
5983
3030
1334
1984
4727
9486
7019
8824
1647
594
1197
14
8703
9090
2092
7467
8433
1968
688
8409
5356
4828
4481
6871
6219
1453
5894
6818
8796
9438
2277
166
9188
9219
3368
1377
5999
9975
2625
4928
614
2228
212
6969
5146
893
3235
9107
5084
7851
2439
5622
5823
3138
5401
7531
1285
4016
1985
7327
4981
7250
4038
250
9982
3298
1460
7958
8518
6176
5196
3086
140
7692
8069
2260
7195
8718
2752
6047
9039
1922
7993
7136
4258
8419
7721
9007
1791
1107
4729
2967
88
5924
7297
1994
3491
6614
5854
8722
7583
61
5505
9590
3764
2414
6404
8373
1481
9783
8873
4657
895
776
6699
3899
2506
6306
2053
4776
4015
2186
9969
3389
4409
9225
1144
5132
8998
9123
9288
2426
7663
2467
2757
3612
2612
7615
982
1742
7381
2765
6464
8607
5422
2930
4496
5324
6378
6946
9041
2504
360
8026
8989
4517
2475
8533
4160
7826
5979
798
2328
4513
6169
339
2009
9044
2783
2211
8430
2387
1126
5988
1290
2812
2801
6547
4764
3255
8151
2921
9312
1013
1502
3110
3089
2149
7187
2236
7165
2690
6934
4843
2354
8349
8113
1796
4948
4674
7705
9469
2352
8761
4462
6112
4010
2316
3917
5552
1987
5856
8836
1417
1463
8370
9813
50
210
6399
8356
6530
1219
5679
3306
6556
3832
7152
6172
2697
4057
1131
3622
929
8625
8948
1361
2917
3046
1443
1540
284
3018
2170
4198
599
5178
5779
6961
9475
8131
6808
3154
2283
9861
6430
3741
4952
9552
8590
8926
5494
139
3585
986
8595
67
3432
4836
9991
7184
2342
1931
6411
212
4842
4321
2807
4956
5436
7254
1804
6889
4643
8275
5067
2952
529
4482
7184
1245
76
8154
5950
543
7450
9929
56
5836
3272
1786
4218
7869
9335
5031
3106
5813
8100
5032
190
51
6882
8808
5570
598
5045
9400
4902
2992
1342
5757
8570
6707
9422
661
9431
3433
9017
5159
6212
64
9849
3368
7521
4065
1724
9658
2996
6449
2827
3695
9053
7713
9079
8699
7496
7552
8130
8744
7407
7505
2007
3954
6233
5367
2552
1858
6003
2764
9906
5065
4762
1697
3663
1634
4706
5856
6039
4602
5973
6045
5140
3339
8283
763
5585
3107
7363
4187
6285
3540
76
3902
6994
8837
2930
3052
4813
3878
6872
3901
2938
9297
3598
8053
1997
3451
4495
6029
6750
1881
3018
3436
6770
2096
1195
5765
9091
6981
4630
7449
1372
8147
2655
3245
178
3850
9096
2502
9346
4628
6920
8049
2627
4084
3476
6863
1048
8936
8429
3229
9125
6845
6455
2994
5994
3553
7809
114
4465
8691
6197
6448
4464
9671
893
7296
5180
5109
5888
7673
9866
7601
472
8266
4403
8982
1665
3924
4211
1628
1201
6612
542
6920
2110
4420
1312
7954
5840
6087
2111
9618
5925
2499
4560
36
6154
828
466
6187
5629
7306
6986
865
2092
1596
3036
2043
2041
1814
9428
6011
8717
3958
8558
720
4389
3781
4040
8905
1422
8264
6177
6022
1641
9270
4414
1583
283
2756
1177
7934
6771
1468
2470
7751
728
893
3316
5608
8863
1643
3500
4891
3270
7639
1066
1208
5824
3721
5285
3623
6653
745
3084
2196
1205
2398
8990
7211
802
4286
4902
5043
2743
8308
3506
6727
2544
991
1950
1455
7943
326
2770
6813
5360
4042
2133
6643
3186
6676
5484
2227
3107
3150
5842
494
8766
3662
5510
3245
6899
5884
5932
4942
7068
9060
3025
4726
7912
9175
2399
4693
7030
8188
888
6184
5327
9908
6546
55
7263
5499
3856
1630
530
9114
9513
761
9256
2746
8936
2249
3860
4915
6175
7891
9671
2578
7336
8712
8979
2569
3769
4303
4399
9392
7283
6941
7303
6713
5320
1895
4604
3441
422
3887
559
2755
8932
4874
3765
8278
3528
6674
1928
3047
2787
359
8507
4337
8858
2720
7751
3592
8178
6063
2070
9862
6502
819
6363
6557
840
3111
8332
5195
1458
6311
5502
203
5687
3379
3420
1735
3484
8940
2803
2427
2460
540
6028
1318
3468
7474
3798
1402
4748
5786
64
5458
4598
9164
4481
4083
1223
1403
8228
1755
8583
9821
2259
1942
6423
6314
3054
6160
5173
1405
5848
1637
4191
2567
6511
7843
8482
3715
3430
5857
6669
3989
5280
8457
1799
1100
6971
2864
1482
598
5415
6471
1162
1763
8610
8458
518
1649
7985
1397
1994
5462
301
4183
590
4749
9847
4462
527
6343
9433
8546
6776
8162
2235
4286
6813
9848
6799
2280
4963
2270
777
3026
2335
4125
3566
5609
8970
2382
2473
6843
9053
541
9764
2054
4847
16
5513
8731
7832
4033
5796
8913
7953
9191
308
4805
9179
6323
2079
6031
536
9654
3391
9073
5785
4480
7517
2504
885
3139
1960
3413
1411
2230
1890
6405
6357
9589
9224
1740
1457
7910
3131
4737
2061
7255
2848
2659
5142
8066
5088
4921
3692
7330
6460
7462
7774
8784
9138
6395
1181
9894
9157
7623
2976
1236
3995
6138
4708
8849
2472
2087
3645
6505
3538
551
3678
8101
8194
8650
6977
5577
5414
329
4467
3334
437
2055
2735
8544
208
2774
8597
4729
9985
1237
839
6892
6435
2535
8560
4534
2174
9103
8769
8015
3469
7575
2378
9879
1742
1008
9489
7499
8261
4660
1858
550
7293
6535
6851
2676
2733
7900
4914
6418
2562
8436
3917
2433
1230
5569
7598
2394
5773
6361
5985
9787
4272
8885
756
1151
2505
4025
6314
7804
417
4238
7755
1478
2921
7115
7884
2785
7483
7475
22
4164
636
439
8790
4824
4672
732
1136
7103
4698
1607
1648
3218
3311
3397
7343
3123
4486
8711
1631
3713
1502
2955
1156
5114
6091
5286
7582
427
511
5981
775
9986
4513
354
8085
9061
7885
4827
4268
8859
6920
9807
5331
4119
1134
7786
6098
5750
1609
9056
2501
1838
2880
6478
6351
8838
8378
4588
6703
8741
8125
2990
2167
6978
4696
7242
4175
6074
7849
8644
8085
6017
571
8020
1134
6607
1792
7226
1838
9948
2871
8536
7552
1542
8074
1677
6802
5246
5911
1073
705
8644
9017
7436
9596
7015
4754
5938
951
7950
7191
6825
7311
756
4904
8795
3284
702
4747
2294
3080
9096
5636
5873
1827
8286
4626
378
2176
8583
5880
4954
7256
5051
4983
729
2377
7173
6101
2446
5378
8499
2685
9087
2958
666
2179
4583
2698
3447
865
5525
1637
2992
8210
1057
1507
4185
2858
105
3774
7875
7569
7834
761
238
2187
4075
6706
5599
6469
6850
6308
6557
9677
8634
6982
774
3374
2428
3236
94
8935
7770
6216
2039
8807
2363
5732
444
3384
912
1230
1431
7189
2069
6808
8179
4793
9347
700
6907
6629
9091
1185
6529
6301
5693
76
555
8479
9678
1493
5160
7345
4328
3476
5649
7303
4579
2889
4170
9630
8369
9494
9927
4552
7472
5529
7900
3732
7688
5225
8908
2713
4148
2716
707
4431
2589
6994
8559
6826
6322
2898
2601
6275
3476
4976
7362
1749
126
3063
5304
4641
8066
728
2744
8943
6494
6639
7693
9602
7069
1407
9814
422
8201
6266
9782
8536
7710
5838
8485
3074
7531
271
5044
7633
8402
6157
398
2965
2191
354
8873
4661
3557
4602
9116
6013
8643
8927
8475
8805
5941
272
3949
4703
5959
1678
4191
1404
8308
9459
2881
7707
9053
8687
254
5631
1670
5696
1817
4828
1706
4189
7234
7934
3934
5391
9832
1990
1491
5885
2457
3010
8437
1778
7109
1448
33
4877
1
6815
8419
5413
1815
5882
1997
8343
7594
6049
2963
6078
1703
5469
5395
8621
2359
3936
4035
171
7521
2559
5507
380
972
1854
8353
8680
9490
70
8651
6731
6576
4501
1150
6152
6587
9026
461
1835
780
1419
7598
2633
828
1341
5903
3318
5275
5935
6966
8291
2761
1756
886
8177
3143
715
4812
9911
24
7148
7177
1691
8786
9346
1627
3169
5585
1143
9379
4030
7930
3264
1019
167
6172
5839
2993
4427
3666
5871
1036
6649
7029
7423
6448
1439
8175
3630
4828
1377
5707
3791
5392
2626
40
1113
7819
6098
5180
3278
2627
6357
7893
1078
414
6283
5867
8087
1293
9841
2289
8915
3593
9779
9706
5743
9589
9196
4840
5739
243
7212
8559
4882
2099
9204
4473
8288
1093
5649
9250
923
8511
1795
244
3759
7851
2297
4573
7226
4648
9739
9532
6705
209
1140
8266
7725
4650
2378
7413
2758
6166
7626
8520
1098
3734
7061
5350
2569
9356
4193
2662
5936
4589
6173
1544
8865
405
2614
3814
8619
3365
9775
5030
5659
8887
4752
6059
3023
9634
5005
5035
9987
2841
7089
1275
2938
9357
392
6278
1946
2499
8422
2573
9524
9985
167
6216
9598
5585
5332
8282
4623
9832
8590
6259
4103
3264
2635
9744
1112
8641
4282
349
5509
6303
5588
8362
9286
2349
6273
523
2661
447
6964
4633
6200
7853
6661
9094
2443
6323
9561
7918
7401
6213
1631
4168
4343
5424
9753
7020
6269
7116
613
5215
6706
2478
4679
4922
8803
8617
3350
9353
6111
4564
1824
4175
578
5351
9754
9878
7948
4095
5719
1364
765
4977
3876
9801
9904
6763
8414
7669
7905
4694
177
1926
12
6408
2975
2559
6916
3141
2249
8629
8156
6006
4780
6899
3253
8338
3595
5629
9445
6200
7140
1681
5824
2447
6034
9833
8790
5765
4767
3933
5769
8163
9188
2566
7513
3985
5598
1470
2813
6806
3070
9810
5376
6616
3150
73
9638
6290
6635
5150
7626
6452
2771
5193
5782
8835
1548
9453
9069
5585
8399
3274
9560
5543
1647
8338
7851
5295
7546
8761
2979
1567
955
1925
8207
5007
377
9461
6952
8300
2879
9662
3999
149
6713
2593
9953
3058
7064
1576
4009
6788
5794
6943
4226
1351
7849
7039
8439
325
9254
7797
138
2132
3314
8898
893
5999
2465
2300
7680
9283
8555
5233
9255
3407
616
4123
5047
511
999
6927
8846
9890
7836
1744
1692
8262
20
7792
8337
3590
534
9143
6980
9754
551
4188
3038
6188
8298
3296
9553
5515
7666
1626
1464
3944
2918
4189
6604
8206
6400
4917
6975
3055
1169
4912
1657
89
6949
6634
7021
3015
7662
6305
2600
2531
5744
9847
677
170
3912
198
4575
3896
7433
1022
1876
6210
2821
3817
4179
9347
7429
111
482
4062
2661
9477
9902
3858
223
6657
8287
427
1666
1065
9927
7701
6863
5721
9768
7356
7135
3458
2815
7023
4500
4096
8673
8115
2875
7956
1968
7971
139
4896
3865
3908
9613
4498
8366
4967
3095
8999
6523
4424
8695
7377
4247
1508
792
9283
3785
3223
6052
5337
9828
4691
2791
8676
3985
1964
5355
4147
2360
2081
2293
1261
1034
9141
8476
379
5437
6971
2849
8403
6229
3088
3471
2159
2588
3634
6112
4811
1038
8319
5258
397
9667
8376
6725
2112
8601
7940
1833
5336
4926
497
1112
6202
3735
421
8373
3652
1664
5267
7552
7719
6609
24
3072
4517
536
9349
9563
3189
9737
760
6757
980
9759
2275
6082
4453
8317
3678
8442
5705
3750
8199
8312
698
5141
760
5022
353
3786
945
1721
9815
7650
3764
7309
7401
7362
672
2221
5508
3599
9317
5817
1232
4076
23
7044
6170
2433
1661
3248
1577
5733
9976
7529
2321
9336
8913
2155
3462
7968
2187
2848
3848
334
7912
4970
1341
187
2552
7465
3789
1684
9051
9018
711
5471
9736
5949
3152
9305
2038
3105
875
8046
7031
2686
1412
5012
3525
9694
823
8517
5700
2248
8926
1975
8184
3019
6023
9305
2655
2308
5363
7820
1182
652
6539
9948
5674
9105
3422
6057
6765
1664
3077
7510
4729
8875
6423
6141
2424
3084
2536
6749
9473
1238
2140
2994
3831
8004
5834
2544
8747
8754
9099
7787
6322
9556
5138
8213
8226
5318
8421
1445
3638
1328
3114
3712
9520
1222
9997
3079
2542
4778
3293
4397
4629
8110
3991
5987
5146
7722
9465
9826
8992
1222
5977
8101
7483
2533
9806
3760
4163
3646
7900
7600
20
6504
365
5809
3490
1921
7867
2406
7818
8763
7018
8105
9412
5843
4530
7295
2517
5904
1866
6790
8768
7525
2576
9725
7388
914
5045
2817
5217
2941
4789
4928
9980
1593
8900
3068
7138
8784
6724
158
7729
4547
3747
355
9698
2378
545
1688
5211
938
3760
8589
1361
5218
8916
5145
4618
2769
1449
1643
2337
7433
1780
9399
1122
4888
4562
7333
6133
3849
1260
1778
1911
6758
5036
5825
2452
5399
5354
1314
3602
9372
2575
1949
7046
9490
1786
6844
8521
1894
3568
3938
9205
3268
734
3131
4826
7210
1547
4641
3598
5246
1945
1816
6352
7976
5386
9831
4765
6845
8558
1539
6524
1562
1066
6330
2276
5609
789
3609
2141
7043
8333
5594
6035
9346
135
1822
5367
8194
7586
4163
8129
9139
2908
2354
272
829
3007
1256
5969
3697
1252
910
1134
4936
1815
5223
7389
203
698
133
8506
6061
3876
5913
9791
745
9842
6421
2319
9219
9565
2784
3826
4110
9756
9173
7274
5898
2144
7448
5205
3207
9421
8151
731
1162
5769
3048
4423
619
1933
2548
6563
4841
9608
5216
6571
1147
3075
1652
6420
3044
1391
5115
8630
5473
8171
4885
707
9954
9201
76
300
7922
3616
5857
8601
933
3956
7458
9669
542
1121
7259
9789
1178
7759
9877
5021
5980
7455
7823
6971
1014
1356
5496
7503
7584
8109
4391
8959
1768
5015
2007
5754
4215
9519
7698
762
4540
6892
5480
4700
3559
6011
4892
668
3460
8876
5627
1769
9969
6922
1386
7159
5102
1752
2732
7572
5137
6903
9069
242
962
8228
7037
1091
8026
3966
5020
6627
7235
7157
2366
1071
2171
5054
5660
4195
8715
547
4503
6129
5518
3655
5945
9150
3057
7159
5866
5270
3382
9708
587
9200
7124
5629
5923
9260
9390
3634
8724
5736
7678
2371
5225
9970
158
3230
4302
7384
6563
88
5612
8731
5383
6283
1200
5218
6481
3917
5526
1931
6403
5345
4391
1244
4800
71
3628
808
3368
9166
3374
8877
353
7690
1116
4601
5795
8769
1160
365
1457
6927
5887
1162
7119
5385
6930
3240
276
1102
3477
6790
4317
3002
7268
7643
3227
9812
3693
9051
7051
6567
94
4213
1889
3294
8044
1977
4912
824
7293
3623
6359
8828
4659
4946
1003
1638
8309
3764
4061
3630
443
187
2168
2570
3782
9409
4634
2746
6521
8313
7436
5793
9944
2517
4048
7747
8780
8517
2902
6986
1136
7642
2011
6867
2812
2488
5006
1253
7451
6713
7664
4033
2267
3375
5992
5845
7600
3698
2816
9339
1269
2215
1855
1199
672
8225
4404
9053
3809
1281
2940
3624
151
5977
9392
3560
8335
5583
4318
2299
2522
2509
7778
1900
4217
4868
4096
8656
9927
8065
2993
5869
7876
6792
8200
3653
4762
8653
6256
1585
1694
306
6788
7017
7652
2633
5066
7727
8463
8603
8732
1835
5780
114
9493
97
2810
7873
101
4671
3776
4531
6401
962
1882
7440
538
984
9098
6460
4472
4353
327
9402
5458
5423
9229
6383
5133
8860
8096
9120
1887
9466
3774
1261
9007
7845
8481
6135
3083
2965
5213
2444
8996
8784
7500
5156
58
2796
5923
4612
5168
6098
2081
639
3420
6526
4212
1276
5837
2003
1159
5219
6601
9003
3772
2545
3090
5036
9298
876
2997
6327
5171
3856
7599
7289
9005
4711
9387
6196
7179
5655
8476
6184
3359
2821
9812
5835
4158
5047
9007
248
9304
3767
4639
1011
4098
8164
8788
7051
4834
2499
9688
8728
806
402
4612
2307
3090
5901
8722
5205
9316
5258
4337
552
6293
1886
6046
9497
2607
866
1446
5855
6949
1729
948
8054
8004
5240
9880
6356
4
6080
5287
9068
8362
2696
313
5745
350
5786
7219
946
5955
64
1377
4420
9432
592
9472
5373
3739
2531
101
60
8389
323
8542
1767
2390
2370
5331
4476
5421
5288
9255
4905
8419
5812
4529
5031
7861
3875
4178
5520
1965
7103
3282
3569
5852
4830
2476
9467
6902
9356
4834
6788
1225
7635
9742
9802
875
9814
7335
2632
7840
1965
2348
8929
1573
6347
480
4920
9948
9371
210
4898
9972
9273
2839
1556
5923
4637
9542
7782
851
7201
2368
7881
9047
7716
779
7428
8201
2216
4058
3690
7937
373
5930
8952
276
5568
6122
538
854
3127
3608
9965
1821
3331
8068
2799
5620
9008
6916
19
4808
2856
2436
4944
8675
1787
5447
9001
4386
11
5486
7255
4533
2628
2916
2531
5571
5081
484
3600
3032
8009
2103
5764
700
2193
4142
8775
9344
2827
1288
1397
167
8195
3216
9054
287
4986
4951
3964
5628
5252
2345
4308
4383
684
7710
7797
9992
3048
208
942
853
9383
1716
7948
8341
550
3735
8321
6669
9362
2726
3488
8086
407
8154
8021
2130
1575
3038
2850
4953
2599
702
1331
8420
3043
1422
2579
4533
4818
7316
9752
7233
484
4515
1897
8987
2104
6005
5631
5359
9337
3108
4249
423
9288
7477
6938
797
3110
4609
1454
686
3656
6929
346
7079
1645
8774
6080
8015
2347
9187
7810
1217
8725
4535
6462
4100
1993
2106
6839
5464
2997
8788
9636
1152
9658
6500
6274
6102
2105
6100
8533
5359
1066
8487
4779
3149
1724
299
1553
6059
6006
4225
5968
8344
540
725
3903
3827
4366
7452
8876
9839
1322
6890
900
4771
5441
526
4191
8817
9750
1098
9914
7968
8787
3986
2188
2761
5510
816
714
2443
7209
562
5638
7515
9055
1569
8097
1787
7978
638
9617
8421
362
7723
8878
3301
8864
6516
3719
5697
4512
1256
4370
2213
7397
4616
2816
9183
6046
8602
9022
4676
1526
6106
6632
637
7457
8750
824
3105
5043
869
7612
4352
6491
6219
2070
2170
5788
4075
4956
1978
3852
6210
7664
6194
5717
3899
410
7716
7688
3549
8241
874
4386
8669
7306
530
7079
8721
8087
2106
2699
8403
9440
3860
3824
446
2782
6438
2633
7672
4964
8320
9660
1499
7417
6203
7462
6113
6176
1499
8489
2492
6217
4624
3745
2160
6944
3503
244
7902
8162
9608
439
797
9360
7156
797
5495
9645
3212
9306
6525
3505
1705
6678
1848
8032
2099
2318
8574
5925
1944
6548
2460
1223
2108
6150
7318
4910
6535
9708
6728
2383
9888
2859
4872
2130
9332
4326
3499
6421
7234
1157
1968
3769
7126
9230
5149
9146
9488
2047
9620
9420
3856
2845
3921
7057
6129
9782
1219
1096
895
35
8148
2239
6294
7546
2711
1625
8744
5952
3613
842
3339
4092
2468
1775
5821
9174
861
4138
644
5614
728
8331
583
7913
2894
123
3474
9125
2395
4210
7658
6510
4150
9224
7470
4522
6910
3577
7157
846
835
9745
2218
7780
4365
7926
7249
3940
9245
4869
7781
4879
7839
3797
6559
4170
5640
6312
5413
3911
3522
1232
8845
1520
5793
2750
4124
2701
2689
7893
7375
5285
9374
3277
8597
5792
272
9012
2887
8475
2177
127
9653
6341
4924
7886
7183
6694
9635
2461
7996
2272
3629
2822
6682
5645
3978
1748
8979
7096
196
8483
7225
1576
5685
5411
6222
3702
1295
8828
2018
5519
8444
1243
2265
5477
8786
202
6072
5873
6178
7853
5500
5587
9630
2857
376
810
1013
5295
2809
5614
5308
4678
9143
7674
7930
5415
1626
6008
2464
6546
278
2501
5219
477
4677
6179
3143
2973
3312
8621
7402
4637
2602
245
9963
1899
8296
4490
7509
2322
4593
7541
8988
8274
7998
9794
2402
7388
6589
6427
7382
873
7368
400
4826
2923
4445
7251
8655
219
2842
3248
5855
176
8056
1914
4967
8449
2144
9633
6303
9410
6814
3503
6903
3931
8977
6993
9904
759
1131
7955
6085
8311
1292
4644
5108
5766
1813
6841
1292
5656
11
5581
372
6555
9819
9558
6662
4256
9364
1987
6422
1443
293
2529
3011
2613
6548
6877
5561
8843
744
9940
6721
4623
8932
9862
7670
6484
2593
5688
2884
1720
6390
633
2638
1890
7895
4669
1500
5514
1991
3141
1248
2920
3339
7887
5283
7316
1596
7865
2241
4717
2264
337
4894
2981
454
8424
4307
2041
2501
1014
2953
5567
3808
935
5441
6216
5103
4706
8045
1652
4701
9210
5775
9429
4898
3533
812
76
2332
3513
7276
7984
6687
4975
5072
9917
4630
3792
4144
1608
1124
7461
8961
2673
3068
3115
5392
9057
169
5530
4926
2019
9291
4166
5495
3551
9327
5006
6704
9505
8921
4226
4685
1432
3457
3890
6956
6187
6103
3058
593
7462
52
5033
5951
9986
814
6681
9920
2514
1304
1561
2769
8265
7412
4477
9661
6202
3398
807
3061
2311
9046
8311
3528
475
1569
7374
2021
6259
8173
6176
9146
5878
2519
5848
9319
9510
267
1861
8852
1567
4943
8578
2764
4508
4333
8260
6293
4297
8443
9980
4573
8866
4616
3260
9747
3419
8629
5319
2318
7305
3869
4400
4990
5261
8034
708
8749
2257
9158
596
2034
3419
8628
8027
146
2494
953
2094
6035
3856
4865
6657
6782
3831
1986
8950
4256
8988
4831
9232
1342
4113
2538
2566
6866
2382
4874
8018
5142
1815
596
5769
5996
9594
9849
7350
9719
3477
5900
5183
5994
7668
9902
7161
2843
8936
4264
1192
1828
3859
1252
7422
3366
5263
7433
8820
7097
4094
4977
8054
6133
7340
4904
5225
5030
1537
1875
3848
8192
2388
8587
8348
5135
5561
6805
2186
6840
6234
2671
8022
2450
8259
2248
965
2283
7111
4349
96
5160
1745
9292
2276
4605
5221
6023
7798
245
1796
7302
917
303
3310
5177
8600
8709
6530
9161
8822
3834
9041
794
3636
895
9825
9328
3912
6082
3501
1130
429
6611
5530
2815
4352
2020
4756
1715
3190
8557
470
5878
3088
1770
8201
3626
6663
8833
5364
6640
6850
9283
9697
7085
4247
3231
113
2782
8749
1757
5173
3765
3135
9886
1549
8318
813
2157
1566
6579
7501
2370
6300
8167
2767
6963
424
7043
3853
7751
7474
3980
161
4265
6783
6477
9569
5189
1941
326
4198
5874
1252
7937
6779
6828
4335
8828
9648
7789
9608
488
4365
1895
8553
7261
6580
8816
8830
4360
831
9947
4449
3298
2569
7359
5501
6718
5545
5718
8580
8910
8408
9204
2188
3395
5124
2850
7492
8799
7837
6822
9972
4568
7292
6401
8018
6204
4244
6292
6785
3916
2192
8704
8884
2342
6044
6793
4945
7475
8912
7670
6592
7993
9895
3367
322
3902
6158
2579
623
7674
5751
7853
999
1655
6653
9859
7034
8056
1762
9363
8900
2467
8341
4346
9936
5116
6863
9387
1101
1328
3020
7576
2158
715
9270
4255
10
5414
2397
1620
6388
4848
7796
5063
2470
1448
5989
2818
5926
2612
3364
2626
827
2513
2256
8687
4376
1288
9718
6921
3094
5769
8320
9601
2001
9111
9675
9345
905
2544
7686
7321
2776
4327
4502
759
6643
3935
390
9618
5642
6582
6012
4531
5129
8827
2727
1153
1201
6894
8788
3896
2593
2627
1264
5060
8861
8163
8936
1664
7969
6895
7852
3893
95
7121
2626
913
3252
1969
1366
7238
7737
6896
8191
7020
2788
6821
6941
5717
799
306
1375
2714
6320
1074
5185
8823
3208
8481
4898
8719
6536
5576
1507
6541
1420
3347
2235
4697
7691
9409
9192
1252
1639
8295
8305
9136
8079
8354
1431
318
9556
4087
3897
9317
5385
9000
4166
6684
6787
534
8012
8900
5040
5102
2944
7237
3988
5713
6263
7012
7886
1123
5521
4477
5353
8640
309
8083
5566
4790
8599
2625
3495
4691
455
4476
5007
1756
4307
2455
6197
3862
7100
946
2670
69
8822
6672
2410
9055
7992
7716
4223
5852
7940
7208
4514
8493
721
745
8453
5733
9971
4642
6394
9928
8348
3
8357
5471
4332
9549
1807
7829
4948
5613
4823
6402
473
1635
8115
1265
4659
7503
9924
9167
3845
3655
5831
7491
2727
1830
120
7717
3134
2708
3426
6172
622
750
4449
4103
9126
5106
2120
3719
41
3930
2525
8296
4717
6674
3442
3915
5340
1415
4608
8225
5448
4687
4156
5926
3692
463
9723
3975
8925
940
1986
1441
5695
7745
3653
248
3428
5786
3601
9312
703
7643
6838
5276
6519
6593
2908
4273
6711
9010
3702
389
4914
5843
9604
9466
9635
6230
8146
5121
3379
5470
7902
6332
6596
1713
3751
7781
2106
1640
7713
2100
9018
7206
2885
1185
154
8771
4404
5126
6871
2980
1052
7296
8870
8808
4532
2738
9458
4625
849
6438
8036
3069
9915
9201
9169
9617
3610
6514
6125
4353
2474
2151
9053
4654
7789
4107
5994
2668
8639
3424
561
9951
2773
9957
6696
7346
4207
8756
8027
4643
7421
2299
8660
8686
7645
8116
6361
2404
8210
1379
3200
9912
3104
9148
8381
8615
7300
8223
8380
4561
1217
2945
8793
696
8901
1192
2652
340
2874
3554
9011
6592
7080
8147
8664
2085
6887
8009
1234
7664
482
797
9559
5651
2616
9081
4030
8677
8333
5776
3698
4054
7421
6735
6355
9684
880
862
8263
7411
7032
8562
8334
8540
7239
6082
3651
4085
6638
132
4414
7945
7200
1588
3814
1715
534
1456
788
124
9131
5443
4146
1231
6119
1804
3603
9574
1305
8554
5708
2579
6942
3590
1024
9324
9902
6941
1609
4739
3445
3881
8514
5873
7087
235
8162
7855
4397
1575
7458
2625
1700
7163
7104
175
3540
1709
5308
1409
9510
8945
2415
7799
1695
5668
572
1010
6529
5159
5167
7587
1953
5515
6738
2237
3923
7862
6286
41
4801
5216
190
1863
8331
2557
190
3131
9816
8694
5555
1515
6698
8262
4901
7252
3328
5918
2503
4404
5205
7429
4904
8296
9253
5600
1409
8034
2816
7226
5886
9702
391
5680
8218
5249
5812
6268
5586
1847
1878
7355
6988
2328
9753
1661
8273
4206
2740
5801
1397
2117
8284
7658
6488
2343
3542
1578
5748
4067
522
586
2374
5497
3811
8523
4794
4229
1842
1948
32
7926
8051
5168
6107
6282
8935
8059
4983
5928
9248
5049
6714
8329
4923
5851
1699
6131
2936
9887
8143
996
693
1354
4619
2295
312
4309
4308
1478
1019
9298
8682
8349
9122
8057
6563
8231
4376
8579
4780
2119
8295
1794
3833
6116
1383
8699
9630
5266
6829
5089
1686
4921
6005
5807
1728
5396
8139
9874
2698
1993
3970
1153
870
1888
9223
250
7561
4433
4704
5162
9314
446
9022
6024
3896
1466
2562
2206
9884
9909
1884
309
3373
6246
4270
3980
5530
3716
3455
7606
2178
7312
9579
7853
3495
7170
5896
8230
3905
4670
7043
7379
9711
1011
2009
6302
9801
3104
3202
9801
545
1891
679
1983
1271
2320
484
1574
5035
4698
9753
9588
6670
9985
5898
971
3617
3272
2790
8851
9391
7409
8325
6706
1623
3448
1339
1578
7361
6169
3017
2351
849
7950
6626
1443
3241
5929
155
7392
249
9002
6396
3410
8722
2926
5091
4190
9369
4789
6024
8963
9015
9726
7034
7116
4060
5665
7656
9902
1667
6296
2317
5556
6865
5675
7218
693
5383
7703
1271
7199
664
4218
3405
7426
3492
6317
6938
8955
322
5790
463
4619
3708
409
8150
9476
4900
627
261
7648
1445
2147
1680
9245
7284
3694
6107
6905
3925
6125
6732
4054
8506
9292
8079
9450
6086
6689
7443
1989
6992
4599
8722
4496
9299
519
6638
5103
1922
306
6422
6578
249
9149
232
8510
1278
6442
3520
6514
8599
9695
1647
2361
3157
6101
5287
4892
1389
7198
5874
5569
7912
1108
5619
180
4352
2539
6836
1232
5931
5794
1614
8713
4020
875
1623
3225
4708
3188
6582
9926
8512
225
274
8397
4780
7272
7576
1981
1837
8201
3259
7090
7724
1272
5222
3388
471
7928
2285
5643
8593
7286
9682
2698
3594
7983
4963
8469
4745
6095
8656
8520
3285
4759
1482
6309
8179
6554
1783
8321
2138
5492
4034
3148
9202
6840
784
7340
9595
564
7805
5909
1418
7651
7573
7831
5326
4671
8047
1427
145
1728
9667
7675
9258
390
1019
7893
5055
8143
6408
7100
6535
8725
7132
8324
7230
4151
5364
4120
2001
338
7417
2385
6745
1148
2700
677
6806
7405
4590
1097
752
7003
9906
5748
1906
1344
8778
6082
1891
6794
6302
2066
313
4783
5755
6717
1170
3578
6167
9027
6701
7239
1811
3124
691
3974
9466
7447
5956
8335
2822
7179
8187
3171
2114
4599
9811
859
5577
7616
2595
9600
9069
6615
7492
1462
6596
1836
1092
741
4285
3491
9843
5589
9904
6993
7291
5493
6532
4371
3597
9224
9962
9051
357
7774
7990
3241
3759
3306
9406
8482
3123
7605
7018
7999
9932
5982
5035
8292
5079
5659
5321
3211
2807
4177
9813
604
4597
7517
541
6668
2916
9117
3470
6656
9731
2045
4739
1276
235
6769
5771
5836
40
7324
6233
4829
1813
7451
6133
5497
3104
978
1776
4046
6412
7488
4036
1562
1029
7105
714
2677
9695
640
9125
507
1911
9815
3340
1813
2747
1285
7637
1874
8229
8458
2013
5927
9170
1458
5124
6816
6577
5419
901
6657
359
3765
3123
1055
9088
2822
3294
2132
6736
8407
4933
6450
7975
3742
5910
6871
9298
8344
2865
6761
6190
8675
3450
8943
9272
2261
3021
5180
7168
6189
5260
5241
1484
2292
708
1821
5801
9103
1582
7691
4460
1332
5505
361
1574
3047
4916
504
534
7952
8657
6341
2376
6602
6950
3979
587
7114
645
1586
4001
9434
1339
5144
8063
1153
9053
4522
2292
2193
3118
2512
295
5293
8621
290
8985
2101
4059
2523
5785
6943
9051
4313
9926
8116
3474
2253
5295
884
7758
869
1062
7894
1923
5395
7652
3393
288
4074
1846
7840
1377
2837
4228
7941
6861
8692
5682
8877
4655
7235
1552
8507
6450
5545
5276
2596
4741
9082
503
2807
7118
5769
9349
5543
9242
1870
7198
2582
9235
736
9921
7039
8395
3919
2217
4672
4117
6544
6807
7779
8403
4678
5310
8375
7273
3033
5982
1792
9488
5430
7545
839
7143
8403
6513
2239
4452
93
338
566
3689
7520
7132
8819
1905
5554
9400
402
5289
9324
5915
1386
2699
6726
7977
9512
8006
3166
7009
2985
3290
2821
4567
8137
6799
3542
9359
5379
6245
3956
9796
6371
7093
2351
8760
2960
6919
4466
8470
4384
7341
7708
5859
3063
2460
1240
8995
768
1707
4636
2584
6662
9252
3307
6133
2543
1928
6599
5729
614
8511
6903
6839
8243
4349
4784
9947
2585
1008
9139
6902
829
1653
1875
1602
3886
1786
8385
9265
6740
3982
1190
3815
361
8741
7260
6249
95
5432
9897
8301
509
2409
1737
1377
1306
692
3703
4711
1972
1328
6904
3934
2444
1381
5141
6924
1250
2008
3091
3863
7001
9410
3440
6339
9607
6511
9867
1093
6940
9969
7985
5063
7676
5845
1952
1812
234
1133
4297
6051
7058
7101
4423
8160
6259
6465
3895
6709
9224
7947
4291
3545
3010
2027
7214
3855
6100
8694
1806
5183
7978
9913
9601
5345
438
71
2622
949
2152
8382
2234
5408
4826
6536
3123
2177
2357
4589
7676
4066
1396
5830
8405
9690
8867
9916
2854
9807
7443
3311
9560
2648
3101
2995
448
7009
5680
7220
6473
4488
7113
5786
5356
4036
6190
3815
4383
9733
6663
9790
3928
3974
1817
7662
668
4383
2448
8315
8217
9415
8601
3630
9916
2887
8265
3218
719
4714
573
5072
1267
7328
6224
7125
3526
1026
6946
8750
2384
6144
1227
1478
5472
4341
4924
2790
2350
7580
5917
7771
5469
4572
553
9590
3167
5919
9571
2396
8980
5696
6083
4526
7905
3283
1824
9411
7737
6062
8588
6368
2235
405
1271
298
887
7364
5184
9443
1342
3061
3791
2704
9685
2609
5960
5595
485
6579
8653
7540
3507
280
1108
4306
4311
4611
1663
2664
3739
7773
5278
4722
4818
1513
8781
8046
7618
4646
443
8056
5935
5933
4153
2190
5830
1578
2970
1906
947
3016
2845
1470
7263
709
9348
4721
8265
1189
7953
5400
3168
5986
2588
8024
8682
3648
9347
4295
7988
4383
3103
1866
4679
9049
4590
5737
6611
6700
6978
7807
27
6722
8406
7390
8460
1195
6808
3247
2379
8556
3944
7910
1882
3233
5099
3540
4183
158
5420
855
642
9603
5824
8348
8472
8142
340
8581
8704
9674
6886
6613
4914
6868
2300
7623
3935
4399
4724
5519
7073
6670
9034
5032
2175
1918
5759
8285
2781
4646
7404
8355
8542
2119
8019
1571
631
3165
7278
4678
1746
5512
2951
4217
9531
8068
9619
3615
5275
1011
1372
6262
3934
1053
6921
8465
9475
8974
5052
9461
1424
5326
5768
8768
9695
1182
6604
9043
4601
253
8881
1920
5565
3178
7260
3118
8268
3252
8736
5497
597
9293
9171
1159
1544
3710
4059
1286
4681
7940
9093
6592
8307
6472
5442
176
7127
3260
4975
2175
8688
1632
9791
5991
5715
2805
8615
937
3880
3625
5749
2921
4479
4193
1742
8663
8162
2917
7507
