4563
4166
19
5072
1935
1208
3296
1428
7666
3657
8188
9129
6254
9611
8557
6319
6084
6270
4695
8107
347
2298
5642
3052
1152
7705
1399
8636
2603
3506
2016
4690
2505
2736
5452
5092
2203
801
2643
2745
5387
4138
1436
3788
9350
8600
4737
989
2634
1105
4187
8402
2813
5385
3968
2843
1783
2977
5301
6467
3838
7017
1089
210
9708
9190
8401
4336
6271
5663
9969
2371
3724
9649
3117
7049
8321
1203
1748
5857
2918
691
8182
8068
1679
7023
1466
241
2753
2224
2399
454
7070
7793
5597
5371
1439
4205
5814
5192
5661
6262
526
4310
9003
4866
8276
8163
7668
2880
364
4879
3068
9577
5259
4260
70
2209
2510
1154
7698
6412
3159
8664
2560
9949
7526
7503
8214
8090
1104
4992
4473
9275
2446
2470
6459
9234
5780
5502
1234
3316
2860
3739
1377
2149
782
1926
8469
9138
3199
3154
3438
4648
3972
6653
6440
3698
5681
4307
8245
191
9714
925
5369
7602
596
5015
1
659
9185
5838
3136
8803
7015
9592
8584
6877
1092
1102
5761
6375
6304
4756
1690
1320
2695
5098
8793
1859
3314
3419
7568
2482
2048
5042
8222
5806
4614
3084
8559
4250
5072
1192
8514
3744
6291
5915
8645
9971
3265
1569
4542
2964
6839
2558
3816
5535
5174
9426
712
6277
6108
9882
8604
645
991
8611
3151
4692
7398
8282
3819
2380
4068
4943
3227
272
4914
6168
1548
9613
5911
466
1840
7387
886
9122
5854
5379
6293
5977
6617
4332
837
3350
4507
2174
1379
341
9726
1175
3322
3589
9000
7899
9346
791
7024
2390
8201
8227
9185
6765
7308
8341
9642
6643
8579
6964
6703
9191
4006
2051
6495
5227
4496
5073
7491
8319
7711
5579
688
5532
1492
2225
1721
1389
3341
2053
245
5527
7788
4799
1512
5737
6324
8974
8000
1582
4928
1274
3759
8831
9680
4373
9759
5558
2224
2736
4695
8462
5575
9513
9017
4886
489
6161
2517
2500
7225
1916
6701
7910
3039
6370
358
387
7970
2098
4424
4944
1154
2502
3474
2671
9508
5778
6317
8306
7467
614
731
4813
5903
2291
444
2186
7213
1770
8365
5333
8731
1328
7389
3704
6550
1198
5277
81
7290
8260
7604
5790
221
1342
428
1643
4136
2334
3725
5571
9155
2041
3315
7522
6588
2478
7566
2363
5444
7824
2694
6149
8262
6901
3081
1616
9221
4072
4355
5878
5041
3753
2841
8380
3813
5331
3906
9351
2064
5854
3442
7564
6670
1787
4627
2128
2338
2685
211
7630
8514
4279
4053
4039
6751
3744
452
9731
7792
2115
699
933
6298
4851
42
2861
2574
4204
9462
8071
5839
4133
1408
1569
7102
5345
7520
1882
2836
708
5646
3606
747
6115
5020
1358
169
9252
4387
2292
2890
8533
1993
2084
8153
9672
7068
6886
6844
1452
9758
9759
1913
7527
301
935
6776
7999
2045
7830
9142
8
4100
5400
3954
7959
1425
7120
5785
2645
5706
2712
4825
9760
5873
9286
8451
2731
5651
3498
8082
5574
1197
4708
4355
1368
7995
6738
8720
9976
6014
1991
4749
3116
7768
4647
4461
2008
7335
6367
8593
1944
2236
3810
15
4073
2824
3534
9148
7121
7122
9006
8774
6479
6439
4264
6688
253
6894
293
7914
7746
7511
9249
284
3444
3375
7320
4367
7546
4002
5345
5976
208
718
2647
1522
84
5712
1698
5175
5053
3550
9957
3146
875
704
4976
5700
6281
5691
9285
3562
5039
1564
456
9351
8132
6333
4383
7803
2001
9175
4537
639
5697
5012
5291
5620
9396
3455
5237
3464
7651
6795
9155
2724
8093
301
5728
8100
6464
5638
1221
2659
1780
1473
9647
6131
8481
3862
1327
2374
7248
9288
6427
2733
8463
3121
6993
3418
910
2008
8667
3827
407
6620
7950
7158
443
1424
8188
1715
7735
6675
9434
587
1925
3354
844
2227
5886
3485
4204
5589
2861
6747
3018
5651
9103
9578
7837
4872
4823
7727
7320
6221
9774
8614
8632
2725
1287
6591
5785
3190
8416
645
5591
8532
5429
3580
3298
2700
3599
4951
3724
9178
8250
1843
3612
9255
7588
5011
9205
8786
4624
3592
6608
1882
8123
8333
3925
1509
7526
4989
4921
6704
2705
7073
1105
8756
6553
4842
101
3921
3993
231
5712
3002
9996
6932
4916
428
8722
8239
5706
3324
9616
1320
7063
6252
7954
7140
5642
4602
7228
4926
7553
3654
4318
7099
7756
9517
1701
8760
1593
7094
6110
7890
8830
2249
2534
914
1542
5511
1453
3667
7122
9802
954
2817
7105
5658
6359
8736
554
2344
3420
3030
9654
1467
8681
9846
7211
7716
7117
3466
1058
7248
4260
9180
6762
7867
2270
1249
6950
1019
90
4978
4737
8880
6449
1049
9010
8597
9679
8453
2602
4115
2091
953
2794
9859
9704
6951
4354
4030
4485
5972
1828
5875
7839
1208
4951
291
3158
3573
5720
3533
4092
4946
5098
849
7834
8483
3422
1731
2877
4870
2318
5038
7293
6124
8915
2579
1439
2353
1270
1165
7200
331
195
5649
9361
8187
3706
4647
8547
1683
1680
8815
3288
8837
2642
6563
6905
8595
2473
1304
8165
7032
3529
2367
7750
8113
5507
8350
6208
9178
8683
4614
9955
8817
1491
2320
1024
1641
3014
2761
8953
2286
2898
7272
8016
8527
9740
4216
481
4957
8871
198
6716
7630
7279
3241
8682
1886
9392
8248
209
2947
9940
1116
3586
2556
3865
7732
5008
2214
8320
8543
3387
1066
9698
6874
2122
7381
205
2309
2359
6085
9820
5972
7605
8957
7621
5775
7020
8422
5500
7686
7589
6355
5973
6789
1473
5167
1575
3792
6771
6917
8011
2059
270
3515
2372
9721
5209
5019
1976
3871
5968
7871
5148
9795
9028
8601
7199
9766
3602
7629
605
7660
8224
9420
1987
3092
2964
318
4226
2856
2095
2442
9164
9555
6
9781
3676
1481
8818
5557
8802
9560
6717
832
3916
3801
3101
8726
5776
7891
6990
8760
165
7772
6679
7683
6882
4221
3758
4189
1742
4593
2647
1211
407
409
4567
9820
2782
9999
6328
8438
8271
6629
4117
8715
1582
1098
9285
5095
3021
8408
4276
2985
3898
9469
3229
8363
1701
451
5204
80
5407
4798
3407
1722
3039
5570
2261
7029
5086
6655
7727
3683
4370
8522
1819
4500
1063
5129
5983
1569
6937
5658
682
1718
5279
9280
4054
1034
9057
3035
554
7804
6410
3268
3084
8811
8456
4690
8563
4882
9696
5131
811
1487
8159
459
4722
1407
2587
3466
639
8807
3977
7469
6258
3441
1527
8507
9030
6257
5097
3162
9187
9811
4097
5510
6641
6452
6407
2845
7671
3945
7368
1178
7249
5423
8507
3643
2943
5072
8383
7297
26
5743
8192
6709
3153
880
8600
6689
1394
5911
7042
5170
5093
347
8089
9048
6914
7751
8735
8791
1059
6477
5179
8829
6963
7159
9050
176
8502
6011
5093
67
4306
4442
435
693
6331
8438
6533
6919
6893
7950
8799
3016
6018
391
1047
5199
7523
6552
2198
1859
3931
6690
3531
6682
3608
6666
1567
4701
2394
6085
339
1556
6830
5727
9301
4739
2148
9031
3442
1296
2923
8267
9317
7216
4175
7387
1645
6510
1353
2589
5693
5799
9621
8732
9901
9685
4833
7597
3822
5813
3441
1601
9579
7591
399
7488
3883
9922
1327
376
2706
929
8913
5105
9015
8814
1264
9004
9025
5081
4663
9176
7642
438
6467
8560
8438
4752
4
2612
6524
6093
8589
6771
4419
5328
219
6338
1912
1333
4258
7019
443
3373
1410
1637
8138
5590
6808
6268
5813
5605
7841
3517
1297
8403
7114
2465
1832
2722
8116
5763
157
954
9331
1919
4861
8500
1429
5608
7009
546
7983
9942
4528
152
6642
7323
1297
3404
2701
4257
1551
3878
6252
497
7493
9667
414
7730
936
5884
9509
7533
7412
9758
3351
2169
3951
118
8849
455
5913
3163
3754
140
2021
6999
6021
7430
6641
3555
113
4045
9281
1791
8667
9080
5467
4795
1027
6425
6523
2932
3324
7878
9014
1166
8636
3589
2715
7978
3075
3651
1045
5989
5337
1537
1662
7950
880
5115
398
6097
8025
8566
785
9684
3090
7606
8150
7901
9053
7545
675
8414
1451
3684
7846
2638
1879
2392
5607
6549
6080
5903
9529
1988
574
713
1375
2159
1094
590
3211
9160
1544
4319
6737
4233
4630
5342
1195
8190
6415
8646
9382
8780
5401
4217
5785
6866
4748
3604
4485
843
459
9569
4840
396
2766
3128
2476
8096
4827
1090
92
5182
3476
5101
1863
51
5353
4821
3645
2146
3150
9605
9350
2005
3431
6537
3986
7774
7279
3615
395
3966
1704
5002
8439
33
29
3459
5241
9637
2980
3468
5815
5845
4863
1586
5014
4118
785
2191
1393
1725
3406
328
2377
1082
5067
7018
7894
8982
2788
1244
3884
1124
9788
2193
2265
6823
1503
7964
4954
4128
4756
7456
6621
8514
3374
7523
9777
6629
146
1055
7002
3890
8386
8709
2049
4753
3176
5518
5704
3597
7886
5519
283
1889
2698
1384
5810
9106
2616
4489
2835
8584
8879
6145
2788
5849
4181
837
1774
1972
5934
1626
6653
1687
7376
6303
836
6574
4370
1209
7773
9177
9682
5500
9070
3512
4694
1683
9463
3509
2603
6381
8392
6078
3225
1732
336
1502
7864
3227
8240
6120
5499
1603
2638
431
6522
7770
1269
6740
4141
6465
3257
6844
788
2344
3720
9677
5829
2312
1484
9558
2845
5804
1245
4056
5511
6589
1700
6293
2570
4553
779
3204
1948
6831
1215
5181
165
8986
6567
4967
446
8744
399
5452
1384
2469
925
7589
7817
5481
3140
2951
8530
154
5191
8938
2396
8783
1909
5874
6032
4899
7570
3100
9749
34
2247
8055
9236
8099
8192
7068
3784
7842
1219
6379
5570
6617
6785
6979
2120
4618
6532
8526
877
6924
9976
8295
1532
2799
4662
7113
3470
8717
635
4549
2379
5808
8904
7759
7485
7834
3651
9750
3840
7493
9978
542
6533
3655
5063
4620
8966
7873
6927
5533
9300
2484
8965
8387
1900
241
3916
5837
6424
3820
8905
7394
5601
4508
8087
7898
1122
5330
5827
5593
40
2323
7800
1577
6950
9331
5125
3459
6693
6960
6026
5305
4937
9448
9922
6435
9918
5736
9018
1668
177
4339
9056
488
1851
5099
9159
3036
72
6062
7974
8010
8550
112
1072
288
1849
7073
174
8204
5819
5883
4200
2182
8593
2411
9924
5674
7496
2825
3461
5024
5630
3125
2148
474
5790
5136
1628
9065
7107
1524
2111
6381
7773
3873
6950
4327
4818
6438
8694
3772
7755
8520
958
2232
1119
4161
5149
5020
318
7752
5424
4743
1779
8936
1673
9756
2717
3360
9259
1205
3047
9223
2146
5764
1234
8410
7104
9266
4916
1844
3617
5590
9322
8905
9920
2531
8073
4734
8450
9758
5362
9592
5584
7179
6036
9407
4707
1011
6268
8479
4072
7252
919
3740
4867
3957
728
4815
5039
2884
6932
1665
1859
8175
1915
3090
8241
5531
6817
1878
3688
484
3258
2878
5769
3089
1765
2591
7174
4403
9103
6912
2182
4938
9704
9157
1318
9604
3203
387
1546
1923
1398
8416
2528
154
1746
2760
677
3044
1676
9902
2305
8480
6218
8317
2174
461
6233
506
1270
7694
4635
4025
1418
7931
7982
9848
6735
4004
3447
3787
6546
1106
9838
3077
8204
7563
1347
5007
3505
8961
6814
1561
3027
1241
8916
5194
5779
1603
2133
4902
5239
2714
8099
7019
8887
2554
8109
8039
9106
3849
2265
2778
5422
9092
6000
8628
4892
8183
7426
2923
249
4296
9051
3050
2032
2528
6846
5385
6381
9831
3293
8805
4365
2011
5963
9565
8562
317
8408
1624
6419
8728
6812
8278
8911
478
3391
7713
578
7665
8228
9647
6576
2843
3942
151
7198
6235
4907
4590
9360
7581
6533
5565
8909
100
3735
3489
5166
3862
3189
510
6054
372
8308
9920
1260
949
560
3168
6931
8590
7244
8640
9578
3632
8020
1123
2687
9373
639
4236
1471
5064
6897
8273
5017
6537
7644
8555
3488
3322
5366
1453
8271
322
2725
4415
3703
363
7143
9030
5011
9553
9135
6593
4333
4937
9833
7107
4089
7915
6879
7896
8431
9534
9844
9509
5286
9247
1885
2961
4940
5149
9616
5898
4674
277
7092
821
660
8997
6840
4406
598
9758
1184
3384
6858
9675
2553
4681
4719
1768
5406
1077
3411
4961
4243
7694
2424
5897
687
5557
9541
2292
6246
8183
771
6273
1476
1319
2344
1719
8454
6068
6241
1066
2243
5607
5175
5882
8216
9707
8948
8953
5424
8232
6384
7863
5842
2942
6084
7420
1476
3387
3391
6849
4782
9466
678
2843
1177
792
3590
2613
4679
4724
86
4600
988
4450
1224
1402
7049
5899
3870
3505
3977
5973
3433
2594
597
8587
2796
9579
2738
4473
1439
2184
1914
8358
6048
4646
8
2717
6403
1058
5293
3658
1562
8333
1663
5262
1008
15
8433
7519
1632
692
7550
672
8803
5495
8607
3960
8261
3850
4860
7793
6681
3055
9039
1871
4307
8086
6484
9402
6019
4740
124
1178
5602
9356
897
4287
68
7181
2484
4906
9293
5143
2898
9564
9617
1338
2373
7561
852
8366
9319
5815
8432
2489
6993
7545
5716
2160
9345
1235
2441
1406
6170
7065
6416
3482
4709
2504
1767
7223
3270
1425
6523
7101
5417
8942
2392
2144
2955
9474
9227
6154
3557
3281
9608
9258
4963
6824
7975
4824
8691
6635
4682
2019
8249
9306
9001
4937
8480
159
7262
8371
9818
7846
813
2539
2152
5033
5867
9242
8565
6055
2240
6274
556
8529
3078
9525
8235
5153
8577
7649
95
71
8585
1720
6527
4833
2770
7040
756
4053
3693
1939
6997
8959
3367
5988
6930
7378
3871
1359
4839
6701
117
4955
4096
2027
2558
4496
9419
486
5780
1407
7032
9962
1002
2306
4861
5954
333
256
4487
9057
5943
4781
3371
9502
621
1692
4731
5709
2615
6882
9300
4518
6048
6921
3299
8261
2579
5885
4744
2173
2741
70
5347
9113
8498
627
7786
7137
6528
303
3036
7781
2976
9523
560
3273
899
8424
1703
9453
4376
2967
81
6504
6467
5775
8283
7648
6522
5505
6533
1897
5673
1964
9810
5976
517
3920
6553
322
4350
3633
4568
8246
5853
4554
9704
1427
7773
3563
7243
6151
8438
4369
9090
3030
3508
8225
6027
5475
1142
4560
1816
6878
9746
2978
7995
7498
8022
7533
9213
458
9498
9433
6622
8647
2209
4374
4022
9488
319
9898
3482
6143
9236
54
4715
4004
4261
67
8168
9776
6332
4350
6051
544
4438
4366
2721
1044
2138
398
3419
4155
1578
3355
3650
7533
6066
6043
3759
1797
7245
4392
488
4280
1766
1160
863
7302
5036
4250
6436
1900
5023
3855
3931
1684
5799
5171
872
7898
4485
5607
1495
9515
3216
1532
3800
8252
5857
8957
7351
8180
4395
8857
8874
743
1489
8764
947
4560
4188
7050
837
2251
7508
1559
836
1324
1691
182
3493
5711
6697
8859
1749
1773
306
7263
7717
3399
5092
3168
7682
9011
4365
7874
5411
7936
2441
2055
2795
1127
9944
3494
4527
6000
2126
4154
9474
7022
5829
5226
4139
904
701
1888
9480
3765
3683
569
5772
9891
4879
3864
1859
4372
5591
631
6055
4598
8897
9819
4859
6206
454
9266
612
5872
5906
5708
6232
4877
2088
3523
4734
3529
3571
9289
9509
6679
2183
1484
5425
3092
2725
3577
5136
9725
5693
826
90
1534
1598
2477
8759
8792
6121
7139
4714
5710
1572
1136
8251
8141
4794
5734
5347
2085
1519
2089
5824
5752
7825
3391
4312
8045
1323
3126
107
2033
9571
9553
865
8204
227
1889
2306
283
5925
1772
1204
2064
1799
2844
6559
7074
2093
8230
9453
2689
8214
8373
7213
714
615
84
758
9635
6436
421
3833
629
3517
4480
8463
1747
9637
7242
2385
171
7917
929
7095
4791
9711
9778
5336
3632
8023
6952
5952
6305
9644
9826
959
4835
60
2063
3534
794
2885
5160
7405
299
6096
4714
9096
8760
4087
5886
5736
2874
2759
1287
549
6506
4049
600
7241
9292
6715
6783
6672
1272
6964
6962
1580
3302
6308
7380
1061
9637
9633
5988
7085
1945
3022
6563
3601
4095
6990
9424
3931
8605
9542
9841
5972
5627
3281
7504
6760
4872
8941
6512
7794
3899
7650
2298
1270
1015
8819
8056
2429
2889
269
8141
6123
3441
5292
1200
8060
8635
5149
6515
8269
9961
9374
6260
9384
5567
4258
1327
423
8906
1744
4717
1481
7053
8283
2078
4578
1610
1133
4831
4220
938
6236
4359
3564
3737
4958
8884
8255
5985
6617
8237
4276
6065
6531
7187
5651
8345
888
5545
7882
21
2170
6653
4953
4116
8339
9586
9123
3188
3990
2763
213
6347
4515
8182
9139
1620
377
4019
9758
4612
6693
4736
5986
6217
9257
5138
1547
814
4520
2498
7031
445
5022
4066
2470
7282
4797
2554
2559
9735
6434
7059
8525
481
4405
9566
5270
2182
6527
3122
4555
538
3894
3377
7259
4613
20
8406
5251
1666
5286
9326
4560
6230
2960
4000
293
4875
8574
2969
7336
3849
1621
8920
7174
6288
4295
3827
8679
1732
3862
9284
1564
69
7712
1140
5589
105
4344
9203
2495
921
9749
5313
5163
2373
6852
1483
7257
3012
9065
9221
7123
3389
4131
560
726
6491
4701
4665
2763
4864
3984
1998
2725
9561
3638
3789
3746
9738
5577
4699
5508
9382
5738
702
3338
4524
1294
6728
87
5329
515
3344
1972
8359
2240
8479
9009
5111
7770
5107
2406
4576
5746
5491
4872
2395
6332
240
9464
1786
9179
772
8725
7053
4552
4219
321
6545
386
7978
3505
1654
4735
6960
1486
2795
6848
2375
1369
3575
9282
9831
9420
1703
2641
6888
4363
5679
1815
9233
6601
3647
7410
8642
4470
7620
2116
4762
790
2887
3140
3462
3197
7446
9170
5959
8631
2285
8327
7615
5844
1105
3594
9863
2320
7529
9791
9232
5713
6057
3339
8372
2457
2748
5299
5160
5404
253
1025
49
9275
7634
5624
2511
862
5830
495
8474
7761
4609
7193
8856
1973
2263
6486
7849
3079
1130
7650
7167
3934
5244
8043
61
1166
1365
1728
9642
1529
2076
852
3890
949
3910
7202
9562
2121
9449
9915
8766
9777
8844
1755
1832
1233
9853
3657
5567
7269
8942
1645
3706
759
6429
9180
9807
9578
1886
2622
7053
3027
9591
5569
5010
232
1704
9862
8138
6513
6804
9401
869
4202
9345
3359
3459
7594
6744
2664
6734
5774
953
2179
4244
6575
1343
881
2368
7474
4907
1009
6788
5886
7232
987
8149
1064
9706
9880
3251
346
171
7870
6276
6498
7252
7546
8332
9222
204
1318
9226
3542
2640
586
3554
4234
1847
254
7426
138
4257
8366
6996
6876
5836
9446
9407
4056
3810
2573
8250
7992
7058
7358
3134
9723
8761
2928
4503
2185
3533
4120
7047
5312
4598
6373
8135
5052
5833
3097
2299
7142
258
1895
1664
5107
1758
1815
1172
4493
6787
199
82
4272
9724
5484
8793
6714
1860
438
4697
9765
1022
7857
7385
4737
1439
8535
7895
9386
2105
4099
1469
5385
1684
2145
1484
86
8731
4722
9400
1675
4753
6731
9136
8804
6350
8860
6312
2147
5113
7598
3973
3920
8324
6182
2692
8717
3791
3702
5079
5751
1466
9731
6669
6456
666
9393
7485
10
6727
762
6959
9110
7392
9293
9127
6987
9323
5491
9038
6058
3277
4109
5791
5853
9922
3354
2443
536
5226
5509
4282
4519
7728
202
6623
9063
3336
233
4790
5746
7077
8403
6492
8882
1444
3762
8043
4822
7064
5413
5505
9010
6723
7864
6156
2384
9181
6018
1812
101
9332
9992
2421
159
8449
5999
2743
4154
1795
4831
92
2210
2026
5682
293
4850
7953
2572
6433
8363
1081
3029
3203
6960
8511
5921
2511
4270
89
3201
7185
6505
898
8563
2619
8994
5711
7012
7193
3221
7213
8021
2769
6382
2297
2907
4284
4747
3596
4800
3916
8077
5745
392
2810
1288
5397
3214
2733
7482
7929
8124
5896
6872
3718
2409
8864
3620
3807
829
9736
1867
1436
5537
3500
9067
8152
785
3479
1105
2248
211
8577
7824
1413
1361
1160
2302
9193
7969
5913
2792
8003
7159
8331
3878
5910
5424
937
7433
5204
7279
3178
7761
3490
1509
9215
7883
6697
1209
728
8
6857
8407
9987
9577
9321
229
7506
9669
3823
7696
9719
1149
7864
4373
6015
4023
213
4907
3881
6758
4355
2126
418
891
3653
6375
2718
6709
1744
8998
4116
9747
6275
1954
3350
42
6304
9463
6636
9027
2732
2702
6844
9116
9375
3098
7480
1998
4503
7150
2085
1198
5072
8781
1859
9149
4184
8889
7837
7162
8978
9949
2239
6360
4970
2710
6335
330
2111
9212
9866
9162
1170
2878
6140
921
5210
8619
8347
2032
5409
1741
5328
645
9646
2000
8083
5402
4912
1249
5586
4912
5555
3361
2717
3529
2290
3081
5137
6698
186
7687
5600
9023
6007
5798
137
2584
589
8828
9193
7217
373
7100
5790
6176
9522
8652
8404
1655
3727
9266
3150
602
5959
2759
4002
8554
2848
9533
657
9632
9284
8845
465
7189
5950
7945
4554
1582
1358
4928
4937
8517
5529
7439
8788
3698
5008
3045
6331
4696
3690
3759
2007
6540
4865
9330
418
4449
919
9272
7426
1295
3026
4465
1907
6450
107
906
1472
5886
9983
6715
6462
1759
2016
955
8117
7967
2075
3230
2924
1537
5046
3358
5216
9899
9094
4375
6848
9984
7850
2828
9944
9675
7576
2712
9465
7320
6146
9887
737
8668
4261
4003
1052
7957
9054
6738
3366
5835
9016
7148
4219
934
7494
9586
7614
7897
217
3530
1250
3980
1599
7919
2712
40
6441
1093
7510
4908
9496
4347
9744
4012
9347
8281
614
1609
9927
217
6298
4203
3019
2450
6556
1050
4670
1343
8708
3277
5312
2014
4923
7545
2922
9220
9430
4843
5978
365
2207
1889
3903
8258
3202
7475
4382
8643
4114
9631
3903
1780
3798
34
3767
2645
563
9554
1586
6264
1174
808
4716
5991
6142
5147
2877
3998
4132
2951
3551
5668
1689
1181
8573
7079
3050
6836
3386
6053
2258
9085
3770
9463
828
6020
609
2328
2099
6210
3334
8899
7593
8560
8884
6842
4256
2694
509
8259
7848
9905
3691
9421
2214
258
7477
3408
2941
2035
6970
9298
2875
1061
2829
3878
771
7366
4173
7792
1858
8846
5935
3747
2784
9384
8586
7083
4310
2685
6431
4966
2598
2091
5971
3340
4027
4229
9019
3936
2878
5429
2099
7279
6657
1613
6811
9910
4012
5034
4942
5776
9219
4521
2912
7004
5200
3508
6915
829
6850
9893
1174
2907
2801
5595
7227
1270
4956
6906
6803
1307
2065
3117
9833
8640
1833
7767
535
8889
1214
8486
7353
9613
7465
3129
7660
1410
9452
2168
5586
8868
1785
3298
8374
2101
2141
8964
9142
4783
2765
1573
881
9301
7323
1871
6655
6664
965
6119
3143
6596
6586
1102
5441
6906
3257
5376
2489
1561
1545
9769
4796
7206
4719
3143
6627
794
1487
6059
185
9594
786
7865
8218
1842
5247
7263
6490
699
329
9347
4543
4444
3142
2388
8348
3788
5704
1315
2506
8677
9705
4250
7509
3860
4631
9530
9569
3581
2394
115
7496
6508
4062
236
3633
7222
7106
2802
1709
1902
3307
3277
305
1075
2549
1118
2091
4486
9560
6901
3476
6778
9811
5984
3521
1028
5799
3549
2869
994
6002
6128
1238
3304
8775
7936
8202
4389
3015
267
3070
8212
1630
9306
8722
9855
5068
6064
1205
9917
8158
7452
4521
1964
9112
5821
4307
4554
2946
2661
4161
3997
7644
3510
1608
1971
3119
8473
6248
675
7906
1998
7694
5538
7254
5486
5495
4066
4094
3196
3804
4549
5870
6426
207
4863
8207
5319
9663
8761
4283
7670
5995
7106
492
1530
5729
3232
524
701
1682
1716
4072
9792
3284
6284
7366
253
451
6114
6320
6840
1109
401
6652
7460
6648
8071
7657
2465
3115
358
4952
2995
1846
9253
8436
559
8838
1012
8912
6782
7385
2685
8204
9396
4018
1381
20
1178
6490
2673
3669
9047
2292
1078
5771
6317
4170
4873
1916
7696
9113
7829
235
7730
4326
6794
27
7993
1835
546
3120
1217
9490
9136
419
5262
7149
610
5730
10
4208
2085
33
7517
8236
8471
6673
3259
2232
247
3435
5543
7374
8008
122
3637
5391
5205
9618
1612
6772
3727
9840
6858
5522
930
8848
4546
6825
1830
1461
33
8745
7568
1545
6335
9682
4904
6561
7216
1846
8694
5835
6442
637
9910
8103
8273
7925
2106
7823
8685
4932
5263
3829
8797
3900
9287
4199
4069
9545
1205
9633
6883
5962
4568
8944
5120
7113
2542
5230
8625
7433
4218
911
4301
1451
7617
503
8953
4733
6142
8357
4271
7568
3493
6640
8078
1780
1636
2717
6522
6722
5173
6810
5460
6245
2976
6186
7476
7734
2701
9918
6642
1699
9016
4700
4101
5084
5021
3566
9011
6201
4483
5001
4326
3691
2837
1224
6928
606
7707
53
581
1703
4215
244
9351
8592
2667
1148
3263
2301
9720
6099
5143
9962
674
7381
7141
6051
9503
3904
2065
3615
2542
4958
2599
3226
7252
9856
1928
9182
5185
708
4731
5661
5681
2083
6225
2318
4735
1754
6518
7281
4868
2546
2163
6545
1725
2238
913
4421
9339
8465
3304
1010
547
5977
5973
865
3558
5356
586
4328
4843
6621
7823
5240
8407
5211
454
5395
1439
9479
1788
9575
3732
447
827
620
4062
2108
141
8310
5588
5156
2300
8214
7734
4461
9012
3523
8478
4575
9369
1889
7115
1333
5109
4604
2733
6752
6170
4067
7519
2999
1525
7507
7293
7726
6419
5071
7463
8530
7038
4521
5694
3935
1072
9728
7052
46
601
7558
8256
703
2571
732
742
7886
3713
4524
565
4021
2960
2738
7266
2734
1894
9785
2963
4723
5071
7502
4061
1909
4615
8083
6286
8421
9097
6546
3831
5633
1670
395
6577
8782
738
7100
1089
9471
9112
7757
9894
8272
3069
5957
1198
6481
7874
1676
4713
4130
1171
621
2197
3688
972
5207
392
9049
7212
178
1324
4009
4897
297
3173
4514
1699
6551
654
1097
1869
8882
1106
7107
4629
9039
9558
532
1245
8208
3043
2287
7330
2065
8097
1167
2050
3515
1023
3920
3995
9730
4800
5339
3726
4050
8975
861
7633
705
9955
499
3620
7472
2349
3875
5708
8772
3406
5402
6107
2827
2406
3790
5905
9949
4247
5279
892
8385
4712
8479
3626
9176
5205
8410
8895
7258
2900
4292
4610
2524
722
9934
9666
3147
8588
9381
5206
9240
778
1767
6337
7535
3877
7586
244
7861
986
5595
782
3741
5062
7480
2703
1463
7745
1115
2410
1879
5047
6123
8296
1005
6769
7216
3513
5718
515
8683
3622
7727
1374
6288
1522
385
4213
849
3839
9229
6685
1944
2188
852
8958
5664
8524
3748
3670
1856
7122
7979
4365
5254
7544
3449
2579
1420
2623
9926
2565
8458
9857
9261
2670
5880
2130
4452
410
4205
3797
4777
1974
5017
9931
9802
9139
9083
3510
8401
3338
5600
1995
986
5433
1545
1318
8899
9563
9447
8808
9039
2806
3910
1403
6902
910
4707
5734
4973
9575
1355
3163
3821
9832
6290
1454
2499
2138
5005
1217
4324
9775
3676
6762
7754
656
8695
4566
1999
1807
7396
8886
84
3563
6370
7992
7711
9874
2198
4481
8096
657
3567
5670
7838
8918
4360
7081
2002
8118
8825
9296
5919
2571
6346
2002
7981
2389
5062
9195
9777
546
9144
4591
7258
7560
8564
1211
9179
8174
2020
791
2256
667
9373
6631
7871
7238
4926
2321
812
7836
7797
5945
9544
3217
3710
2391
2823
7773
4920
4810
5197
8007
3254
9078
6837
9520
2319
5817
5806
5270
5730
652
5762
5465
217
3573
5027
795
5561
9449
757
5152
9060
5054
7618
7124
8427
8206
5086
9980
2131
9271
1880
9044
8162
2688
1209
328
3126
1606
8844
1422
8323
677
4170
5857
2119
4754
1296
9
3996
4789
6432
5717
6249
4852
9393
6154
5845
2442
6596
2981
3433
4294
52
3196
7457
4368
1705
419
9855
8742
3609
2715
2923
9925
8587
2020
587
9315
4266
4643
9435
6089
5778
9455
2170
4431
6554
646
6065
2799
9997
3548
2256
3707
4615
9827
1542
7882
8665
5734
4012
8237
3353
959
1023
80
9994
425
1545
4380
6755
6495
1979
3834
6782
9219
2057
3634
4655
8187
6930
8337
1247
5142
6746
7689
6324
6525
1285
4498
6783
1012
4162
3054
6369
9615
7394
4987
5434
6369
5509
3777
6704
720
3999
8187
6041
1349
8187
2722
6566
127
1660
3573
4764
791
1020
8597
3199
5982
4403
5997
7548
3890
838
5438
4116
9055
5961
1240
8465
8195
6834
7366
2918
6554
4348
5152
6967
4296
8724
9043
7282
6709
3892
8318
9288
7730
6986
3843
9516
4378
7476
2270
8871
6339
8362
7441
7990
1492
8455
2605
4993
1457
1749
1038
5528
6801
6277
5790
6203
1856
7096
2537
4390
7121
61
6720
3688
5755
9384
2119
9743
5
9755
2889
2738
8668
6355
507
1835
4432
513
78
9854
1375
2275
1918
554
5769
3599
2759
3467
819
3723
7304
7081
6407
9068
4751
1584
1800
9641
9380
4525
2451
2604
6098
866
1808
1669
7312
9191
7321
8666
2253
6893
7826
814
586
3776
3270
2444
7217
6632
3218
5569
9427
1868
3642
6708
5136
3220
7274
5651
8175
3369
8504
2619
9758
9339
4052
1891
8067
1950
4945
8422
7568
4370
1309
4283
1205
8574
2476
9379
2096
6857
1251
8046
8847
8500
6032
1850
5190
1687
823
6585
2268
5862
3080
8493
1728
3120
8652
227
7321
9157
4029
6890
8603
1985
2533
1486
5973
8616
191
9701
3031
6112
6666
6502
7616
9062
6156
8321
7638
8974
8307
6590
2719
5818
7815
1558
9372
374
6939
6408
1574
6270
9298
5545
4864
2413
8254
5691
7468
2755
3811
6697
7561
978
6586
3836
2202
8197
4194
2189
9746
140
2786
696
1020
1369
9145
73
1207
305
9477
8981
1982
5519
962
6727
1973
8923
6267
1270
4383
4642
572
3648
909
3698
6520
4870
8401
6404
6006
8275
1792
3671
4438
3113
166
2453
530
26
4148
9988
1791
9168
452
3883
8851
7449
3917
5742
304
7299
6098
1849
6318
576
4740
2885
6024
7654
3256
3641
6188
4070
2083
2529
486
3414
1842
3315
3222
4957
2775
8244
1901
2443
4605
7830
9847
3283
5356
6268
3139
8054
7928
7132
1022
7388
5092
8783
5324
8145
4868
8696
1576
1818
6720
6110
5044
4979
4244
632
2937
8775
2436
5796
4194
1563
9773
964
3860
9687
1591
2262
3237
7634
3334
4479
8414
7977
7056
2899
1899
4395
5561
2515
7023
3540
5914
1011
9924
6724
8720
6647
9664
4892
720
8009
9571
4740
6088
5722
1085
5180
7633
7251
5980
4317
8688
950
2371
2618
2140
2886
8823
2217
3067
16
7843
3272
8693
2692
5371
2765
1641
1588
3373
8223
8302
4727
2867
666
3681
9866
3461
8163
5758
2661
316
8089
6762
6134
6465
4148
7933
1916
2132
5085
3181
9489
7369
8601
7813
9604
7964
9698
3332
1907
2869
9044
7090
8226
327
449
7438
1498
946
8562
530
49
6200
2379
6424
6449
3917
5962
5846
6952
1031
1739
9492
6844
5765
7659
2111
921
476
8167
213
4280
541
8896
4225
8141
5986
1933
673
8045
8327
6637
4882
8778
309
5448
237
8829
6249
5552
219
5039
628
857
9172
4740
1115
7170
4597
6724
4303
2304
6016
9895
9303
6326
3373
1933
2697
3634
4975
4583
9688
7414
1905
3429
774
1378
3551
2893
2219
4587
3872
9557
6574
7882
5841
6557
16
547
574
44
6424
5904
5273
6389
3688
7514
3645
6789
1247
116
2363
732
6936
7972
1347
9366
5472
2494
2560
1685
37
750
3818
4365
9657
1634
4847
4315
9494
2450
2555
403
3659
5661
2099
4533
2181
2273
7682
2474
4937
3334
7387
4177
7869
2904
7229
737
5814
8800
8324
8074
4460
5310
2732
620
282
7796
1969
8723
5730
7042
6034
2734
510
313
6915
4458
3696
206
898
7632
6842
8254
6945
7224
7354
2648
1106
8521
1389
4124
6113
7006
8933
6910
2347
9846
3973
5574
1836
4119
1401
3655
2054
1712
8754
3081
6445
9338
8959
2374
4608
9483
6999
2542
6402
9175
8995
9176
102
6418
3625
4821
8937
8023
4482
4738
1657
4958
9469
3242
2468
13
8877
8853
9803
7550
5229
9202
5429
4953
7780
4876
5584
8046
6052
1356
1666
9841
2620
6298
6941
3138
429
3425
1825
1735
841
7103
5292
4841
4071
7685
477
9400
7459
8609
4950
44
547
4854
671
3065
2309
8885
9638
1997
2340
922
8372
7114
1305
6405
156
9003
7965
8371
7581
9396
2557
200
8455
8762
9942
9179
7802
2732
7536
7823
9065
557
1271
6730
5854
5279
7812
6243
3383
8926
6395
2621
9870
4742
9758
42
886
2353
6110
558
9633
9009
1921
4994
2031
2455
4831
2992
6400
9613
6758
6306
8315
8358
2222
1106
8695
7056
4023
2333
5430
7219
2526
2089
3122
6857
1295
5583
4447
6874
228
8695
2720
7362
8651
7120
6150
5921
7397
4216
9059
5200
5979
2110
2413
8795
475
8145
6158
319
6849
3685
3191
2481
7809
9890
5301
4600
7936
3496
5660
5880
1090
6067
5264
492
2733
310
6626
4671
4253
2375
1687
3383
8146
4024
21
8399
6659
8413
3894
9056
1461
7455
8047
2747
5463
8972
3707
3957
981
7992
7184
3887
1116
4196
2275
7105
1325
3657
663
5379
7019
2785
4560
1160
4126
6947
9942
2775
2538
3673
2677
1623
8457
6335
7057
3638
9157
42
7319
3942
4706
3283
1615
7029
648
1583
7117
3399
2462
4412
4615
1458
6625
8506
1393
7894
3381
9955
3348
5063
8595
5432
5533
9688
2336
9226
5873
678
5470
1970
4382
5982
9595
8158
6589
6972
4999
1224
6772
8001
5524
1668
8328
9280
3046
4709
9135
229
1561
4541
2499
9890
6146
5888
9171
1176
4942
9923
9956
6830
9990
6327
1620
5409
2340
4220
3647
8408
6143
1315
6634
8307
6754
4884
9629
3488
380
8920
7470
5673
5664
6612
8040
3437
4860
8499
3275
3497
5686
4271
508
1795
2387
8028
2189
3347
2673
7857
1864
7215
5172
2036
1653
1537
2350
9520
9050
263
7495
2853
9858
886
9757
2061
1718
4268
3860
5430
2328
7953
5790
49
6143
6521
7942
8230
8093
7865
1431
9650
9020
2179
5737
1870
9702
703
3899
221
1060
8600
9436
6482
7118
9457
4611
6219
4034
4994
127
8270
9904
8195
8489
8718
5617
8659
9830
3322
8503
7413
5576
9138
6464
1992
7331
2711
4948
7314
6925
8526
1998
4264
8847
865
8904
8156
7912
5122
3790
116
481
4797
8997
1619
5963
3673
4404
9462
7844
7930
5248
829
2569
8102
694
3924
2374
4625
3442
6972
9896
8008
9804
811
8291
5223
7586
9853
2959
3239
9744
6454
6269
9848
4956
229
344
9542
5998
8918
6119
3211
3388
3140
3454
7313
5940
4232
6660
1042
7763
1843
5392
1230
3283
1397
7053
5352
4753
8551
6060
9486
1451
7051
696
4931
1624
3613
4276
2330
7986
2454
9057
3745
5311
4414
9068
856
9678
7435
916
3724
8492
4122
4569
7781
6806
2249
3424
6280
3640
9326
7011
8761
4916
3208
6277
5713
5615
8560
2723
2488
6501
4811
5302
4048
5325
3471
1189
6750
8454
3663
5832
7220
3777
7317
4599
5071
1721
3275
2288
5451
5117
9447
7320
5422
8510
9856
217
840
5555
7265
3513
9909
3562
4665
6411
2060
6825
8283
2351
5015
1938
1353
1604
4863
3973
4889
7646
9267
4272
7633
8323
4613
3250
740
2463
4033
9789
4600
9095
3211
5817
2995
8186
2532
3733
5475
1667
7656
88
5703
6940
3928
3622
1549
7565
8959
1550
3992
4578
7090
2800
5725
7194
6825
780
9499
4588
7589
8245
6452
8772
5421
1701
700
634
1465
6506
5326
3011
7194
9806
7061
3666
1012
7172
5774
9831
3225
5246
1991
1159
5187
9692
4388
8604
8525
4174
3166
3843
5726
3419
4584
4419
2004
8026
5200
637
7145
8686
157
8943
7668
6894
6747
259
2223
9314
8225
8101
2241
5850
1723
1809
8471
9912
1577
1098
5763
1294
1731
968
8513
1650
4071
4953
7842
2958
545
6951
7287
7219
5173
9354
8668
990
7468
2245
2094
243
5177
9659
1386
4342
1415
5588
5908
4280
8945
6027
3745
526
3197
7695
6705
1022
2470
9353
5148
1459
8852
4477
4120
2031
5050
4873
3124
3568
380
9354
4085
8683
6955
6990
970
7189
527
1765
9181
1089
6144
7729
5945
643
2944
172
5699
7523
8104
4680
134
5054
3006
33
1647
5526
9616
4303
3025
1753
8256
2488
6
9071
6043
8130
9076
7661
8487
8550
5831
9766
441
976
3824
2129
4337
3843
5002
4118
5411
2329
2964
8386
9778
3032
3008
5867
4682
6704
3928
1805
9866
2785
9527
674
1533
8746
7659
6864
9348
3996
821
1116
1713
3021
9770
3820
514
9592
6938
1722
8344
3281
1866
1141
8580
7590
8816
8690
7405
2386
2795
5183
3760
6651
8060
600
3364
6955
5605
9170
2984
7355
3516
7717
4380
7355
6043
8311
7433
2159
872
9699
3678
6996
5932
6889
4280
6832
3826
3535
3276
2182
8031
2405
4196
313
952
6037
69
9048
6788
9129
329
6376
4847
5495
381
6543
7895
8904
2681
7116
183
838
7767
4837
4910
819
8482
8504
1755
3174
6573
243
2023
3121
6476
6558
7823
8622
1843
6886
1453
872
7034
5877
4482
4501
9913
2301
9042
9089
4598
2004
4892
8550
8616
1608
2148
9927
150
2915
3966
6844
5265
3210
1417
9528
3483
5600
2518
1558
3475
3624
9076
6306
3871
3079
6298
7220
4964
5592
6848
9926
6228
5081
6090
5975
9652
1618
1825
6553
8473
2998
5360
8132
6687
2098
3416
9517
7974
5410
1184
753
8009
1107
3469
2284
7452
1635
330
678
8033
8436
1492
8077
7815
9056
7781
2590
8800
4743
2987
2620
6830
2227
7780
4067
4825
7725
5351
5046
4319
7944
3266
6948
7560
3578
4908
9129
9317
5115
3847
6081
3525
3031
8628
5368
3188
6205
9714
6493
4672
3370
4212
4517
1704
6432
7918
9803
7556
4383
1100
245
2347
7670
9807
7138
9461
9666
6389
31
62
9077
5252
1305
5268
9874
4258
908
5629
5637
2084
1370
1703
6512
2385
9496
1885
3455
9907
5330
4563
2477
3593
2863
2399
2208
2779
9951
5908
1503
5836
5440
4540
947
2645
4560
353
9563
1092
6493
6696
8426
2176
1017
3354
4924
6567
8249
6129
7654
9830
6012
4251
6682
6884
8280
718
1753
2667
8303
6105
2932
6212
97
6562
5659
6975
9980
9105
3590
4540
4559
6280
4770
169
4892
5197
8802
3384
6299
2998
2247
9387
2443
3232
9435
5119
2259
9708
9671
5186
599
2039
2277
7939
598
212
9919
9845
3552
5015
1510
9247
9429
1281
2655
9587
3001
2291
5544
2809
500
9169
8264
3239
6853
1158
3588
1199
1686
5693
9981
2741
5690
5810
5015
9083
3699
6070
5189
6860
9089
7161
6304
2561
9349
8919
3271
2323
4627
8319
9230
6
2615
9580
2925
5165
6240
6744
3160
2275
8965
6143
5831
2604
2352
1950
1634
3404
1340
1872
1031
4546
9753
7735
2998
6273
1486
4028
188
3566
5723
2830
8314
9525
603
1846
4338
8311
706
4763
8478
4271
8505
7553
4605
4978
9235
6349
4602
9604
3002
6675
9962
5671
779
2272
7538
3742
3979
7636
8339
1807
357
1351
2691
8807
817
7388
6361
1096
1538
4242
5157
4173
2635
4631
3321
8495
7279
4824
8616
1984
9589
7796
1210
9060
8468
63
265
751
7633
2305
8747
7945
5330
4830
972
5470
1757
5057
3063
2067
9250
9569
8033
4451
2593
1622
1058
8439
4602
6228
5584
7236
3968
7606
9658
4429
2376
4694
6190
8169
2692
5305
4728
272
1942
3224
744
3008
5443
6872
6111
1884
9254
2603
4565
1171
2846
5280
4505
5662
9702
6053
8902
7891
3934
4109
9423
7111
2299
2028
1015
9393
8024
2239
4575
1081
8230
2120
5981
4015
216
5975
6277
9047
324
6117
9495
4082
3510
3034
2548
9145
3399
8974
8734
4467
4757
3676
3180
6245
8160
8035
3239
5305
2801
1430
4483
1991
5366
307
5709
3183
430
5953
3278
9529
4814
9730
8985
8260
7630
2568
103
7787
2515
8660
7836
3814
6697
6889
5205
3068
2316
3007
1393
5365
4771
388
1401
2254
7658
1741
6029
6342
4491
8778
1997
9301
1400
3255
7281
6445
8792
2638
9269
2440
4284
3834
692
9841
956
9431
5359
5838
6354
3957
2682
4763
3555
9260
8820
2674
5957
3993
5410
3846
5058
7638
2454
6176
4040
1719
6497
7408
9017
4369
562
9061
4278
2549
4009
5847
4131
9738
2317
8641
7735
3257
4039
5933
5939
2721
9913
5208
6428
3803
7790
7316
9607
4857
8990
5484
6272
6855
2446
3250
4278
3907
9699
8324
9654
136
7825
6654
3923
8870
7748
3865
8095
6414
4586
1552
2425
2377
7003
9123
1907
9112
9782
6132
7630
7414
4009
9535
8100
2026
5612
23
9346
6377
5403
1083
4960
6056
7150
6680
9695
5375
1495
3272
8686
2569
1336
7304
488
2311
6750
951
5789
7252
3102
8218
7243
2963
8234
2796
922
3621
4383
803
2161
9304
3582
3806
2328
6313
7750
5242
7819
3321
6891
1812
1127
3053
69
9897
852
8671
727
1129
4047
1506
5561
3289
5731
739
6469
4504
6788
9660
3435
2217
2935
9346
1713
6207
705
4894
6107
1448
8347
728
595
7184
5295
6318
7556
2022
5889
9701
5225
3355
6125
5591
7293
6743
3145
266
4334
3349
5846
6498
7204
5183
5481
7436
1352
8052
6640
8763
9058
8886
3763
1168
4451
512
2521
2946
8971
2564
1972
4397
5768
9827
4778
9206
3773
4246
4432
4957
4282
6761
8933
6523
4733
9095
7865
875
7205
5313
4105
8357
319
983
8935
9413
9168
8057
2282
410
6637
1991
3951
2427
5193
3781
2219
2580
3948
9674
8142
5262
5165
6984
8341
8412
8796
230
7997
6657
3518
1976
2351
2575
3846
3328
5036
7547
4477
3214
550
8061
6669
1107
4536
1859
7376
4131
2371
1828
3536
8217
135
4962
9322
6212
5626
2025
36
3599
2184
1636
9591
8383
4439
9150
6923
8549
6549
4182
4894
9555
6224
1852
9793
3227
3906
3561
5599
1203
5783
8027
2347
5653
8333
653
5109
9347
2055
4101
3496
7256
2269
1334
3683
6153
2164
1398
7378
858
3062
9546
6296
2269
1933
3758
9915
5125
1521
9761
1852
1720
7131
8044
1378
2803
9781
8835
466
4168
7985
4004
7469
7219
1155
9933
518
3290
5179
2234
398
1266
3203
4748
9166
7118
8321
7413
7825
579
6409
1167
7115
1367
5251
1660
9465
615
6980
4440
7462
5352
5692
5675
2968
5797
6891
7275
7989
2231
160
1743
4197
8947
3488
9486
3605
7676
1887
9253
885
1626
6814
2711
8239
6483
9410
2335
3220
7717
3693
5201
2341
501
3963
5166
2683
9714
1642
3398
419
2659
9703
2008
554
8671
3777
3941
1696
8315
4428
4131
556
6189
4805
1501
9212
6976
1885
8855
1127
6848
2868
7328
3970
21
2499
1680
7051
1501
5445
769
9013
786
1139
1034
9744
3451
4939
5589
8244
7357
5084
4530
4026
6114
7409
4341
8199
3090
2055
3339
1862
3758
1197
2570
369
9004
1591
6774
1564
1644
4831
9839
8862
7176
1560
2984
4940
9610
4880
7363
8740
5864
7762
7095
4611
6043
7301
4756
9091
4078
9637
8221
4885
8497
1324
9283
3639
8364
8092
4483
8354
3169
3676
2998
5154
5498
876
5623
9106
3538
9622
1681
2052
4816
4691
9926
2747
2829
5559
4044
2229
6262
1195
7841
792
4718
4341
2176
391
827
3958
8668
1984
3216
5136
889
2982
6171
1073
3258
1367
1685
848
5828
6825
2519
5347
8130
1029
2012
8299
6434
704
5841
380
4557
8402
552
749
5123
453
1564
8
9396
5740
5295
5807
1852
5533
6479
9052
4182
3165
1304
7554
4145
5174
8531
6101
5680
1735
8603
99
1914
9480
5408
4158
130
2553
9125
6295
3602
7430
3555
6984
2080
2937
6753
3805
4547
5068
5451
2832
2542
8489
9967
7952
8730
1984
1447
8894
1747
6628
4816
5908
3161
3618
3593
2754
4614
4159
7127
4518
9247
9421
6917
3575
4708
7098
5049
2591
6401
3910
8978
5922
5783
1054
8525
4399
741
2442
4151
8738
8879
6415
1277
6771
1905
2145
2879
6543
1325
2617
9379
2288
1328
5247
9173
3516
7826
2565
1948
7895
7948
1999
7816
2358
5572
7442
5560
1409
1012
1528
4696
8484
9305
5325
6951
9699
7639
4682
6886
1111
122
7899
6860
2985
343
1647
9495
2473
3569
7484
9342
8507
7703
3516
4881
4367
2410
9896
6210
4812
333
3503
1116
2425
1189
6147
785
6776
3056
9936
7731
1150
5154
1338
8968
7139
7594
578
3072
6579
4595
68
6514
7454
9974
6416
7314
4482
5613
9667
1552
3171
3762
3346
4458
2565
5846
7683
3825
1926
6286
6135
6360
8890
9832
568
5593
851
6059
9371
2963
9133
5852
3585
4574
1636
3341
7392
3246
2851
3328
1785
2357
2106
8937
4678
7619
9259
2081
8210
6697
2577
8119
9812
3100
4989
9105
2345
6132
4366
4416
4510
3972
3404
8017
1911
2324
3618
9360
7039
7929
4534
631
6716
4343
1701
1253
6798
7949
752
9721
8516
5806
6973
2365
7210
2928
8444
720
7635
7373
7351
5068
3808
6711
3476
1862
8282
2825
922
6403
7745
6328
2942
4007
2641
7800
8825
329
910
9995
1799
6627
9181
8420
9215
4854
3230
9082
6378
1082
8217
7496
7298
7330
1252
4625
4152
7134
1902
8816
322
1962
9899
6014
3135
9444
1789
6829
3352
8763
4651
2257
4709
4899
2848
238
9001
36
8531
7869
4476
98
7455
712
4499
5320
6606
3909
5133
7774
6935
4239
8684
4553
5408
6527
5039
7729
1970
8490
6472
8510
4856
6676
2174
6908
2627
2674
3697
7293
1342
9101
8374
3325
2456
8018
2846
6529
8627
4503
9655
2585
168
6376
4222
5156
9541
8095
4623
1603
9477
5202
7612
4150
7690
2934
886
7826
9945
8962
6858
1076
8369
2078
3803
1343
4170
9530
9096
6993
6679
7755
2121
3059
119
5984
4300
832
6429
2355
7718
8221
1642
5995
6968
6486
7956
6702
9392
7978
6773
2819
1784
7100
9475
2853
3104
7243
3335
1044
7955
6075
4076
9622
2776
8546
8582
6155
5528
7871
3837
9598
22
9012
8180
3959
4896
5732
4826
2429
6049
6151
957
5801
8960
9803
629
2453
616
6885
9780
4068
7397
7157
8072
2299
1368
3159
4443
1053
2183
7254
3352
852
6100
7547
3833
8779
9608
3267
8641
4681
2972
158
7667
9095
6500
2068
5102
1795
7017
914
1349
77
9793
2274
1567
5166
7980
4505
1688
3385
7854
3161
6194
10
932
1159
9916
8170
4437
7447
8588
9557
4550
1875
7612
7666
4618
7163
9279
3905
2661
3062
9695
9060
3403
4550
9572
4980
25
4138
3458
6212
4463
8381
928
9970
8553
571
6224
874
8937
7172
6048
7349
2083
4121
2316
7886
8501
2947
5902
8373
7040
6692
7588
8765
1319
1061
1179
5376
9107
5374
2061
6322
1824
5476
3957
8834
680
5036
8203
5725
9434
4910
9760
7997
151
3781
3447
1167
6153
2882
9102
4867
79
336
1208
940
3593
5123
2505
2918
4173
10
5837
1815
916
8499
1925
926
9589
9261
4463
6872
9883
9241
9233
8594
997
5946
6385
1081
3706
7419
7796
7933
7654
528
7601
6388
7766
5492
8785
7050
7116
625
5766
8678
399
5999
1493
7992
3683
6659
513
1423
1232
9689
5638
2999
6050
8764
7022
2831
2044
6786
67
8297
4361
7269
7234
4314
9745
1340
4872
2817
6548
2744
7980
6037
6982
8906
4664
2406
151
738
1893
534
6509
3778
4467
5137
2753
1201
9154
7159
5491
4155
7536
6122
7931
4101
3359
8722
4973
2255
3809
7614
504
3395
6835
2150
3355
5385
2307
5132
1124
2813
2576
8336
9943
840
3789
5346
5831
554
6865
9298
4516
4666
8142
1844
769
3508
5659
5456
3600
6849
6512
5301
3421
2357
1310
158
3764
5025
6057
5692
7872
696
6548
8898
9920
3583
8983
6896
1032
3710
9390
1431
6850
5907
7969
5324
7727
6917
7995
8056
1342
1798
8842
1387
4054
9682
8195
8912
788
6340
1119
3260
8492
2632
9941
3728
2334
2763
2949
7182
727
1102
7327
3017
9921
3178
6894
9733
6408
45
9492
605
4345
1250
6818
4883
2265
9679
5892
5570
4223
4568
9208
3391
3647
5985
4585
2718
4244
5968
1036
8273
3753
1457
5782
7195
8053
8099
2456
243
6545
1072
2424
9524
694
2202
4765
3937
7432
1984
6087
438
3065
8176
6984
8585
3083
5638
8579
351
7798
5859
3199
8620
3330
1129
6296
5202
34
242
7427
2858
9069
1328
3452
5873
9562
9296
7134
713
1399
2744
3070
2641
4054
9311
4628
1791
4661
7148
7222
5097
6360
2518
5475
4803
3125
4346
985
5906
6988
4683
3844
751
1553
3412
5428
2952
2408
2889
2185
1120
3867
2076
7406
9111
6155
4859
2607
4676
3360
8790
2856
8782
6303
6206
2331
3626
5735
9689
2878
5119
8728
2
7215
4389
4289
7342
3236
892
8180
9241
9475
5545
1368
9615
4555
7787
7002
5894
4126
9660
9138
8232
8699
6451
8301
3279
7388
4374
6604
5705
2937
2860
1352
316
5174
7408
2736
3074
3040
3714
2450
325
9200
9848
1522
2006
5945
6162
9753
4102
8340
4011
1932
9992
7957
7835
2536
3454
5961
9402
487
8303
3278
4862
8738
4107
9152
741
6964
1189
8396
7022
3254
3055
5218
6546
8988
5652
4188
1328
2971
9422
2085
7830
6597
4807
6920
8620
6915
1997
438
9482
9581
9039
1667
8377
4457
1684
478
3431
8270
2635
1403
6404
2628
844
8303
3418
6699
7758
616
5113
7140
4530
6966
9376
4847
7916
2393
3192
4738
4209
3960
3962
6082
588
315
4113
4753
1195
5862
5354
7525
5703
6259
8232
9441
7409
5643
5140
2434
871
2496
8273
6104
3381
4826
6173
9023
2889
5004
9892
1737
2127
2338
3791
9113
7707
5146
6122
2895
1509
4604
2035
4203
2061
8790
4813
2512
7232
1513
4100
4326
7476
3514
3291
1483
1997
470
8994
1928
7202
8597
6932
1612
6217
8745
172
8791
3615
3827
4039
6469
4
5986
7844
8085
8259
8394
6536
8548
6655
9741
3295
1707
6328
2040
1645
1074
8717
9117
3250
239
540
6456
4459
6479
2949
6768
9861
1136
9036
4268
3405
9577
5341
8543
6579
710
8042
9473
9181
6851
7024
860
7592
2996
7896
6320
3449
2112
5881
5699
5281
6008
6586
6313
8927
5687
8165
8939
7855
9047
3960
4711
1984
797
4325
7604
6900
6787
7448
1760
4704
593
6585
2937
5187
2711
6951
1092
9556
2984
3685
3357
5923
6070
2273
9483
210
2375
4703
6207
5773
6017
6644
4169
1332
519
6446
4727
2441
3600
7057
4731
5300
7568
9964
3448
1077
9029
7098
1129
5345
1696
3573
8366
3565
1438
4981
4196
3609
8403
8389
5839
467
7794
5350
1750
3548
1338
4286
9052
7608
8480
9720
2534
9055
5765
2751
5774
8016
485
1509
7155
8597
4540
5693
4267
1778
2836
7065
1286
4599
7839
9229
144
1845
1245
6370
6450
2333
2411
775
6886
2628
9688
4642
437
9939
7461
2724
6606
8554
3337
6411
438
8245
3406
4945
8775
3606
683
8593
9495
8594
1647
1914
8085
5512
6583
7484
3825
1931
9580
9487
521
1585
8188
8690
7196
7509
9075
5233
1757
5495
6053
912
2470
8147
7771
9333
3542
4206
4872
9042
7721
2380
9047
6927
9730
4623
4211
2310
6903
7674
1218
968
6217
5124
2831
8525
6239
5416
4019
2649
2878
9785
1903
1338
3447
7971
3560
5021
6701
8253
8175
9904
6881
6106
4668
9218
9820
7502
4807
87
328
5358
4434
4808
7643
720
9958
9143
4530
8802
7785
7839
1510
3190
5945
4602
9357
2875
6680
45
15
2055
5667
974
2243
592
8720
5574
8758
3530
1316
2689
9560
7626
8879
9505
4963
9385
6533
5123
5784
6853
3193
3481
9704
8385
4472
4342
7867
5693
1551
3913
8945
7728
6969
129
9139
7889
1081
4158
8133
198
9729
7080
6138
5539
6205
9961
324
8180
8511
869
9479
9654
8824
106
552
1135
1807
5138
9303
7934
785
3973
3542
1133
7205
1372
2805
819
2170
2752
9196
7622
7984
417
7060
8093
5488
883
6162
5508
985
4498
7857
3033
3144
1750
4475
2595
7667
8545
8995
8690
9730
7669
5090
7409
7130
6372
6877
4808
3959
8207
1279
5982
7430
7055
6568
572
1469
5234
8146
3981
9911
6253
6971
6625
7103
3857
3524
7345
2696
56
2965
4236
8646
8862
8986
4736
6573
7916
4383
6005
613
5551
4931
4067
9590
9031
2060
6260
5110
2940
9047
5251
8316
5979
9241
7363
3488
1615
1448
1549
3745
5034
511
4610
7858
34
8770
2047
4210
6857
9150
7230
3718
5604
5115
744
1014
3853
1458
4280
3457
3812
4677
4171
4093
4176
2063
4292
6511
1491
5546
2252
3683
2876
4598
4518
537
3974
9228
8736
780
3678
4176
5478
5392
5762
3596
8481
599
6836
8479
1741
3440
3566
625
1272
7806
3055
7681
4213
4512
4019
8622
3281
1890
8385
7262
4877
5759
527
6062
6313
3104
9904
6887
3746
2326
6717
7737
6963
8784
6977
8295
9175
9705
9341
7407
1870
1954
2125
7475
9741
9239
722
2857
9456
5505
2190
7531
6795
6488
927
28
9470
7890
2370
9480
8054
6764
3161
3079
6176
6371
5607
4734
409
847
1143
5601
8082
4846
3645
3865
6159
8249
532
6478
7405
5141
4855
7889
9011
5944
6267
5881
7202
2821
3689
744
5142
9366
5018
1385
9471
5221
347
2600
4793
9671
5487
7517
4630
5109
980
9207
814
3065
6573
8705
6573
7697
3551
2308
5898
3491
2728
2153
3352
14
2745
2009
3478
9000
7124
6115
4321
473
8320
3161
1017
5507
4025
727
3104
3389
6693
1616
6735
7626
7153
2087
1299
811
7018
3896
2565
3502
7288
1137
9095
1344
2453
3648
2233
8070
8619
666
6716
6388
9130
2052
718
553
9913
4354
6356
1159
6245
6714
2422
6146
9701
1220
9571
4533
4973
2096
1461
9963
3729
9828
2000
2624
8369
4881
3700
8293
787
6737
7714
8314
7919
479
4492
5563
3619
8306
404
5786
8855
9943
2214
1253
8091
1563
6370
51
4732
3282
561
5136
6533
6359
8937
7634
3618
9536
8955
8616
1776
876
4698
6382
4785
5052
7686
7679
7419
7020
7430
7160
8304
7645
3781
7077
2920
2064
3683
6458
3354
2656
2219
3824
5898
2925
965
9370
7500
7825
5202
9683
3542
3984
6421
7221
2276
1873
497
5848
9333
4259
8973
8006
6563
3166
8885
7095
2336
1400
7946
5630
8763
3200
9017
7231
7938
7034
4888
7371
7586
1367
5549
7866
5545
7104
4649
9155
2893
7488
9602
2971
9397
668
1166
3879
7237
4431
3035
3264
2295
9782
4971
5971
1797
9572
3933
1489
3299
3587
3031
4154
1032
3288
335
2193
6206
6529
5129
7307
7487
6798
3146
9162
1727
618
5580
7649
889
2084
4890
851
3729
1806
7835
3324
1817
8113
3851
2123
15
2699
613
1370
5732
8038
4541
6252
3815
7078
3257
7602
8143
8655
3760
6330
3384
2625
5755
4741
4900
3553
1720
2804
8195
9333
2125
9934
6909
6395
105
1423
2076
1062
7830
9536
7847
2519
5931
1232
2505
8212
4494
6076
9249
2183
5735
8464
7394
6
3935
3690
4138
5930
3799
3335
1247
4462
629
2332
341
1574
1529
8931
349
8105
9406
1264
6616
573
8333
8399
2137
9390
6763
860
3048
5258
2930
8639
5154
7804
8893
3794
3454
8419
2972
1984
906
9022
5384
8219
1604
998
1728
1306
7574
2984
5202
638
7288
6205
3766
9199
6073
4488
4084
5703
3384
1004
7334
5387
7580
903
3015
2674
2884
8063
9211
2435
889
376
5384
6735
7375
2559
8850
7064
6410
4486
8421
7981
5806
8155
1595
1011
5582
1815
9357
7105
6630
9153
9158
5784
4692
3004
612
941
81
9636
8759
8981
8110
8336
7324
4204
8809
948
643
3409
735
135
5691
9010
5387
3323
1936
9711
5645
5198
9195
4877
2694
2716
3944
7898
2191
2063
1701
8520
6393
3396
6502
9625
8607
8523
917
5029
5239
5419
2710
6170
1880
2543
3801
5600
9318
4257
1625
8839
5752
418
865
7136
4027
6819
382
6310
111
2259
7968
2679
4639
5125
7210
1298
4078
1164
1849
2527
9613
5334
7585
7237
4345
3203
1138
4716
4705
7249
5257
9088
1989
3782
2916
7902
9305
7304
2318
4286
5641
9596
7032
1357
2424
4969
5608
9142
9553
2824
3899
573
7502
5339
9830
2408
6582
3655
3898
3418
8912
31
9734
2636
1398
2398
2502
2650
6054
7985
3353
9032
850
9439
5105
4559
7143
1269
4372
3177
8970
866
3151
9524
4334
2908
1833
9430
8419
3022
1589
5677
6840
8191
2114
8753
4929
2815
1933
5657
6051
3888
9286
8999
6332
511
6208
6449
2880
4141
8241
925
1887
6255
6921
8488
9842
5518
6576
7395
6387
7516
4472
8922
60
6724
9906
6946
2664
4316
8140
5295
4279
6922
9368
2511
8013
6240
9767
7399
1705
3093
5124
6615
7154
8146
9230
6460
8845
6549
7437
3635
3804
4549
422
9685
3153
4772
3977
3139
3041
8570
6904
5583
6995
5651
1058
7508
4327
7975
2077
5796
499
8049
4257
1612
553
8703
6529
4277
2901
806
6869
8186
6865
574
2787
5329
6363
1841
6477
5288
2591
3116
4595
8526
9710
191
7129
3547
1152
5671
1539
6156
6789
1701
1356
7903
4679
2411
9031
6375
5579
7826
2924
6829
4807
9883
9428
4755
4637
4640
432
5670
6965
262
1843
815
1577
8514
8017
7622
1706
9381
2367
4293
4561
7973
6233
116
207
5609
7698
661
5909
7648
9238
750
6768
9967
988
5439
9340
3381
23
719
5065
3469
9308
7672
8747
6112
301
363
7723
7396
180
8785
4619
1813
4699
463
8471
4173
5080
7253
7207
4227
3815
8307
1905
3118
5759
1080
4459
1525
9574
2137
9166
6436
5376
9291
