6049
8809
8532
2798
8671
7937
7360
3539
3558
441
4854
2084
3043
8445
1700
3429
922
6997
7867
3922
583
3632
2882
3473
5023
6089
8918
3876
6821
8313
4479
3629
8056
5993
3518
4222
6537
2593
3
9932
3275
4930
1643
7199
9363
7901
6871
2985
5903
1326
8248
2832
7635
936
4806
4490
9294
5806
9439
2724
5899
4315
4332
2335
916
3615
9039
7655
8304
2215
3193
5105
4605
1928
5657
1281
7113
8679
3439
4341
8010
7416
8078
7362
9774
2401
8175
7561
1724
7914
6658
4261
729
2995
1648
8963
3799
5745
28
3039
1800
3607
2856
5559
208
5518
3763
6318
8808
9249
592
5535
1775
5703
8370
8972
4347
2381
1635
4706
4141
2111
6852
8218
9667
323
3311
6799
8727
5699
1624
391
756
2789
5218
6225
7560
3064
8477
8585
4933
8349
4029
7882
7170
3424
4039
6097
2959
7473
4564
8393
757
2164
8520
7721
9772
3649
4588
2790
7606
8104
9623
5478
9656
4021
4171
5955
7673
9131
6684
7735
8739
5377
7835
8778
9911
2070
769
6038
1341
2
6919
4867
2665
9514
1730
7764
7000
8831
7692
7580
442
6452
4621
1806
2330
3963
1881
9617
9752
8651
8579
4652
4711
5071
8831
4611
2210
7726
6612
7870
4698
7426
784
5122
9867
7751
1174
9855
1917
3282
9267
598
3141
5260
7343
2420
9499
9962
5662
2399
4423
7386
9478
1099
4149
2540
762
2346
9447
3274
965
8638
3049
2198
9667
5228
3872
943
3129
3007
8028
8623
2965
694
4861
6899
5088
5195
4545
5240
3519
5313
8315
1647
9145
5561
1712
9068
2611
3105
5402
9841
6647
4090
4623
498
451
7812
5244
7413
6254
760
7403
6664
6357
5490
4821
3038
180
8057
3760
4679
8656
4540
8152
2587
5873
8042
156
3667
8620
1598
9760
9157
174
7413
2080
6826
6742
2206
2404
4557
2521
6446
5390
418
9417
4508
1360
8864
3999
3919
4811
8332
6421
4930
6195
580
5248
1057
8606
4469
7979
6724
6059
1514
4191
1445
7727
2881
6622
9278
922
4635
1167
2724
1544
1136
9091
6298
9652
2045
6790
4740
6871
9180
4561
1817
5198
6061
973
9587
8074
9638
8802
3431
9088
5588
9981
6171
9552
9597
4640
329
3251
7012
9123
4639
2494
5912
9096
3247
9764
7994
6700
7994
8135
489
9689
9556
6478
1387
489
8164
643
9754
2837
5755
963
2904
5788
3486
9208
4401
2671
6209
2468
9612
9881
5314
9251
7533
5803
1071
8915
3514
6229
4966
2304
2840
4353
8631
9384
929
4298
7863
4013
5252
7994
5700
1241
6058
6976
9808
1627
3392
1360
508
3743
4934
7077
5042
8092
5027
4754
4239
3959
8642
6278
4299
9622
2509
189
5718
222
3940
1971
7601
3357
3578
1587
1414
6532
2397
4702
2310
5644
5104
8680
4717
8074
1638
4620
4899
4253
6461
5151
4305
7235
4981
6658
8990
6059
4108
865
422
2598
6727
1032
2630
4887
6798
6949
9446
2393
6997
9257
7731
9904
5651
2713
8408
2791
8113
721
6456
2713
1360
1335
2299
3595
7767
1373
1475
9766
4712
5696
2393
8962
4766
7822
2873
382
694
6164
1703
7421
6502
6389
76
714
2638
7783
5041
5148
9594
3880
9671
6388
7393
4942
5904
675
4301
491
1341
1065
2935
5631
533
1816
2238
3240
7519
3431
3492
2516
3789
3266
1317
1943
2789
6127
453
4120
8188
1051
101
8181
5921
1411
8434
6743
7860
6815
8938
4897
3713
4312
1371
5442
7037
7066
3514
2106
4860
277
541
9065
8988
510
7846
4066
9809
5490
5260
9790
8926
6746
5223
1485
2877
6169
1368
120
2939
339
803
4930
259
9656
4122
173
2709
4206
7351
3880
1091
5085
1461
7878
8088
6803
5436
9146
6517
760
5031
5230
4457
9292
532
4819
45
8380
8855
8803
5065
1075
7115
4610
8294
4893
1206
2259
9825
1479
3976
6999
5433
9810
3104
7152
389
6279
6891
7075
8741
9636
8330
2060
9795
7284
3678
5484
8725
9437
9075
3421
435
4995
6534
7990
6031
7098
4405
9257
8022
9624
4065
7146
9489
5785
7826
8171
5960
3116
6520
1314
7060
6811
9081
7068
6079
3080
2939
1354
6427
8818
1440
6906
2539
7575
7177
8257
4978
2595
9993
8595
566
6023
4135
6693
1169
8965
2975
4618
5428
6376
8102
8154
9991
4336
4551
6833
1953
7147
7679
4435
6497
95
4562
3293
4951
2851
3831
1799
1314
9534
5735
6709
1767
7543
4765
1469
7434
2427
2043
4435
9261
4397
393
1727
7186
7400
3098
9408
4414
8384
8909
2778
4108
8071
4908
4443
1546
379
2421
4076
9828
7724
6531
7779
8412
9196
7128
9637
8787
2399
4329
6856
7287
6817
8902
7270
5032
8151
2292
6637
1640
3869
6233
1780
2863
1999
9604
1912
3544
595
1094
5861
9532
9331
7841
6848
2345
1369
459
8977
3646
3428
6271
110
1222
8039
6960
9314
2270
7888
3163
4348
3541
7269
4072
7364
6815
5322
2364
8632
1285
1728
9375
469
2781
8711
2485
9969
8834
7588
9595
4261
6096
8974
2223
4296
7694
4674
9548
8951
3544
823
4001
4257
759
8572
3325
8542
6880
3517
2890
3039
8230
5108
1235
5824
5132
3915
3330
362
4443
6256
7226
8566
12
3714
6782
2220
4019
5256
877
9673
5545
4321
1099
2671
324
8838
5021
8342
7941
907
9392
4768
7933
1092
4470
7514
6941
5588
2062
4431
2329
7393
1631
215
2904
5044
337
4460
954
5804
5672
1469
406
1778
3645
2795
1647
7079
9403
1281
6835
4889
4451
9152
1360
5268
3869
4920
3811
2934
4779
7443
686
8891
3579
2588
8837
3463
1562
637
86
3202
3263
3366
9667
1853
2843
7481
5516
7698
8891
3793
7373
4538
6839
4227
2706
5145
6219
5629
675
4371
1791
4476
7808
466
4260
2393
7434
6751
3150
323
1595
7006
6329
2472
7379
2230
3305
9228
8032
7357
4594
9325
4361
9203
1136
1133
4615
5493
7348
8206
9185
9858
1660
1020
9346
778
1438
4451
2889
1265
3537
7442
2445
6355
2439
5111
8379
546
2315
8746
5645
2267
3043
150
3833
8087
6146
4194
2723
9453
8173
6205
9680
1413
2023
6152
5832
1303
4860
9405
1767
545
9159
2429
1040
39
2960
8104
6510
3621
7845
8997
3385
3280
4723
6434
6753
5099
6513
2629
1611
1126
2777
5824
9301
9088
5605
5363
6870
1613
8018
7132
8119
9282
3651
1657
7849
8701
7461
254
3553
1026
3370
1458
5943
7633
5525
3908
3527
9283
305
2891
6305
6626
9277
3034
9955
8664
8536
8659
1121
5872
9157
4834
3726
4601
7579
8138
4378
5737
1020
9518
4456
7902
6976
5973
2891
8480
3645
672
8316
4162
869
3448
603
2039
3404
3536
7023
321
3749
5610
9307
6276
9576
9893
6480
9993
8626
5844
7993
6815
2440
2138
7735
8460
1849
2001
4057
3922
3872
603
1479
2668
7363
2079
2011
8071
3243
6533
4397
7150
3152
9325
314
9469
2127
4825
9552
9271
6091
6378
6153
7011
4414
8408
8657
8737
9994
4284
8085
8283
3793
8839
858
38
8477
2918
7031
5256
3037
3341
7425
179
284
2783
4769
4495
1471
4976
4931
5878
5851
9954
4478
5753
5553
4043
9355
977
296
5432
7508
1935
2805
107
3898
532
3208
463
355
6668
3430
4284
4894
1349
3519
1382
9012
79
876
1168
2205
2219
4903
6142
5308
1141
5302
5352
7128
5374
4133
3754
4296
7154
3039
9112
7803
4825
6585
639
8049
377
2795
9479
1753
9352
2572
1492
3031
4255
8200
4252
81
9882
5681
9747
5495
3963
6128
4737
9806
9935
886
1782
6519
5097
2147
8372
1328
2986
1490
7066
7366
5762
6751
6145
741
6255
7318
8878
5007
1700
4650
1656
4916
3398
3486
6580
5508
2848
1299
6221
9166
6614
3823
6255
1700
4342
5302
1762
5566
8250
5448
3427
1479
7674
5943
750
2183
4159
3570
9480
766
9634
1763
6921
1850
7731
6386
7879
7078
54
884
2237
6015
9351
2916
9754
8707
558
3643
4550
952
1662
1743
3760
3543
951
3078
7554
1619
7227
1157
870
7146
478
4953
8514
7670
3766
7409
974
1904
3810
5222
1398
6963
6503
6408
2971
5400
5845
7351
4564
6787
5881
1851
1539
6633
1692
2688
7522
2077
6456
4369
7147
6614
7802
4335
6103
3453
8467
2735
1438
1736
9528
2846
237
6511
6106
2017
8502
8328
5680
5165
9969
9811
9728
6671
6817
3828
908
9210
1873
7832
9817
7547
3564
6741
7963
9274
6108
9875
3981
3247
9595
5985
1213
7759
2261
7190
8243
4994
3519
9253
1
7585
8992
8940
5542
8257
4733
3337
3869
2375
5875
8088
3379
7495
9869
9054
6918
5757
8358
3243
8584
71
2152
2352
675
2109
995
6765
3894
414
7609
4549
8254
296
5318
5281
112
2100
3965
1085
3698
8220
2813
5107
9561
1033
5394
7314
2717
7485
7560
7722
6697
3594
7259
7815
847
3629
1274
5384
7240
2331
3145
1419
3161
6550
1909
3031
4641
4507
1139
917
7967
6460
4546
9419
5424
325
159
1542
1302
4381
3046
4756
2500
7419
3862
5340
4886
4818
3582
730
7149
2555
8931
2523
4808
8013
5907
5521
174
540
8708
3315
6712
2539
2246
7605
924
3343
1111
2415
9043
4689
3333
5036
4380
8383
8958
3650
6666
4193
291
9352
4952
5491
971
9
9805
8355
2772
7684
8411
7849
4324
7165
8161
5230
9133
6340
8016
1162
3695
9504
6570
9086
1784
3079
9462
7979
9142
4604
1664
3869
7645
9766
1278
711
7460
1721
4414
7740
1626
9076
8923
7559
966
4486
3870
2424
8924
2653
5264
1340
7611
3549
3117
2151
6963
3401
6133
6193
4644
4465
6525
2730
5185
3496
3762
1579
2660
5872
5453
3963
8907
6020
818
3754
3040
3746
5347
2606
8982
8564
7761
823
9663
1754
3922
3841
570
9429
2190
9462
7658
8290
771
9709
7138
4241
5705
1619
8637
3296
9760
8020
4970
7145
3509
4470
4164
4390
6436
8979
9999
5580
2551
1297
8094
1579
4492
6559
882
1184
36
1038
4925
6340
7208
2521
2325
2277
4534
1523
9540
2767
3194
8076
891
4263
2872
6831
5527
1572
8005
1035
4156
2762
5845
9596
366
6612
9806
5061
1070
5693
9260
5469
8257
1852
5406
7459
5901
9690
5934
9311
1036
240
2782
5286
7283
417
6510
985
396
5890
7578
4443
4272
4514
9263
7725
7009
6474
8510
1832
1266
6306
6393
6438
2138
3516
6587
8414
6909
9074
6837
2074
395
1159
7474
599
3301
3148
8059
8056
4729
4258
6679
5414
7791
9239
5162
1592
1627
2447
9327
6235
3619
1776
1920
3183
5499
9338
6178
1294
9564
3889
2061
9930
7267
8457
2969
5297
8613
4108
2357
671
5696
9306
416
2577
941
1502
1930
5825
5090
9721
1525
4675
2036
3566
3653
3099
8809
1545
8582
5912
8443
525
5613
6961
4169
7384
8807
3467
4616
2949
1533
2916
9014
861
1129
1567
3951
9387
7426
9884
8696
1019
3139
7107
7625
7374
59
1037
6280
9229
5165
9744
8368
247
1719
2741
6721
3210
3055
7255
7664
266
7385
6377
671
4192
8870
1588
9272
2785
2391
5789
5186
9417
3247
4688
2470
4645
8070
1147
7852
1227
794
9976
4542
5446
8767
2472
8174
7505
6679
9465
3443
3055
8317
9524
975
2101
5819
9285
4508
9589
6588
792
7652
792
7276
2828
2752
1143
6379
4583
5480
9301
2656
6486
6426
8588
9466
7711
997
8371
914
6245
4293
41
9852
1975
297
130
4013
2694
5519
9979
326
3424
7362
5450
8382
798
7498
2663
3214
3286
7314
5345
8581
7694
118
9118
2828
3134
6267
3715
8788
6288
3896
6940
9723
6823
9026
8441
4302
6281
9766
2390
1416
6379
1248
7509
7273
4967
200
649
8658
7868
7116
6994
9388
9235
8120
2128
6152
7401
3889
2933
3425
942
9522
4172
7342
6904
30
5744
8499
4052
9828
6635
6695
3579
5601
5468
3505
7661
7135
4003
1451
1565
634
3612
9929
8089
1123
7669
6003
3716
9694
9070
5773
6241
1750
5452
680
878
3569
6378
5585
2107
6222
2221
743
3270
4842
275
2522
1540
3010
4311
6687
9245
8162
1635
6864
9653
8252
9138
3776
5427
6869
7488
1132
6928
8921
721
9421
9741
126
379
3802
4673
4982
7602
923
4350
143
3774
6872
2159
7781
9290
9871
6000
8630
6635
8645
4730
5558
4187
259
9433
5337
2193
8626
1308
9886
9007
1618
6665
8523
5640
2227
4874
2658
5564
5159
5080
1363
2065
7759
786
1868
9519
1
922
2476
8392
6011
4060
4853
931
4786
8412
6303
5268
291
2699
3497
7385
522
8214
874
6819
3761
3819
7013
6591
3328
2328
4252
880
3475
5266
652
3387
5353
9519
2518
1743
1048
64
1741
2223
670
9775
5675
7357
659
4545
6270
5412
5738
3479
2960
5410
9350
5111
9732
4032
9497
1298
6364
5872
9112
9378
1832
866
1114
8482
8200
5027
6623
4234
3859
6162
6062
1685
768
7744
8406
1040
6785
4708
6310
7298
4144
6552
3640
8627
242
883
7784
9578
3784
5988
6674
4838
4900
6311
5961
7465
424
6072
9108
1740
2090
2785
7556
2291
6019
7361
2272
1567
8391
3068
7313
5849
4464
3353
2793
7954
6947
12
6350
7892
212
7039
6597
723
772
5631
3306
3078
9864
4962
8651
3581
102
640
7332
6702
89
8437
8102
1439
5683
5617
9200
114
6802
4313
5503
3448
8763
8014
9617
9763
6723
1191
8726
7549
9757
9646
4191
2606
7645
7861
8137
3230
3211
7779
6707
9192
9140
7326
154
4710
5898
3190
7126
2527
1643
5548
9005
4362
4063
8734
373
9773
1322
5696
7399
8646
2514
5592
2975
6422
5851
2213
4416
9765
3806
4397
1444
3974
7176
7506
8129
6936
6654
6816
6551
8789
9615
6118
4502
2939
9794
3247
6445
4244
6333
252
9645
3493
2999
8336
3836
8224
3222
5831
9861
9269
562
2595
3356
7548
8779
4804
9279
8104
5909
371
8009
6520
3905
8156
7728
1359
7192
7622
926
8766
7472
9153
188
2923
7105
7978
6426
3041
5025
2637
5372
9059
9755
9672
143
558
6191
8328
5417
7418
3795
8387
2605
7180
9654
6449
7022
5931
6853
7143
1547
1789
9815
5569
4153
5358
7747
3516
4110
1293
7425
7837
4649
5602
9422
8545
576
4879
2457
1746
2177
7299
6538
275
7641
5909
4851
6473
1955
3315
2030
6549
3609
2358
7205
6162
230
6673
8481
3704
8636
7911
7786
682
9792
9847
1966
2514
7923
213
2557
8503
7900
5590
5104
8760
1201
2615
8329
7288
7845
3994
3174
4854
1931
7438
5984
7831
1416
1209
4512
4242
5639
1989
1104
8424
4646
8005
9615
9982
5069
9427
5998
6441
5455
5223
7672
3781
377
4757
2927
2066
4199
2244
6241
1707
7430
7143
5674
6548
932
4537
3858
959
6451
8778
871
8811
9469
7040
1973
5291
3282
5420
2002
14
7452
7499
1431
6143
1299
6789
6552
1595
7421
7125
3060
1867
4477
4037
6695
3869
172
6422
7933
5795
5461
457
6754
6472
6874
1149
1013
6794
101
6613
4379
953
9001
1877
9967
3802
8214
6697
3943
2712
4619
786
2754
7688
7349
334
4221
7287
6310
3779
4037
5266
1
8312
6710
8786
2866
9167
8034
7410
746
7603
6990
2062
9128
1274
7270
1674
3412
2983
2705
8764
3556
6847
8879
1479
1233
1045
1758
7316
6644
1940
4428
1471
5786
9081
3335
1052
7255
5803
5488
8757
4055
4792
3615
3937
9871
3869
9215
306
1745
369
4490
5946
6414
8927
7615
9531
6790
3150
2639
1258
8828
6046
3800
3135
8661
7313
3577
1148
8239
8260
7940
9655
3005
2729
5697
9398
7680
2178
8831
6310
8706
2428
581
2616
4156
1014
727
8713
1976
7068
5828
5452
2432
5204
620
9878
3525
2836
9167
2661
2828
3166
5185
798
4243
3530
3433
9906
3313
5934
5401
6252
3899
3884
744
8937
2130
3384
522
2981
9306
2389
2337
4206
38
7595
397
2999
6991
9639
5823
91
4020
8766
6395
5788
298
3359
7563
631
2276
3173
8417
3110
4559
9701
9173
7746
9796
490
4172
4210
3088
2251
7849
6276
9665
5766
7405
9495
2630
1627
2219
6307
7593
5656
6294
934
3641
6588
1803
1163
8351
3241
7947
4441
7170
9387
4657
1157
9926
624
850
2949
3856
1043
418
2611
8484
9225
3874
7050
7119
6279
2327
175
3761
8318
7895
5999
8834
9717
1389
2033
4837
849
6204
408
8185
2674
1487
280
988
381
4575
1730
5595
4402
7070
3533
7061
4393
208
8739
3693
7870
1177
2805
6558
2246
8209
1004
169
6621
8612
4301
7113
2846
5655
1624
6488
2990
4581
2430
2650
5365
7303
3708
999
762
1969
5176
3927
3737
7385
7639
4613
3060
3027
2200
3750
5764
1336
3041
1059
2618
1766
9428
6577
8758
5504
4157
7666
675
3461
5099
8117
7581
3006
3864
3160
6032
4305
1015
5149
5918
6627
6809
1755
7004
2970
7340
8811
7307
9121
3729
4307
5390
1076
4904
8592
1468
2011
2586
5564
212
2340
7427
5935
5416
4825
5530
5409
3464
1376
8878
4365
523
1233
5406
6338
1004
8242
3509
8019
3759
6479
7505
5086
4607
5349
1119
8170
1525
8125
8340
105
7207
6358
5722
8637
1130
9563
7717
8295
3125
6948
1297
5914
1109
6760
170
5838
4198
6607
9751
9745
597
6998
676
8440
4879
1004
4923
4259
660
8713
7023
9694
446
9327
9188
851
8360
7016
4942
8477
6445
7374
8628
4792
7423
410
337
5444
4096
6213
8391
1433
4976
5914
2128
2196
2819
5468
8898
3519
5406
3347
6430
7182
1694
9394
6054
7893
6997
1236
3384
6648
1299
9477
6332
1595
397
4429
2518
8584
9388
6167
9512
8782
6980
656
8439
758
3791
266
1911
4593
9926
96
5446
5822
8811
9044
851
7480
7270
3924
2249
5355
9466
8892
8795
2391
9971
8580
766
109
8767
7770
7501
38
1926
2411
5245
2547
999
4810
3614
2687
2464
515
9979
9729
9433
9369
8446
6382
6606
5163
4163
6923
3688
3814
6247
9936
7575
3924
252
5847
5805
4578
9724
3300
6361
1615
4776
3727
1439
2592
6460
6524
1953
3888
4240
5276
1500
4085
5581
332
4754
2638
9018
2091
8975
4632
8339
8058
6842
6624
7077
6700
7002
3938
6440
8812
3234
8112
4217
4637
3371
6319
835
6556
4716
3484
4602
7811
4344
4171
916
8743
8981
7375
2259
640
692
8950
9875
1033
5346
2108
6157
6269
9546
2080
150
8178
5348
6995
9319
754
3358
3564
5017
5427
7558
5705
2445
248
2161
497
4597
5505
7659
4196
5666
5438
8779
8035
9563
1537
4562
3852
1719
3984
3185
8782
7000
2890
692
1947
6116
1
7534
5947
6353
2517
6482
4093
4044
2530
9803
6121
9733
960
1913
8816
1771
5640
3336
6773
9968
5350
4495
3333
3048
6345
4514
3713
4916
728
7941
4141
5189
943
2429
1536
5503
9799
852
7036
4988
3763
3657
232
7161
2518
3890
7768
6177
6274
1631
1390
8724
5708
1132
7434
7428
5419
9027
5181
2972
7952
3707
2411
7566
8143
4625
783
3671
6363
8593
9384
4336
5231
4033
1761
4820
9417
5930
2271
2569
1313
8484
5283
4605
631
318
6079
8335
2763
8278
7717
1014
9238
1851
6155
4226
2182
2668
1211
189
5078
7900
4263
477
4332
741
42
426
8699
6230
7625
3862
6777
2539
6264
2958
7195
2567
25
4476
3293
9409
2207
1461
702
2776
448
9014
7655
9571
7273
1334
9804
1626
9596
6039
4779
9243
4325
5103
6274
4586
3850
5102
9341
7672
1776
587
7964
9966
7930
6783
115
6134
6605
5949
4316
1014
3887
5021
4071
3115
4621
3956
1089
2766
9420
9778
2338
1877
5751
9367
5552
5448
1847
9794
8370
5822
1201
8
4239
1989
6424
5310
6484
2906
20
5923
4596
6570
5003
44
7433
2134
8475
1293
5129
6396
2617
3873
4933
6952
2644
7495
5755
6599
3507
6105
9931
4963
8701
8553
646
8000
2151
9611
3298
3377
215
2649
1962
3608
2344
8087
9186
8857
5590
9940
3097
7993
89
5625
5575
3736
5679
3985
6854
1480
9234
6613
5181
1193
9512
6035
7366
8803
3977
5386
7377
6623
5420
9301
8498
6419
8538
5474
566
8039
4916
9949
6307
5496
5695
7133
8861
8953
4493
1371
5940
5265
9288
9691
5195
6790
9608
8073
180
5555
5428
9073
4342
2952
4021
1642
3088
6511
3557
5712
4184
390
2535
4204
7420
4238
2928
4915
154
5663
1330
8232
7659
118
5370
5262
5706
8044
6912
9870
3554
6100
2811
3282
501
1248
7623
2540
3417
3328
3598
6133
7372
6441
5555
6454
9113
78
767
204
5635
4462
9090
3020
2286
6889
6027
7715
8157
4336
6835
120
9669
6776
5331
2081
7457
8603
2118
7791
4767
555
2120
6247
5591
115
3806
4029
1612
4461
3504
5551
4219
8825
4401
7275
2465
2369
4063
2382
8089
646
1126
3595
9666
7061
5359
4292
7614
3244
2933
1303
2855
644
968
9496
1117
4634
474
5575
7707
9565
9751
9390
7511
5606
2386
7354
1239
2959
1419
8099
4305
2370
5629
9401
6235
2511
9875
7565
9570
2585
2890
7001
2518
8573
3521
9437
7329
8928
9613
1703
9192
4437
2585
9614
8922
616
9291
1899
8742
3913
6994
1573
5370
4264
8651
8615
3030
8649
5715
4128
8174
7140
2343
8199
3262
7485
8999
4041
4632
8283
5417
1473
5641
2150
9945
3362
2713
4642
4910
7828
2881
1347
5592
8776
4183
7227
5
5946
8933
3159
1396
4610
8952
3347
2881
1127
6084
8005
558
4289
85
1837
6482
8281
6112
8775
5099
2975
9368
1977
5584
5704
5980
1695
7921
7202
6237
6641
1600
9829
222
9022
9096
1639
2596
8600
7083
6732
6205
4987
890
7241
8797
4315
7246
2387
4259
3497
7492
57
5482
8433
5236
9979
5419
2068
2658
9733
5952
1933
1405
5612
8403
545
1462
3411
1237
1416
4283
4746
5307
5235
2560
6228
5251
25
8175
2852
7316
2306
2710
2995
5523
4575
2383
5921
5634
6147
510
2902
3043
7826
3571
819
1354
2101
3967
3385
9136
8535
8051
4405
5108
6160
3955
8103
1932
5675
3018
1646
3769
949
7304
4355
7032
5733
5190
6814
9653
3010
9401
4184
7914
1414
7317
6206
3910
4349
9401
766
7160
7961
2392
2
2314
7318
5512
5030
7883
3701
8451
6231
3269
1575
9195
6314
4173
8999
8027
5142
7400
5013
8008
848
9786
779
4678
3489
682
2221
3319
5478
6146
2594
7774
6739
4787
8409
6962
1444
7269
9690
9966
8770
6987
3115
4709
4095
1077
9835
3250
2286
5295
9407
414
2434
2903
8630
7163
9809
2108
6746
7149
1908
5810
9798
3160
7902
9217
9087
8501
8262
8813
5040
8270
2995
4689
5350
1192
9316
1653
3764
8129
3017
3694
3748
8303
1137
1012
3835
6536
7792
4479
1464
7679
6333
9018
8857
8828
1254
9066
7113
9333
6848
6056
6410
7336
1359
4122
1307
9899
8637
2016
7686
1578
3099
7257
3145
3199
1234
5334
9726
3696
3428
4966
7961
6898
2292
5137
7070
8828
3231
2129
3869
1078
1989
7674
9339
6736
4296
5369
9694
8111
5856
1146
8980
7938
4392
2340
3057
2723
184
3504
6787
3577
5888
7111
6131
5513
334
1561
91
461
2365
1193
9022
4909
1114
9557
4328
8202
4372
1044
132
3290
5759
3225
3412
8541
7652
9204
3120
3246
409
5655
8334
9765
5032
3061
3546
4121
431
8790
5490
9059
372
8792
1601
717
8739
5888
598
2009
6181
3326
1248
1999
494
2782
2584
3150
5540
6523
8283
9268
9223
2414
6115
809
993
5332
4961
4405
1467
1933
8680
9649
4489
6929
6713
8379
9043
3037
5959
7587
1137
2251
7926
9906
8515
6128
9253
9323
8730
3550
1909
9193
5798
7338
9845
1528
6845
2616
3644
6096
7861
2098
1250
284
2750
9016
426
9161
31
4225
6256
7594
6123
2735
6827
1976
4400
9104
3136
8678
6828
2817
4307
6882
2636
7486
6538
5192
3362
4293
1071
5041
6098
2328
7058
6840
6057
4080
5705
5453
4059
5119
789
4339
3511
4606
7411
2916
7481
3957
8219
1220
9677
4953
2408
8786
4059
3151
3892
7051
6851
4271
8448
1353
1909
5316
7917
6777
6829
479
8394
9002
9818
315
7434
609
2218
5020
5825
8634
404
3345
1515
7513
3473
5800
1225
2270
1927
9248
8888
8742
2724
3658
2000
3406
1139
3897
9047
6131
2558
2824
4255
6533
9873
6170
4563
1082
4710
7533
649
3486
8499
2648
3187
6072
796
2131
3624
8568
5669
5862
6795
4045
1209
6410
7397
9075
8432
9547
1284
5465
9728
991
5118
7393
4243
2624
4547
6256
6945
3557
6095
3941
7082
5775
7305
7798
1922
3311
8364
6934
3177
4229
8079
9972
4326
35
8882
1053
2303
5552
4823
944
6968
7064
5131
5058
4822
5968
5824
6968
8590
3176
584
3442
3214
9129
3152
88
56
7774
5495
6251
9671
9856
8569
3934
1231
3993
1996
9422
5461
5465
9846
6124
5992
2471
1657
7020
4203
2495
1132
2374
2785
5642
72
7465
7395
155
4204
9871
544
8294
6381
6764
5538
1211
3741
5168
2249
6672
6550
9116
438
5309
9492
5217
22
1168
8988
292
9817
6608
7021
2157
6062
175
5122
9647
413
6745
8736
8098
9424
6649
3794
348
3087
1899
1791
1422
5735
3708
2245
9354
2358
4701
4308
723
677
439
9401
3533
4226
5352
2229
1267
7801
3611
2474
1751
1071
1094
5394
2323
539
8717
7563
4415
6865
9220
4483
4364
9980
4065
9947
8653
4312
8080
4459
4421
9769
3968
3379
203
4507
106
2873
4282
7143
3890
6836
245
6494
9959
7556
4264
9285
8276
4891
5305
2893
7289
2188
3085
3486
7331
3039
7480
7984
5800
7998
844
7814
8063
9071
5634
1319
107
30
1495
2138
393
5413
2125
2237
2191
6315
6403
338
4756
3399
6255
7687
2766
7648
1735
6497
9719
6051
3647
8772
729
3247
3164
7313
1912
4432
2423
1644
5023
6950
9213
1896
114
6177
2756
6866
4306
5083
2744
9303
7808
3426
2964
3619
2441
2977
6060
8327
7759
5259
8054
9798
5672
899
3449
1804
6527
5082
8797
3915
9353
6790
5170
8132
8802
763
1197
9983
6166
920
7549
3750
4187
353
9276
7716
6251
9045
8801
4069
2336
8459
1410
6650
1688
8334
8982
9005
2184
3906
2600
4123
7645
4561
5704
4306
765
1111
7548
5544
4684
8310
1988
7365
4987
6183
8571
3023
3803
3630
217
6144
7839
8456
4005
9382
2782
2836
3768
4055
4552
8123
2717
1598
1536
8653
4276
6870
4456
9786
4134
9698
9419
1673
1490
5239
3283
6552
6214
5287
4682
881
298
3467
6110
1142
7414
5100
9598
6089
8931
494
2145
7290
7183
233
4086
3869
7162
2341
4021
391
4110
6481
5364
6549
5467
4976
6854
3353
7712
1393
6735
6034
9622
4522
9170
6471
2758
2416
3131
9328
3707
6070
5992
5938
4962
2223
7570
7684
8846
1889
6762
8146
392
9928
8446
3166
1379
7188
4842
205
4285
9345
2603
8725
6498
2641
1328
2145
9275
7432
8393
3551
4388
5203
1569
3623
9002
757
3288
8840
5283
4464
9945
6784
936
1341
9163
9623
5901
6264
6770
7881
498
4586
6245
2382
2882
4244
8170
7480
4728
5094
9854
2009
8449
8985
1185
6782
6604
4415
1997
6571
6990
6613
8247
2900
1763
3777
3519
4758
3823
654
1858
6352
7538
6114
2991
9505
3609
4696
9542
927
1649
3166
1419
6129
7575
2909
2154
9882
6475
4160
7301
2995
3651
708
5145
9459
5388
4539
6575
5085
7819
3308
4350
8550
6673
2442
3229
4914
9133
2655
3046
2250
6379
6854
5494
3596
6682
2002
8258
8384
2283
1917
3315
2482
310
2705
9266
2976
5927
2989
4222
6961
9605
9861
7370
4400
5651
7497
9764
2997
3328
1103
9648
7534
4745
7103
1043
9855
5486
8284
6043
4515
6417
9162
9756
8781
1434
64
5765
5392
4456
956
8529
935
1843
4269
2666
1153
5277
7169
4200
2925
1159
7803
5334
6958
5135
7680
5317
5548
3494
7391
7114
519
9424
1563
6019
888
8453
6502
9016
7861
788
3883
364
9553
7079
3016
9010
1166
3522
7686
8636
9760
9653
6903
3934
2703
9153
5787
5537
6312
8231
6703
9860
9057
8716
6339
7021
9495
4217
1493
9373
7222
8334
9151
8290
3716
838
538
3654
2458
1574
5470
292
688
8608
4567
8698
9620
2372
5365
1402
6743
661
1696
2571
4852
8361
8502
9101
3006
9995
2835
314
6388
1739
7852
2983
1540
3764
3096
1626
1178
9182
7979
8613
9986
9322
3984
9632
626
8075
2866
4981
365
6548
4615
6949
2549
7324
6986
4856
480
8574
5027
7890
9190
6653
9141
6032
356
8725
2100
9842
4144
301
8753
9763
6282
2936
1572
8643
8379
2042
165
1302
4717
1368
3383
2053
279
7848
6945
3570
6035
6120
7881
1496
9949
7818
4527
3441
9338
4269
484
5410
4243
4263
1558
3729
5021
7742
7161
439
870
3974
4675
4559
6909
3860
819
5934
3214
6753
3839
5981
9226
6619
8250
4130
8575
3749
9198
7981
8089
9391
8395
7934
4004
2656
8844
9636
4045
2447
6306
2191
7876
7250
8351
439
2528
7725
5985
1366
9999
4300
7210
6416
7832
5084
9272
7603
7567
1619
5045
2601
324
7360
1117
2234
1225
2797
2839
9199
1678
305
5635
5297
3915
3442
2014
5936
425
1015
7717
2895
109
8540
9060
317
7442
511
6393
7375
3586
2263
1801
6456
7169
36
3614
6954
6294
433
8253
1910
2518
6358
3040
4016
4895
3402
4100
4350
5454
7318
4753
8815
7741
69
3697
1720
2621
7719
5359
9514
2827
6453
6094
6335
2834
8414
1763
2771
7086
6336
6784
2143
2888
147
4541
9040
3955
4863
4725
4134
5313
9229
4410
9993
6626
4971
2182
4374
7579
2473
2528
6327
2847
7521
9559
8129
9917
8260
5742
1767
6517
4830
3124
2444
7784
9771
7887
6997
8315
2148
1348
9260
9687
3490
677
1857
9489
6275
119
2795
7489
4665
3503
9660
3473
9840
6761
51
2484
1960
3637
9243
3888
8096
7358
7809
8297
4932
7288
6643
5308
509
822
8035
9156
8535
7077
9467
7613
7376
3576
4266
4835
1131
5840
9212
3349
6484
9336
4952
4316
8175
8267
339
9954
5113
4386
8979
6881
4160
4894
2878
6585
9871
5614
9792
860
2769
1790
330
5050
6550
3884
7944
9925
51
2920
7579
9216
9796
887
2501
3049
2301
452
6260
9311
846
2324
1173
1330
5492
8932
3802
1638
7788
1953
5430
7587
4307
2948
5844
3757
6265
568
2328
4682
9700
2697
3965
1765
3137
6347
590
5823
7429
100
9088
156
9249
8055
5500
9313
6868
2110
1947
3144
8986
9443
7721
6317
2387
3483
7644
8905
1694
5856
4302
5192
5956
7625
9206
4105
5553
200
246
3665
7884
8319
669
4189
2872
6224
395
5266
1732
8576
1253
546
5997
3416
8991
3838
6595
2504
1766
7826
9560
6375
5600
226
4149
4043
9338
2335
2903
2817
7761
4549
2438
5466
1021
3764
5335
9971
1143
5945
7063
5727
5516
7481
3671
1587
7865
58
1416
5277
8534
5485
7948
5618
6367
5691
7915
4627
5197
7915
9319
3899
2340
6126
6455
1160
7989
3783
400
8755
5780
7530
5794
5389
3524
3664
3854
9672
5854
8260
7654
5280
3904
7230
5500
4404
626
2489
3212
4645
4084
2834
9734
4841
3667
3487
4531
9292
3850
4474
2169
3333
3669
7737
9769
9856
6481
1564
2982
9677
5007
6834
9168
2964
3016
1719
7118
6706
1658
4750
5802
5989
1105
4935
3415
2801
2161
254
1245
540
5855
6208
6325
1468
463
7594
3440
123
9543
3072
4433
660
4467
7814
267
3885
8722
7486
5397
768
6462
7839
4731
1368
7177
1455
4238
1925
4690
2925
6059
7979
6311
621
7096
797
197
113
2698
6146
7274
3536
1109
7585
2556
4325
8155
6255
5026
2375
326
50
4720
8624
6560
7088
8464
829
7375
6153
2027
8433
8895
6558
1320
9174
2567
7020
251
385
797
6601
6047
9569
1813
6426
590
7412
4404
686
1980
1205
8372
8651
5892
3621
192
7891
3418
1893
3535
8370
0
494
125
3911
3508
5438
7461
1949
7910
4464
3051
6196
4952
5974
6917
7217
3054
2709
2426
991
4548
1724
1715
8320
3663
4002
3262
7668
4908
4060
2449
5716
6852
104
1931
444
721
9290
5222
4051
7082
8720
3097
5064
8122
9155
1482
6203
8671
3933
5600
948
95
3377
8631
9940
2020
2939
2893
3047
6296
9349
2969
6531
8892
5651
5003
8047
8706
8349
270
7219
266
6102
9818
5832
8265
9645
7783
395
5958
9600
7884
3075
9023
2471
1316
3900
2344
3588
6962
7456
1667
9173
7820
3586
6939
8115
6754
1734
7866
6987
7794
5552
3387
3943
1364
4535
794
296
7872
3926
3319
3985
6960
8639
1337
291
9327
8588
7663
3873
1601
3588
7298
6495
492
7190
9990
1420
3796
1668
7791
9753
5477
5423
3168
4885
1465
155
4575
1702
4601
1535
9973
2262
2448
3452
2705
2888
7883
472
9676
21
9341
3509
8215
3688
6799
7154
8048
1394
9701
3646
9364
3178
5467
3684
3726
5717
5678
4344
2334
462
8343
1836
613
6098
1250
4911
6316
7594
1661
5011
5652
3382
6892
7177
2359
4003
1145
9227
286
9880
5144
8086
1949
4963
169
6674
9353
6747
1815
592
6857
1265
1101
2303
4410
6264
8072
3866
2604
7566
5336
7393
2682
8694
4624
9539
7943
5908
6764
6869
7780
8532
1442
5714
46
9527
5570
4558
8276
8955
2871
5608
3078
8869
9023
6876
2344
4766
4727
2211
5590
1975
8672
5864
4514
4698
2046
3335
297
2927
3262
9123
9812
2088
1191
9860
1243
8234
4618
9980
9091
8040
6036
1765
7031
4029
2434
6105
5236
8566
2851
2716
8847
5434
4713
3114
338
6199
6745
3193
1923
6346
8115
1259
7461
4170
4875
50
4711
1521
7317
1231
5339
9080
5136
938
4210
2014
5081
8952
3746
5
5520
9995
9145
5514
8055
8380
4251
2111
4855
1773
1080
6118
9245
6910
4393
9852
9170
4095
8168
8399
56
685
47
5246
5520
5770
8441
7787
8200
9981
3669
703
273
7235
2314
6923
2447
3137
9396
3207
8506
7208
8171
1001
498
163
4004
9811
2159
3103
8081
6921
2342
3959
9364
5373
487
7740
4754
4713
1091
9965
370
1337
1164
8777
1364
130
9540
5614
7486
2067
7639
2588
5138
5126
2773
2092
9307
6659
9303
2422
2118
8370
3843
3540
2510
9242
5691
5473
2767
7099
4623
8220
396
5588
8563
9279
1421
162
3195
6199
6400
6503
5154
4047
8175
4610
7242
637
6322
1088
6318
5497
1067
654
2484
422
3520
2522
4142
2446
9478
8278
4079
6606
8584
7399
8811
4139
8679
2816
471
2607
2475
4246
7231
7236
7112
7088
454
1420
2108
2094
2808
8123
292
834
6364
4673
2015
495
8245
2360
5274
5100
3047
2422
9642
6037
9047
2975
2520
8079
7228
4059
7094
8278
7121
5103
7984
2101
700
123
6302
2288
104
207
2550
1441
4975
6859
1294
6734
5268
2001
3119
4324
5708
3097
629
7170
9052
6129
834
2852
7710
7103
1619
841
2221
2309
9691
756
2624
5695
1755
6476
8916
635
2099
7696
2481
9190
8161
9739
4302
9903
9896
4591
2993
586
1565
5281
975
3284
2971
7361
1441
8558
8502
7157
3671
2696
1964
6369
4855
3355
2456
9909
4830
578
7472
8514
4759
6598
894
1818
8425
9909
107
8419
2554
1215
583
456
2546
9692
2246
2509
7754
9293
3460
1340
2067
6109
3769
6961
1411
9364
7720
8862
1867
3561
8241
7596
8500
2256
9062
399
9415
1351
8075
8020
7067
761
4502
3673
1705
4526
7958
1033
1276
3232
2865
8500
2869
7449
6661
1559
7898
3710
15
2652
1054
5730
4090
2769
5964
6536
5968
7117
4845
6842
7916
6533
3769
1215
6655
2826
5658
5884
5089
9611
4108
8954
7616
5391
6160
7775
2228
3767
2416
2796
8243
9860
5293
5587
1536
4469
852
4882
221
7450
6783
2208
7554
3098
8551
2899
9190
9133
4167
9820
8090
9239
7196
8544
597
6306
6105
1171
9082
902
3959
51
2758
1400
186
1342
2949
1661
8878
3841
3588
6361
4752
4863
4961
3336
6825
26
3566
6039
5269
3185
3301
192
9218
3365
8597
2113
7460
8377
2859
5112
5541
54
5852
9693
1034
313
3230
3244
5824
474
7975
2605
7605
9850
2093
1906
6244
7975
6476
8508
5352
6030
8038
1754
4785
6271
3348
8048
1781
9702
1435
8992
8445
9899
4922
9143
1456
3239
3247
4070
7710
4385
1386
1883
7762
4324
7530
2236
9707
1295
5715
5744
8948
4186
9376
7338
30
8031
677
9378
687
8348
6670
482
1204
5700
2851
3658
9810
6172
8349
9280
74
553
9378
6760
715
532
8444
3739
3058
7078
1479
7959
3708
4086
2313
2483
9404
5612
8781
9341
3415
3969
6776
8738
6061
9989
268
74
4530
2701
5402
6893
330
6551
66
3542
9732
5451
7751
914
2125
8112
6798
6437
4277
5079
7492
8378
799
8312
6367
4004
3185
6632
5341
7269
1100
740
4073
4842
101
1852
8428
3186
9346
8670
1935
650
9344
4478
4239
4278
1745
2352
2313
4253
2163
9394
8437
1905
5403
5752
8160
7770
5153
1013
9089
63
5269
9378
4061
7696
6415
1871
3829
7266
3268
7028
2365
168
5924
706
8696
8714
8593
1226
3983
3685
5450
1466
2000
1087
8709
7376
275
9205
2235
5468
5944
5795
5420
9494
8780
7630
6052
1561
5035
2082
7286
8763
6255
2772
3396
1065
3142
7427
6129
5204
530
3455
4637
3042
9129
7990
1664
3795
5661
2215
1698
4161
2646
6789
5430
8178
6651
5738
1303
1838
7680
981
6923
87
9145
3953
5092
5369
5933
9412
1461
896
166
4561
4418
4128
5204
3514
272
2358
3057
261
7739
6777
1983
4425
4502
8187
6190
7782
5469
5922
5146
5295
4103
2781
304
8213
8984
5733
1857
4545
2434
8131
8016
9453
7243
7688
5413
3167
1689
1852
8724
8499
9290
1286
264
5396
2145
725
1752
1735
2138
7033
4507
997
6975
9665
5720
83
819
2674
9047
2191
3115
5040
915
1688
125
8556
4032
9306
5120
5082
8985
2853
9475
8766
7235
1018
5978
8227
6366
1410
3202
951
6617
154
4502
9926
244
8398
5226
8754
753
6353
9508
2044
1156
2582
7563
4226
1578
6127
2856
5044
1893
4063
6521
452
6245
1854
2564
3306
4675
4233
6745
7969
7415
9571
4944
9650
1529
6588
1073
7146
4068
1771
7186
2091
4902
9147
3371
8892
6805
6656
2469
9102
5244
4197
4433
7788
8610
8916
3782
6621
8508
7697
2722
4298
2552
2339
7217
7862
4746
799
204
3151
3508
6562
8328
5328
7662
5515
2143
4912
102
5204
92
7579
5345
27
9840
7290
1055
2193
6209
1041
7836
3725
4866
9222
1362
3998
606
2249
4636
2156
8670
7924
7766
6618
4330
8144
1728
3754
7868
4689
8209
860
1200
8591
3208
7797
6711
5827
878
1976
5243
138
7320
8883
8621
1577
9544
6073
7482
253
3874
503
7692
3405
1452
1141
5933
2991
8911
5468
4886
6451
1147
3758
597
1760
4198
5926
1725
7881
8788
5757
2103
4732
9875
4390
6119
3047
4030
6919
3433
6455
529
9572
7114
5678
12
7242
3507
6224
2416
2788
5040
3978
2358
8734
9087
5456
9567
7220
324
8770
1350
3333
6506
7546
3122
5626
2723
9844
215
4541
1216
3322
5356
2695
1292
603
1384
7418
4866
9432
3190
1912
16
3051
8359
6334
2051
4004
6982
8065
8833
7953
7318
3011
470
3081
2984
2258
4262
4725
3945
2126
5890
123
3848
4532
4773
5049
838
2587
2286
5258
7173
746
8792
7256
531
9349
7412
4511
6592
6322
8216
6538
74
6844
497
5596
2746
3395
9348
4812
2343
142
5539
8862
697
5103
2171
5802
7144
6929
8937
6588
1619
1552
8653
9575
1132
4916
2806
2022
9600
9724
5645
7585
6644
4259
8990
3256
1147
6066
5217
5167
7637
4802
7639
8374
7250
8075
1600
9748
4628
1102
9001
6576
1361
5244
3890
4267
1463
3921
2958
2413
5211
9441
8660
8714
9994
1197
3234
6737
6880
9665
8657
5329
5111
3901
2083
7208
5031
1358
2185
5114
204
7289
8129
2170
517
9619
6301
5480
9529
4208
1919
4551
84
4982
8080
2234
7215
1981
2672
1290
9293
7253
5863
2678
4177
1860
9722
200
3069
9114
7833
464
5350
8003
2182
9295
2371
9241
8912
7922
916
1075
9853
9257
1568
8847
7974
9203
726
1415
5500
2328
4677
3890
7384
9587
7223
1194
1216
3833
9656
9861
9798
6650
9412
4978
3482
7875
6447
3026
2192
5198
9182
2417
6572
7527
738
9807
2618
2907
7397
5024
7338
4463
8765
8988
2936
7386
8749
2243
586
7872
8603
7745
3490
5437
1628
7226
8179
410
123
1474
7393
6558
5673
1259
5153
1092
8271
6764
3215
4501
7839
3035
5439
6770
5624
4759
4011
8721
519
276
8939
1441
3706
5315
562
267
6113
8221
5589
4855
7566
5373
4007
3080
6283
4711
2175
1173
5658
1353
3499
773
3623
1820
5918
8934
1946
3399
3652
4827
8889
8144
5735
2543
4059
8655
650
4650
7446
8754
530
2943
8474
9559
8949
9679
2103
8425
6282
4286
72
8297
1312
303
4803
8008
9355
7951
4088
7407
6729
5787
1671
7132
5634
8383
3919
4825
9326
4445
4769
9706
4000
9158
6035
6387
1744
6423
4304
8532
7015
6114
3756
8162
8259
104
2390
3699
1050
7601
3206
661
3724
312
1766
3483
1937
9125
5196
3557
5713
472
9989
4155
4002
6911
3886
6839
1308
2036
2924
5324
5609
8918
3291
7030
2632
6066
4100
9887
7072
2255
8551
6139
2321
9299
3976
7585
4791
7988
2726
1255
3480
559
9094
3993
5789
911
1198
8757
8861
5882
2574
758
4180
9582
1753
3050
5810
4707
8576
866
4016
7789
8048
4407
2510
8929
2242
595
7752
8305
5808
3715
6215
3670
3928
6679
9427
3897
3257
6370
6902
7550
297
2421
8764
1325
3321
1667
8295
8846
8288
4256
2670
9664
9732
8875
6773
1319
5464
9381
4521
2448
1599
9388
6050
9826
5311
3001
3130
3346
5568
4931
7964
1266
2115
9309
7094
9704
1728
5139
6505
1751
1975
3772
9167
1756
2232
748
5564
2679
4686
3241
6860
1364
2999
5960
4908
3989
1087
372
389
7006
9817
5946
6724
4268
9007
9603
9285
7555
7633
5215
6509
9810
1049
2090
5318
7765
4351
9934
7861
6471
1577
2597
807
2210
4618
9225
4410
7509
107
5243
9097
3808
6184
5644
1887
1887
6993
8490
7853
6241
6880
5499
278
964
8378
1039
215
2558
6398
7397
8900
3114
9211
7821
4062
4958
4319
693
2049
9877
3849
242
9065
2798
2784
8493
7796
1055
3133
7863
8754
4903
642
9802
762
9775
7374
2014
9127
2316
6969
9013
6639
8213
506
8020
6259
5211
4584
3966
5202
2633
316
5838
7065
2841
662
9489
2149
8769
87
7949
937
8584
2667
7362
6651
1097
7929
5356
4600
1907
3363
6274
3368
3946
8008
9150
2188
4110
7577
7017
356
6293
2057
4962
3789
3064
1437
6091
9800
4375
4706
6353
8677
5434
6654
2278
7038
7541
6431
4540
4864
6726
7328
7551
3620
2366
2282
8432
2477
6330
9223
8778
281
6718
8098
6627
9274
6893
3082
5153
8207
6823
2612
4310
8779
1838
7088
1705
1991
135
3444
6754
1603
6922
7269
8098
6151
3750
1653
3501
7224
5173
614
7029
1831
2614
5532
8852
4835
3053
6592
5030
7070
2211
8560
6832
8797
9339
6548
9905
5721
2787
876
8035
7987
7155
9430
5070
1269
4277
3243
7050
1571
2096
8313
6958
1695
8019
1499
5306
9820
8411
6324
9981
1387
4289
3610
4660
4593
4883
2831
7520
394
6285
588
6802
5830
628
6
470
3313
5807
9026
7961
689
6994
4820
1961
2776
5912
99
4648
9338
6012
3801
6107
6104
9028
5510
8085
1738
5691
3492
3195
8748
698
3302
8308
9471
5698
6233
8175
3760
2408
460
9697
8470
3725
6172
7817
8517
329
7000
1010
8687
3076
5316
1333
5018
9440
6697
8248
3421
1926
7496
2870
7364
1772
5311
6412
7971
9712
4885
3342
8662
1684
8143
8948
5639
8406
7685
52
7849
7034
2750
829
7009
534
4760
7869
7621
7050
4565
8416
3149
4922
511
4373
6981
329
7371
4638
2020
9891
6907
6021
4007
7320
862
8710
7911
4592
1554
6429
9049
799
10
1628
7508
7127
3898
616
3837
7380
6783
4497
8542
504
9324
1452
8869
6596
2206
9967
6584
9551
8529
2569
6231
198
6140
4331
874
5808
8008
7223
5961
3005
7726
5395
5130
5979
574
7914
7653
3860
1451
7424
2628
7751
7075
6623
2838
8353
7037
5779
9075
552
3227
3022
8889
1556
6543
8696
2212
4154
8314
3335
429
5975
5583
263
825
4661
8951
3767
5938
3037
9597
2880
7987
5801
2073
2770
7661
6852
9178
5900
8791
6497
1788
7208
2722
6469
986
6481
2410
8834
9453
417
8040
9392
4450
4076
1492
698
393
1475
5080
8211
6297
9381
288
9491
5794
7897
4894
1010
1259
4976
1898
3103
8777
2362
1750
1389
6529
6856
95
4539
9828
7066
895
622
5337
4372
32
8542
2729
7921
2123
3434
1172
8164
1023
472
4337
1463
3341
3965
8562
6291
239
1077
4389
3946
4649
9056
8695
7972
5863
570
2996
3748
6518
9124
5306
390
6624
3876
155
1847
895
2278
5872
3185
7746
3501
9066
226
573
4267
9636
1448
4058
8056
3525
9723
5806
8530
7682
7862
1687
1698
1488
2020
3793
4647
8103
7699
2808
8577
8818
4664
9799
6156
6354
6703
3647
4438
5298
2012
6851
1183
3622
4675
7616
2108
381
3520
4362
2600
7813
7396
5154
7880
2301
13
1268
1273
7285
9457
4092
1929
3042
4439
3912
6462
1199
2146
2729
22
7469
9002
691
9357
1658
5465
8580
9701
8368
1311
225
4645
9108
3170
108
2064
4239
4565
3554
4560
9609
4884
7121
735
2641
4057
4022
9794
5657
3502
8788
995
3166
1648
3185
985
550
2061
442
8070
4610
6970
775
7724
2099
7843
1305
1565
1641
1375
1856
5215
9830
9758
6313
7576
9104
2675
9157
763
8918
2936
3781
3342
2826
8579
7616
5703
3212
3411
5063
163
712
4822
7248
8403
3942
2315
1006
932
1599
990
3410
1401
4959
9686
3307
663
1942
8647
520
6941
7352
5748
9038
6670
6404
5125
6886
9756
434
4672
6349
338
9989
1991
47
9150
5889
2638
6622
8505
8502
6344
7068
5828
7226
3357
6680
5362
1188
2922
804
1404
3428
2741
341
7861
9361
8907
6229
1930
4011
8343
2307
7221
847
6593
6441
7359
4760
2289
8669
6351
9490
7183
9425
4036
5545
601
1782
4730
6417
8496
5853
6461
9791
5343
8670
5511
9396
2152
1985
7015
8490
2733
8218
2737
4855
200
6242
1067
1311
5656
6128
1883
1574
4984
6278
3131
4754
9486
4488
6198
7326
4925
6983
4034
9132
5431
1980
1546
1298
2018
4720
5078
1461
3221
904
6537
6515
8032
8110
471
5306
534
5626
7569
5206
3000
8271
3359
4296
2670
2354
7256
6370
660
1318
1953
6270
608
5491
3472
2798
3052
4740
5563
7039
6388
463
2002
2999
7069
2896
4246
7357
7119
1807
5028
5991
7729
1744
2002
5614
1056
7001
2821
2959
3147
9949
8525
8987
542
2055
6653
3949
2249
1971
5322
731
5997
1334
352
6646
946
7613
5324
3132
8024
5043
745
829
5528
3085
8362
8058
3973
6463
1489
3225
9573
9521
4906
9989
4294
6444
871
4675
2607
4575
1592
7375
6308
1646
9158
5557
6421
90
5117
2443
6548
2219
2644
8683
2401
9913
7290
7951
3843
3498
1695
2437
7141
5414
3052
8578
2219
7015
4064
7731
80
3820
2423
446
8318
1085
2489
5047
3912
6952
2605
5982
4087
5802
4632
9430
8927
9417
4870
8193
1150
6558
8660
8247
8465
4576
3223
8981
7106
5883
5900
785
2001
9456
301
7276
4142
9750
3693
1921
4081
6894
4704
3546
1334
8564
6474
4497
4856
8241
7123
9956
4697
4702
8403
4018
2955
5491
8960
5554
4478
5533
4880
2018
2295
381
5917
2813
3385
3629
5221
9478
4962
3614
5963
4369
372
4014
814
305
7759
2917
1667
4908
5832
974
785
5690
3336
7794
3369
9244
6596
5695
5264
2138
3684
8664
1483
229
8593
7559
7574
4395
3248
1214
2241
8824
5158
5178
5527
5129
4183
216
780
2364
2544
4866
5026
8596
1676
3490
7480
4569
2918
439
240
8156
1293
6021
6091
1960
941
1959
5156
1763
8831
335
1958
4244
191
3566
3098
7950
8518
6160
1872
5082
5636
7022
8842
1588
667
6999
8960
7852
8859
8104
8563
749
9589
1880
5074
170
399
8001
8546
931
9027
5816
8622
3863
7444
1070
2747
5316
5166
6703
7477
6329
6664
3975
3708
6525
3481
3156
5605
6793
9108
4279
7438
4320
3426
260
6002
7775
4251
1145
1925
9630
4176
4012
9037
6118
8904
284
7693
6413
324
1801
1839
6541
6065
4048
9148
1428
9690
3103
8379
3316
200
327
757
3481
7831
8239
449
5243
6581
8516
9617
7017
6570
3646
5495
3542
4543
5886
2469
9936
717
8196
8768
4906
8578
2606
3152
3580
7186
3530
6391
2081
8584
364
2507
8462
3784
9579
5218
5122
1506
997
6841
7704
8997
1747
1073
8489
7790
9832
8070
7263
7339
7586
1645
5941
9680
99
1610
7114
3685
7594
3307
8756
6058
1082
9317
4224
7336
3596
6505
7064
9142
112
3234
7534
3780
6623
4189
5509
5480
5036
2565
1086
7107
7993
8203
8288
4846
8645
3071
2433
8822
3
2061
305
5297
5558
870
7702
3644
136
8122
2209
1796
1386
2463
223
6973
646
9105
3372
1665
2752
614
354
8568
5915
284
4864
8881
7751
6034
3766
9483
1880
2752
6796
5442
2483
7572
3201
825
3297
3593
897
7360
8966
7189
5872
6690
3595
2032
8340
6846
5719
6429
655
9168
7212
2854
6169
4428
334
8856
1260
8422
1822
1672
5353
5088
9509
9856
5928
609
5052
4075
7980
6575
7544
8488
7509
1065
5811
3998
2495
2819
9605
3069
920
1166
5138
6220
4943
7843
1661
9493
264
8828
2010
9753
7260
4384
3776
2737
29
3161
9373
2850
6742
1140
7300
7788
3153
8580
6498
4047
9667
9426
9279
9643
5570
4517
8847
7507
4806
3307
7512
5148
6093
4065
1453
503
8281
2773
6553
361
1236
7061
5304
7540
548
4755
4511
8676
1449
8024
5484
4472
9122
5858
3368
7546
272
8411
952
7101
3075
6183
3507
4466
1520
2410
6190
2647
3892
1251
6003
2973
7554
1561
5136
6180
3096
4193
4108
6757
3632
3529
5540
2859
3330
7620
2708
8383
2199
8818
4609
2591
7560
6379
6483
1387
4085
1433
8368
492
3137
9327
5826
3888
3594
5769
7883
5478
1815
465
8847
322
4603
6523
8160
5230
662
6174
7207
2558
2954
4832
1406
5790
8362
6364
8666
730
8143
4803
2278
4537
2932
9324
1211
8055
385
4825
7851
1998
9862
4616
5965
8945
2093
9122
7186
4100
4865
5187
5526
9675
9774
4535
9858
8317
9182
6606
4031
4500
2146
4139
6581
2388
3698
9855
5937
4150
5051
4636
2165
2945
5847
7257
3961
2067
347
786
9551
7761
8665
1208
6004
9609
8326
6012
930
7312
7270
5539
3795
6269
4179
9511
6177
2737
3549
3931
696
2849
1499
7256
8796
7985
4879
8136
1463
9167
5672
62
7514
6249
9537
9200
3109
2556
2967
4371
4162
779
3719
6962
9516
8984
1094
9706
1213
4242
3002
8948
5956
3227
38
480
7190
6900
5443
4986
5403
7079
8265
3244
7881
289
5965
3440
4190
2586
8596
3776
5414
3058
4278
7484
9917
9098
9422
199
1150
60
9998
9551
4282
3448
703
1479
9525
8525
1365
5922
2906
6320
5777
4462
8382
5163
465
8555
6338
9221
4434
87
6162
3450
5093
6823
7066
7767
5295
5364
6905
5508
3675
7775
973
9582
1994
7490
8910
800
3147
1253
6263
4445
5173
6346
6318
8509
1201
8886
6261
2530
6820
396
9817
1445
8858
855
1832
4594
9919
7555
8047
1501
230
2425
5793
591
7661
533
1044
5761
5319
9654
7974
9347
4441
3874
9901
8442
8609
563
1211
5300
1919
7634
8656
9577
5063
8446
442
6816
9455
7609
9847
2763
2932
320
5851
512
4553
5541
4701
1172
5055
7402
635
4182
8816
4331
5503
4662
3316
2857
7385
6960
5815
4783
2363
2057
6066
1059
3028
1844
342
5994
5492
8290
6231
2184
9566
2212
293
7108
9195
1566
9381
3860
7835
1289
7118
457
4775
1781
1776
9529
1266
1882
1679
3333
7182
1849
94
8823
8810
7012
7381
9834
4377
4694
4725
2294
9902
9280
8226
2230
7971
9569
6479
4488
6249
450
4232
3216
8746
4683
5080
7577
5738
4709
7979
9466
3980
829
2638
336
2321
5506
787
2349
171
6395
9040
6285
575
1384
4215
4625
7417
4883
3824
4699
6986
7074
3698
7892
1660
6109
3600
8813
9958
326
4704
8128
8682
266
2088
7986
8028
3154
4242
4647
3182
9638
9278
5554
4230
335
1525
312
7201
3543
2987
8400
4352
4736
2927
6153
9089
9917
3053
584
4937
2481
2386
2124
668
1554
2111
6991
7887
1273
966
8044
4261
7817
9969
9816
3590
7050
6611
4783
4894
7409
3174
7643
8593
3982
2995
8611
7676
6577
7201
9342
5719
7993
1972
5458
8262
1867
1670
9982
3647
9547
9860
9680
5718
6986
4351
3427
4579
29
2179
1561
5893
2309
9652
3057
3216
8192
8356
9830
9970
684
7521
2403
4548
1507
3723
5334
1116
7352
979
816
5727
2268
6127
4070
5651
8204
2859
9048
5122
1083
5609
2220
6554
1816
5385
9974
8050
6668
179
1941
8183
7058
7745
8093
757
6643
2490
6524
6977
3949
4265
7467
1315
5423
9148
9844
9297
8307
4712
7771
4150
6361
1962
9674
7217
6844
4856
3708
5258
5700
566
1654
5871
3463
6997
6781
701
9580
2966
872
3594
6702
1052
5091
8223
6329
5775
6876
963
3620
9004
4830
5347
6251
6922
5640
334
8311
8391
3930
956
3100
385
5867
3822
16
1585
4777
8880
5395
9426
3630
6763
7503
3440
2747
664
9517
7227
6852
1215
9633
4410
4359
9213
6116
5148
1370
3892
9132
1369
6545
7900
9082
5271
3385
6695
751
5386
5588
1123
5884
5443
1281
2696
5925
5545
4775
4433
7872
8708
7870
7479
1744
9349
2554
7289
5097
1396
6196
2648
6575
3938
8199
5791
4112
6077
1588
7519
938
642
4851
3288
138
9980
8087
2756
1314
6106
9596
4830
8262
5327
9647
9776
4532
6179
8122
5514
3725
7863
4762
1006
436
1974
9231
1575
8530
6663
1088
1994
1956
8302
8169
4869
4850
626
3170
4405
7852
9737
4797
6820
2419
1680
6539
2574
7761
8535
7371
5156
678
9833
2192
2890
9552
425
8430
1963
7510
9784
9809
652
6513
5123
7082
4462
2775
6984
6328
3693
3574
9449
3422
8869
5834
6794
214
949
795
4597
2114
2059
3750
9309
5930
7727
6965
5071
3287
4172
5758
3844
9643
7177
1429
6659
3483
9189
1871
3779
6139
1953
6132
6062
1956
4311
6623
8146
3668
168
1030
8913
9506
3460
2673
9656
6588
722
8969
8556
9599
8768
6750
576
2530
9172
1700
1619
272
2480
9755
3303
3280
5108
2394
4300
8562
1102
3224
4811
1369
3100
8982
9199
6463
3938
3452
8349
1817
1943
5375
8484
1849
8154
2651
9935
4522
6850
9299
7512
6811
3779
2626
1223
7899
6236
317
1176
3149
2620
3815
6858
4392
1989
1856
5475
8718
826
9947
6961
4471
6994
9195
6955
5641
1614
3225
4982
2102
9703
2436
6708
4403
384
5846
2551
304
2507
3711
4836
2024
9703
7409
226
9799
3591
3767
2161
931
6046
7106
199
7688
3799
3905
3237
2932
1425
2732
329
5420
8262
9565
1229
8185
2173
7916
7452
9491
3622
7398
9221
6392
1827
3017
3384
5944
3142
3631
8989
8608
1876
9428
7716
9554
3673
5525
7750
9053
1046
9463
2459
1198
8437
7361
9573
5539
8317
4488
4378
5800
6384
917
127
6256
2226
4948
9343
2033
8981
1468
7707
9324
8671
2150
8491
3735
7565
8764
131
905
8033
8799
9969
7970
118
1812
5106
7268
5124
3869
8580
1410
3599
6016
9782
8164
410
5366
6876
9012
9657
7778
6399
200
1924
7659
9873
4412
1175
6088
8606
8699
9846
535
1902
42
9998
5867
3782
3393
6823
7984
3359
8615
8981
1883
4718
8361
8606
5682
6146
6598
742
3221
3501
3882
342
7208
9193
9765
8891
8031
4396
4280
6266
9861
4374
7435
1489
4776
3303
4557
169
7652
3982
7817
9223
7930
268
4370
7362
8733
6118
6235
1423
7722
3897
773
3385
7985
9096
7046
4716
4788
6481
8530
5648
7195
7055
1849
8034
5297
2680
9805
4702
6846
3397
478
1129
418
5650
4691
9675
5451
4748
4519
9050
8931
9175
4222
3345
5482
2738
1747
255
9867
4098
768
4012
1549
5098
4952
8807
8936
6748
8084
3178
450
5210
2728
6719
8646
2037
7745
8860
8543
5415
926
3321
4710
6444
2920
9586
5686
5402
112
3336
1384
4193
867
5395
992
2957
3644
2386
5411
2041
838
9538
51
1150
1228
5420
8633
4858
3648
1177
7966
9787
9652
3969
4022
3066
7192
4753
9050
7876
4800
2747
2704
2963
8785
9495
280
1628
5753
2008
2853
8546
1848
9753
8647
5816
9694
5862
1649
963
2403
8678
6108
4221
4685
6326
4551
3606
2497
3010
5097
3413
1193
9964
725
2349
2350
1534
1944
3307
5410
6908
115
7291
2621
4675
2559
8602
3074
3935
4001
8021
3982
5864
9356
9761
3708
9307
8862
1748
3991
9303
7864
5633
2381
4286
7165
6961
8797
5756
1846
5020
3581
7940
3935
3000
4346
4949
4034
4792
636
459
1678
8085
6709
1154
7619
9450
8759
5062
5261
2665
6671
9030
9403
8123
9266
2262
6539
5029
5394
5604
3587
5894
4492
3874
9150
7980
7026
4274
7394
1959
3056
3232
1658
4197
7533
5688
4565
5597
3008
2793
7338
359
8204
354
3989
5928
4746
9576
4435
2603
290
5913
4694
5275
1685
1035
7413
2845
3417
6494
468
9162
9234
1504
8075
6587
6954
9775
2421
3277
4429
2489
87
3571
6531
7871
7691
3323
9498
3576
8841
2601
560
8002
1649
1791
9274
1859
5303
2238
4740
221
7691
8758
2774
9312
2339
3785
302
3018
3720
5806
8032
6346
5402
1250
1095
2
6881
9705
902
6506
9057
8049
480
6768
345
7735
5408
1245
2712
1859
8358
5396
8604
8303
1583
2180
824
