9735
2891
6352
7583
6385
480
4915
1639
870
7065
3997
2575
3003
5409
3860
5639
4663
3968
2530
9764
9623
4766
5093
2829
7543
2001
3922
7519
5043
167
6775
3441
5866
5407
6924
2225
4124
5794
3461
8365
7408
9311
4679
9294
8021
7940
4
7215
3635
5513
4917
9867
5564
2774
6851
692
5620
5492
3793
208
266
9793
5242
2382
7666
6861
4674
9847
6353
3490
7868
8031
4772
6816
3512
4666
1565
6646
8710
4619
8316
8253
6668
5416
118
3326
1967
633
3156
4788
6353
9792
4090
8268
3336
1410
2690
3209
6919
6547
3924
4452
2475
4352
3877
576
4996
1782
9642
3467
7678
4096
3751
1057
2331
2957
5176
6795
6031
6560
7146
6021
9559
1
9703
6940
5814
4689
4029
22
750
5243
5994
6444
7223
6981
5990
4322
1264
9046
6109
904
351
881
280
8169
9718
2512
5734
8448
3636
5020
7500
3738
9125
3560
5110
7846
1192
6286
9545
985
4619
6625
4247
3359
3092
6898
2765
3548
5886
4077
7308
5296
3918
4675
7058
6680
8466
8787
2949
8209
2357
9650
7420
2984
8961
4138
2394
9821
497
734
3304
4390
5746
6907
8285
9184
934
3609
604
8800
4436
7153
5947
279
4335
6154
8011
8324
8977
9148
5369
1587
5604
229
672
9267
3598
3081
4328
2053
5030
3524
5903
145
5047
9707
9170
6755
2000
1521
8105
1426
3493
3301
2300
3185
9509
7849
1782
7279
2505
2045
2997
8057
806
5338
8490
2831
8351
6795
5683
1491
5771
4309
4290
3021
8830
6487
8586
284
1990
4332
8774
72
9925
2045
3734
5267
9509
4180
598
2430
4317
8556
6957
2375
6607
9492
9727
3647
539
6194
6351
4986
9907
4628
2229
8304
6124
5585
2504
4560
3150
7662
4120
6788
632
3917
4234
1216
9395
576
5969
9156
833
2619
2805
2401
9842
9416
8883
584
2067
9379
1873
5294
7251
1046
4860
7196
4659
1695
6960
2386
7994
4300
131
252
1490
4745
4974
7100
9203
5137
9385
6519
2425
5200
8498
1740
9652
2905
5482
4942
8620
8403
4956
1811
6479
6462
9307
1110
7897
4884
2791
5991
3791
9562
7899
481
6760
5765
422
1116
4664
4106
1876
3161
3961
8094
7896
9835
1497
476
7688
7349
2795
5477
7109
9630
4906
7777
3974
5585
1649
5459
3296
6673
7040
91
8324
666
5116
2325
5477
6531
8726
831
2212
7535
6422
3544
9866
6754
7364
5140
1041
785
6658
9628
8431
6162
4441
1602
240
2275
8095
1090
4767
9366
9394
5476
3922
2250
8724
9485
8031
4613
2867
2869
190
4269
5315
676
2796
4614
8586
5782
4008
2373
1911
1166
3999
9731
1072
102
8255
3262
5751
708
1449
1785
57
3432
936
4420
9875
5138
9033
1638
1089
8240
7750
4726
7460
5973
243
3690
7550
5957
5955
3190
7581
7277
5703
3846
6882
4880
3365
4391
4126
4316
5378
2959
6920
1324
2204
7805
8909
5558
5270
1291
9124
643
3408
2896
7277
6927
2930
578
261
4534
165
488
2616
7327
3262
5198
196
7221
3944
1746
6086
5936
4301
9179
3108
4899
2208
4329
4166
6718
8586
7495
6321
7475
6160
2765
7922
3382
2701
9282
9555
2573
5633
2399
605
5767
4453
2063
954
2857
3370
8082
453
7859
9758
2977
8865
2545
3706
2219
1459
6958
778
9118
3676
3155
3769
6306
7207
1101
4713
5167
4700
5693
6620
3294
1150
5433
3587
7245
5975
9439
6240
9836
1358
9929
1609
5749
1426
3932
2076
4473
2870
6490
2905
3093
2665
5256
1473
4963
4848
7626
4281
8316
2467
6458
27
5275
673
5064
7305
5885
1344
2187
5086
181
4181
134
7187
6236
9292
1462
299
1525
8597
2727
8524
4126
5755
7829
2106
803
6258
9408
1970
1517
1885
3882
2416
9368
4457
8842
8749
8882
8329
9411
6728
3726
958
4686
3248
1833
6371
8003
715
5492
4595
5143
6870
8239
6775
4703
5962
3751
2256
4883
631
6711
9645
1182
8512
5562
698
2034
8930
4704
5477
2680
82
4574
8846
4005
6194
1856
1466
7304
2000
3338
5028
8799
780
7356
5665
8218
4771
2259
6270
8823
5148
4300
9064
7148
6511
4436
7816
2308
5645
4107
9657
4176
9952
7768
6039
2783
3344
245
6694
4456
4814
8778
2412
7268
4561
6903
380
7929
8938
8299
9088
8976
614
7282
4290
4680
6753
4924
4583
3508
5009
4184
8808
6671
5926
447
1823
2304
3275
5629
2059
3512
9705
8521
2431
7048
1193
7174
477
3808
7140
7427
410
4930
4969
941
8062
4821
1801
8948
683
1446
3235
7082
3640
7288
9959
9112
1369
6716
4521
7051
6380
1500
7588
1835
2930
3153
6777
1341
5959
7652
115
2350
6065
5617
9127
4655
3905
1624
701
3265
3049
2158
7509
9942
9147
1072
9
4007
2649
2631
5230
8131
2494
7831
8709
9044
6631
8881
4180
5342
3344
745
6828
3457
2839
7153
3462
8334
9855
8852
5583
5479
7908
3120
6046
9502
2373
1850
5054
8543
6467
8085
5628
5946
3268
5517
4175
7000
9796
9598
5006
3615
9689
7026
7522
3664
5458
2151
7178
5550
396
7518
3397
6185
8608
8688
64
6856
8235
5867
5227
3141
4011
2938
6058
9155
1203
1427
565
5114
8380
4218
7932
5747
9257
7107
6315
3871
2933
4773
4038
4945
4523
5257
5393
1772
4689
4034
3999
9831
641
7990
2517
2350
229
522
6857
6386
2239
5645
8876
4032
9059
6235
9010
3438
1778
4017
9994
9090
708
6320
5582
5517
944
9242
5385
3348
6731
9530
5887
2688
9787
5280
1038
6379
7430
4378
4767
1163
3276
8926
5721
1212
4238
6915
9282
3109
5241
1808
8931
8012
6771
9388
6103
3941
3185
1877
6703
9029
6914
1996
437
1558
1228
7725
5179
8627
5649
1644
1184
2499
3901
6555
2382
3490
31
4520
4371
5035
9345
8467
6905
3122
3430
7837
7812
5645
2640
973
9688
9651
9947
2620
2277
4621
9241
800
3664
2073
1482
1541
5039
3789
3591
3943
2608
4104
5532
2861
3126
5428
4288
2639
3169
8840
6834
3704
3306
7114
9777
8934
8824
1361
3352
9982
4721
4249
8309
3437
7025
6384
3557
7801
3072
4797
5949
3095
1779
1024
3287
3173
2849
8692
7639
9239
592
7505
1209
8031
7276
8287
4234
6549
403
2709
8127
5158
2240
8479
8085
521
7217
125
5654
9837
2023
2760
7349
7294
347
2591
5526
3574
871
3568
7373
3344
632
5155
5313
5815
7278
1600
9277
9437
9837
1313
1459
6521
5731
2689
6349
5384
2534
1908
1873
4211
5385
3744
3680
2065
5003
7161
7948
8995
813
2155
276
5805
9806
1616
6429
9589
9285
1121
6238
3572
2201
1257
6168
3913
688
2374
7328
3997
3843
5704
395
2961
5722
7036
8677
3411
473
1810
8445
2480
742
8233
9217
1603
7574
2973
8337
5227
7700
2919
3187
9803
7021
3843
450
9691
1691
9759
2611
5644
1403
8751
231
3289
5325
6813
2230
3273
1736
6125
5150
9536
4119
6703
3095
3573
9364
238
482
7215
7455
6469
1806
296
8044
4465
7046
6564
7078
578
7290
3402
4899
9147
2793
3041
5958
8745
5688
4966
8763
5744
8465
329
9939
2320
1179
2520
6428
9574
4754
6259
6923
7167
4051
2079
4553
9208
7175
3926
8200
5634
7881
1099
3232
2273
6581
5787
5050
4819
6206
431
8856
4749
5260
3038
6606
1312
4465
7295
8130
363
2535
9069
5612
4474
1351
8851
9561
1212
7672
5718
7890
4403
3715
5618
4692
5141
2095
8989
9340
4847
4557
2871
3377
2408
3266
2355
3117
7827
6140
8431
3769
1295
7587
2239
1861
1289
4654
4505
2113
4993
63
4889
7178
3306
4444
5556
9604
4154
8107
5417
8496
8097
6457
8499
331
407
7767
4684
8564
8670
6369
4572
1431
5255
1916
6543
4250
4240
668
308
6595
9467
3775
1137
5684
601
330
7108
9828
3509
5326
2117
1595
3358
53
6375
3914
5484
3903
109
3541
1924
4164
569
6366
8454
9237
735
4079
740
3412
1097
9812
3645
8588
8100
4018
551
3103
3607
600
2410
9658
4515
8289
2777
1527
8294
9090
5276
3022
1194
7046
5753
2888
8378
7220
9426
6947
9413
6025
6951
8315
2427
7640
2796
2987
8276
7051
9605
7727
2288
9364
3869
6517
9017
8116
5078
496
2181
439
7675
7481
5847
6219
1090
6370
6101
4619
9437
1112
2276
3516
8879
805
2143
9571
9036
7278
5639
112
4569
4864
5524
460
2322
1074
3322
4506
4314
6247
119
8733
1629
7602
6072
3462
5314
1350
7803
6664
6412
905
8255
1339
8016
2853
200
1080
1568
6139
2335
663
5622
6804
4822
5043
9180
5909
6297
9879
5288
110
832
8952
6870
3439
2545
3582
5357
7015
2562
6783
1219
2411
7404
5802
5516
2128
9259
5517
4878
9701
3890
9124
7536
2479
2939
3215
5440
1906
7340
4238
2756
1369
2085
1691
4265
6931
9670
7476
9095
7098
2398
7540
1926
9985
5070
5646
121
2873
8124
6645
3992
7584
2275
9882
4939
2167
4167
5970
3042
1950
7990
4995
9059
5806
3194
4940
4971
1570
4699
4910
7925
2835
6722
2347
5144
6175
8169
5098
4474
213
4061
5299
2163
656
181
1341
9420
318
3677
178
582
2459
6683
4875
3639
7631
8274
9245
3040
5168
4501
4656
6682
1061
2035
4888
4270
6489
4816
2274
6259
5240
2565
1165
82
9257
3038
4386
1494
6456
449
673
3312
1375
2111
5513
8422
7712
1362
3380
2235
4722
4630
5725
3930
3301
3540
4559
7516
6243
1465
6891
3961
6
2342
9605
1291
1984
6001
3532
3598
427
3848
2804
8307
2093
1605
3730
484
1671
9693
5971
5362
5194
6995
1257
5946
5399
2138
1635
3910
9554
1511
6152
3791
7762
3157
3616
880
8232
7745
959
9702
1113
1078
1839
3924
9385
2595
2553
451
7782
5080
4111
4279
6878
6992
8089
9180
846
3208
90
3551
537
590
8062
5961
4049
9973
6242
6742
6580
7348
3360
548
4230
8158
3894
7255
5735
2732
5858
2921
4753
4390
6988
8655
4785
4770
5456
3718
9247
9011
8374
6652
171
2402
1152
7404
7494
6042
943
8705
8954
4445
7891
907
5223
6500
3725
6688
8844
4036
6818
713
4846
2716
4606
4589
7559
5963
2770
9804
2942
1934
2445
7905
4430
2167
8802
8427
1590
2553
3243
1029
5085
6944
3770
7056
1360
2878
392
7874
362
9359
4556
200
5919
4702
3417
8327
7476
8320
9492
5360
9838
6894
4865
6802
1845
7777
7401
4058
7941
7094
3978
4677
4514
4721
9339
1686
8933
2285
4250
8578
1335
3681
3669
7769
9640
8559
5281
4303
7260
9686
5834
6456
5092
8103
8039
3283
2213
4116
3561
6493
2246
4084
8416
3894
5371
7348
5578
3617
2233
9736
57
1396
6982
6910
4656
1952
638
1891
9562
5706
7044
1871
1782
8072
67
4172
1635
4871
2976
3316
9636
2361
943
2392
5089
7964
8814
4029
5210
6709
6001
2112
3288
1708
9131
2458
9105
8449
3445
2911
7735
1948
31
5761
9919
2146
6496
6641
5081
3603
396
757
2080
1905
9633
9253
6976
1739
5645
7696
6383
4519
7760
9900
9738
798
1642
8954
4845
4464
1329
7111
7486
7833
3712
9726
7238
1468
5087
5899
4253
4443
7451
7131
4449
9337
8531
5152
2275
2422
8718
2129
4638
9690
5388
2621
9284
1501
9831
6096
7607
9586
3989
3918
3777
5044
2493
1980
897
7321
2164
7006
3235
1731
6531
4363
9466
645
1447
5820
7516
9587
9284
6884
4986
3426
7398
5098
9275
782
9238
1
9140
9626
534
2328
5078
6274
4105
701
6611
9069
9810
1837
7566
9823
6151
8535
9519
682
6513
734
1344
5908
9939
6189
6744
5363
1989
8229
6673
9429
7452
5265
8999
6061
5095
7595
2655
8023
2841
6343
8145
4109
398
7613
4324
818
9755
6676
6213
2299
6679
7786
6867
5854
8000
2944
9419
1634
5275
2482
2539
5030
9052
292
4676
9374
5022
408
2449
8743
3871
8061
9582
1516
4619
801
7335
4721
9364
8662
1871
4765
3691
3507
6426
8612
6413
8449
2295
4146
6397
9558
7021
2068
2538
2991
7168
3409
6173
5253
1904
2950
4385
562
4911
9582
2142
7406
4765
1152
484
7698
5634
5042
3873
8653
6951
8972
6736
2644
9537
5479
8174
2164
2219
5301
4970
5956
3118
2810
1736
4214
6416
7031
4865
4956
6871
8119
9291
5927
9000
9027
8225
5658
2449
1184
3615
9213
6670
9736
4364
1150
7228
5814
6515
4673
1912
2955
6832
2152
2403
1341
5444
5230
997
1967
9077
8254
9466
876
4886
8465
3501
1437
3726
9971
8416
4938
2055
8311
3349
5741
4885
9041
5932
66
7136
2017
7274
4154
960
9136
9458
6127
3717
5810
6835
5858
9600
7003
3261
1904
1346
5439
9248
2019
4495
2530
1732
6469
9149
8126
5759
351
4447
9666
1542
7871
1033
2039
4980
2520
9807
6478
2880
8179
3150
9429
7661
2548
183
7561
9059
9335
6532
3046
9910
5705
600
5545
4576
9107
5271
9878
8448
3425
8542
1957
4350
7553
7265
1624
4009
1287
416
9975
9711
7902
6933
92
2905
7224
9308
7787
1537
9334
6383
8793
8496
4611
6525
6862
7896
9050
775
3828
5147
4601
9399
1967
7351
1053
7325
6279
3902
5421
4215
9872
7878
7954
2955
4171
4169
2707
7621
4693
9370
2992
184
717
7205
2773
2531
4787
6193
1438
8993
1116
3718
2633
9900
1954
6421
7302
4800
8904
9944
5371
7096
459
5190
837
6263
1221
4979
5545
5748
9611
7330
2585
9203
5621
6984
2498
8972
9678
4255
433
9195
4545
1619
8982
1651
867
1484
7633
4047
256
617
2296
791
2878
3797
2202
6027
318
3721
7134
4223
4849
1102
4293
7139
5462
7581
6735
1886
7873
4837
9337
3782
392
2791
7587
6735
743
6850
448
510
7651
5766
4919
5352
7276
2967
7942
4972
6315
9984
8422
1913
7995
9473
2041
5837
996
8135
9408
6124
6850
183
7401
9113
1860
6006
2534
2804
4368
7128
6985
4512
9012
4195
7035
224
2888
9199
7004
6973
1487
8556
6932
198
6637
320
9816
7141
1810
1084
9193
3402
2723
7065
2214
5270
3562
9220
9073
8214
5220
7732
5519
9530
568
8324
9241
2897
2888
2785
9744
9811
5472
6817
893
5659
1675
1134
7686
5678
8900
3774
3837
4252
1674
2144
2306
9202
6701
4453
7129
362
5141
953
2070
7456
2723
173
3189
1441
670
2642
6598
690
3167
2627
8517
8506
6585
6047
6296
8605
4703
6226
7921
3942
1962
848
1811
4241
818
5021
7346
4322
1465
3916
4019
229
4039
7105
6547
2851
6576
1237
9587
6909
1874
886
8848
473
9739
9288
4241
5334
2023
2013
5881
8653
806
3740
6157
278
7996
5184
8544
4436
1875
7520
8585
7646
9755
8902
4822
4459
5921
495
3194
3769
7341
7070
7889
3850
6325
541
8389
7052
9343
3393
8217
2100
8084
7480
4402
1142
5392
2962
4198
9027
4246
6441
4092
4927
6641
9055
371
1981
2869
4146
4431
6810
9043
4031
638
6339
5211
1328
8968
7044
700
6995
4981
6878
7719
4905
5320
3572
2242
9014
6681
2659
5992
7292
1505
2123
1453
8463
2862
9678
8447
8357
6870
7635
3433
1052
4057
8935
2577
5063
4767
1746
9105
7271
7856
3425
2243
7122
1058
694
8581
578
8637
5992
7435
6076
2523
9639
3028
6875
443
9984
6165
3386
2916
3129
2770
891
4071
8683
4139
5414
2285
2601
8179
4144
7631
3009
8699
135
901
3437
3165
7816
7654
8710
229
3806
5118
4519
9722
5784
6957
665
7306
7045
6396
16
3811
7182
3371
2577
7918
9280
1350
5006
2741
2084
8502
4560
2181
5245
1667
9168
3919
3342
9831
7218
6153
9525
3870
1214
2386
3784
1754
492
6402
8378
4339
1179
3839
5242
6203
111
8172
9849
95
2645
444
5254
5065
8243
6244
3159
9154
5553
5823
7798
1238
7294
8123
5270
448
289
6336
7728
2708
685
2865
3134
1771
2607
203
5123
9241
4135
9882
5206
986
7025
4123
4905
8843
9343
4604
2698
5270
8933
384
7797
3669
1520
9006
1955
647
8899
6025
6468
9136
7584
91
6629
3946
3040
842
1709
6746
6719
8172
7018
5277
6055
6951
2851
8322
5111
7825
2393
8097
6047
2550
735
6536
5307
7112
7203
5351
6506
6945
6744
7105
138
6948
3121
7811
3425
1025
5180
993
6154
4503
1129
3100
3354
5731
6358
6880
9359
8583
3032
3065
8500
7446
9256
4821
9459
1244
3272
4276
7768
2123
3424
4509
9565
4160
1513
8331
5303
2019
9460
1444
9772
8749
8232
6441
3776
2276
8999
3161
9883
6514
5676
6097
584
8068
9892
6798
2284
9854
454
1875
6209
3964
3775
3126
2079
3891
9438
2164
8182
2325
7385
8245
5210
5348
7386
602
1547
5758
6698
8531
927
7046
2633
2461
2543
8339
407
2425
5531
3282
6113
1559
1290
9735
5147
1393
3651
8817
982
8900
9489
6251
8447
953
3830
2622
4084
6643
3679
436
5955
2368
4960
9815
9313
1250
9900
8072
8612
9608
5282
6444
6478
6421
23
9697
3030
7810
2429
9806
8197
8831
5277
584
9609
6052
4486
5232
9401
8662
5057
5178
6454
8102
4768
7417
9866
4611
6467
1398
3537
2079
3975
4736
6656
287
1052
8061
2534
2220
3329
1326
4477
4503
3501
6720
1277
3338
253
5215
1934
3961
8917
245
9495
8023
7701
6576
4632
9908
2474
7106
3472
692
1021
9314
4476
4331
1388
1056
8477
3269
4611
1813
1621
6242
9943
1832
7533
7454
6447
1677
694
6143
2527
3977
1626
9655
6578
8577
7854
5690
7315
9743
967
7945
8200
9366
6197
6588
8444
8637
4304
1023
6759
3527
7102
1315
1165
5492
1279
2885
9856
1792
2677
5692
4610
3225
3283
3740
6395
8590
9792
2471
1890
9922
7400
6067
8124
4576
384
3639
943
2617
5028
3887
6050
7369
3966
5311
4707
5335
2821
4099
2772
6795
5040
2549
803
5450
9797
3768
9460
3324
3683
8145
7453
4447
5448
2918
6654
4580
2016
479
6202
3719
4523
1624
7719
4605
3769
9048
9966
886
1604
2668
127
5633
7354
7101
1669
1727
2134
9712
913
6623
2634
92
4982
5641
1947
6726
1088
5094
5705
5256
8049
9644
9562
6320
2874
9784
7538
5684
4418
6420
3968
612
6022
3624
360
8584
6989
5196
2568
8024
2679
3516
3946
1914
946
7796
8773
7014
4072
9963
4432
9622
8280
5708
900
5801
3119
5022
2493
6311
9715
2934
9709
7886
524
643
6557
3786
4367
4071
9153
4884
7800
9253
9846
8641
3716
1877
2234
2475
2457
5
6568
8414
5234
6490
2047
4056
7290
2084
8671
1971
4884
9151
9007
7039
7749
7845
9997
7624
2351
3601
3491
183
8618
3407
9298
1140
4481
9232
8590
5849
3639
2249
310
6706
9556
1002
4142
6001
8479
1116
3067
3230
9402
4340
986
5659
7861
404
7101
8613
3280
849
3523
9350
4512
9775
7043
2648
6109
7080
6453
9524
3206
6907
8973
9033
5185
2385
8516
4648
4115
3531
4629
4523
664
2872
881
4102
7520
5939
4784
805
8886
5704
3269
2261
654
2151
7356
7216
2859
3137
594
2608
1002
9328
3825
7732
3886
7603
9015
2624
6329
1670
8530
6750
387
592
8714
1139
5322
7206
9611
3197
3735
3773
2173
6472
921
5101
5170
9328
5344
2832
7227
6960
2151
5914
3191
9817
7839
8019
7529
3390
3621
9775
7765
8428
7295
9407
7511
1111
8264
8721
5201
320
8709
2802
5871
5523
7347
2483
8135
7324
8095
249
2578
105
1906
6094
850
1211
6583
8086
7280
2214
6331
8108
6611
5080
4143
9914
1278
5478
8732
5623
9718
8418
581
971
334
3449
5378
847
6994
7049
1566
1663
8349
2511
9102
2721
1783
7614
8379
3151
4974
5084
2591
1199
1535
3414
1849
3189
9809
6692
2524
382
6207
919
6090
4141
960
5439
3080
6931
1477
9305
5791
7271
4926
2822
8031
7573
5193
983
8751
8083
4232
7379
1733
62
8429
8459
910
8851
2181
3765
2795
6073
4767
8676
5753
9548
4088
793
6155
165
6276
243
8358
228
1610
5441
9737
4480
4060
5336
4262
2309
7890
2241
5346
2188
1890
4538
6981
3112
7214
284
573
2092
7579
3148
4070
5755
8185
395
4078
7383
6195
3784
7000
9163
3653
9846
8208
9300
213
4536
3477
4730
9808
8696
5912
3740
4466
9079
6560
2281
849
1166
3783
2923
8598
1523
1220
4462
2745
8248
3926
8895
5960
3342
1769
2591
1715
4951
4104
231
391
9384
5040
8693
8262
2317
6621
356
2415
6742
1427
8010
5775
2927
4843
4618
9620
6670
2920
4922
2378
3877
8981
9472
9204
2744
2781
3285
6376
6024
3382
2267
7831
3998
1050
8731
4247
6451
7940
263
6976
6380
9428
5294
8111
9043
303
813
4666
912
2838
7507
5921
7030
1376
8925
8349
7514
6727
6176
2232
431
9805
8470
2136
5149
8504
9935
9609
5040
4417
4936
7542
76
7765
4921
2676
3293
7158
6457
8971
9917
6689
828
610
4063
4924
1260
2022
8889
4236
5397
4470
3086
592
5130
1966
5337
6030
6518
79
8838
3656
8557
5895
554
763
5969
9778
8323
9572
1888
5356
537
7950
9770
2337
8516
2924
1520
7828
6423
7071
4040
440
8042
1365
349
5070
8966
5039
179
6252
9578
1054
3241
8566
4186
3785
2743
732
8407
3101
6519
2496
3353
8081
1664
2738
6072
5348
8509
1722
8747
7942
1036
3569
727
4224
3682
1132
2121
8880
3195
5957
4703
2117
6464
9432
5201
4324
8129
2056
2973
2837
1106
5980
9856
125
2435
473
3712
5336
2502
4620
3846
2850
885
6052
3609
3363
4604
9258
3685
1941
6722
4431
8283
7843
8165
5040
898
7488
5027
8392
4331
4720
5845
8562
8242
3175
886
1225
4192
8844
2481
7375
4798
8762
5096
3894
5092
51
4881
8286
1951
1217
9227
1420
1680
9435
9918
3683
5361
5008
3248
6945
7907
4291
9892
4153
2772
9395
2958
9192
124
5493
3761
1222
2198
3936
8105
8828
2907
9861
5156
9836
1497
6889
3914
9745
5683
4321
126
852
5939
5817
6397
5111
5883
4961
5764
2754
5384
7188
9662
5401
5143
1494
8794
4710
9458
3449
6923
2584
7091
7372
1801
4311
9337
3729
8852
1602
3464
6105
9529
2215
107
3919
5022
1375
5093
1965
1511
84
6420
7999
1211
1167
3047
8370
2960
3394
1030
3736
6082
9935
3680
3004
7043
467
386
9500
8925
2803
8515
8391
1795
9201
2397
9589
2582
9531
3733
301
5074
9088
4764
4663
1304
271
238
9295
5287
8847
2679
7042
8068
5845
5413
281
2184
6981
3961
8783
4952
2872
8007
2672
7120
5749
4285
7872
2153
5231
8817
8469
6410
9660
6274
8802
5722
4382
5201
6624
7811
8415
88
1931
7410
5981
4920
8743
8555
8656
2433
2974
170
9428
5722
6439
9156
3208
5216
403
5948
3969
5947
9719
1793
9435
9756
7057
1076
7198
4115
5162
8104
1721
462
3831
4610
5805
1259
4459
1568
8968
8078
2876
9286
317
2974
6176
7651
9917
4697
9940
4754
9620
2680
3704
1309
1026
2158
7323
7995
2788
5258
2159
3962
606
7867
3529
2904
8552
2595
4551
747
8322
3028
5710
7601
4485
1127
7998
7121
3656
2828
4692
6416
780
8668
1037
4048
9268
1306
1106
7859
9940
1432
3989
1389
293
1573
981
3095
1793
8580
7441
960
4050
2952
119
8238
2498
6571
3048
8530
5822
958
3482
1658
7660
6683
7433
3664
7734
7878
1163
6927
1522
8354
2126
2853
5055
4607
9905
2052
7358
9809
8860
6931
586
6413
188
258
262
796
3231
9707
4130
3474
6104
2467
426
7720
3472
1759
7963
3957
938
1188
1745
4715
4176
5191
8498
6942
383
2915
8065
6992
876
840
5169
4439
161
9472
5222
367
3736
654
569
9852
1811
528
1736
6040
166
6099
6199
2715
4674
4949
2087
8329
430
6021
4961
6325
4148
3558
2416
8003
6821
9427
7224
5770
5466
7437
7526
5640
7528
7472
4230
1360
3135
228
5195
6527
8511
3006
15
9149
2856
8390
3223
6526
60
4276
9985
8200
7747
9476
557
1135
7211
664
5173
5835
9850
2205
5419
1947
9314
4949
7757
723
6751
5107
6247
9153
256
1878
9734
174
1151
6972
1156
1823
7439
4776
4485
571
273
4911
909
5287
7107
2636
9627
5181
2470
9011
3030
3308
6218
4930
2883
216
6984
6307
7216
5890
6171
4830
9872
2130
1036
8043
8420
9952
4313
5974
946
8899
3570
1115
9140
1761
943
4689
3055
7044
2977
7443
4974
4014
8740
5241
8075
2595
5533
9861
202
5541
9318
7513
3362
6701
275
2006
8521
2341
1424
8096
5083
4051
3225
157
4838
4879
6789
7148
1380
5189
7376
3826
4278
8150
6532
3455
2442
4105
1955
2351
7641
8319
4868
477
9568
9780
4135
7042
56
1777
311
1755
4804
1231
3115
7737
9847
9622
7256
593
2863
1955
119
8324
9954
3464
7294
3913
5267
9501
366
9989
5441
1988
6681
4525
493
2266
1997
6626
1365
9817
7394
2364
5714
6555
8844
9538
4170
7146
7132
3700
4451
7394
2377
1852
1429
3047
3191
1465
3819
3619
546
1467
6486
1400
5033
4733
4429
6643
2809
475
4724
9265
4597
3253
5800
2716
2847
9548
2597
1086
8614
1594
4468
4967
1148
2174
7205
5961
8498
2948
9364
1311
1618
7891
6587
8654
1096
2112
6852
900
5935
2065
9449
2861
1300
5547
4651
8645
1225
4492
9963
1623
2184
7221
8183
1028
7233
1695
3076
7552
7602
7263
3349
2166
2019
2836
9990
3947
6219
3932
647
4576
5442
2279
760
7041
1075
5667
7390
7450
4941
4822
7007
5738
8872
1482
8895
1007
7711
7139
936
2241
3293
9532
1775
6299
9208
4064
4617
7043
7013
8036
8986
6747
8838
3153
8501
6496
1511
7007
5029
2816
8161
1821
7574
7241
5448
5438
6369
7484
3624
3629
9971
1535
3511
5633
8809
7634
2966
8075
5929
2138
8890
9468
5648
6953
6545
7876
2564
3807
3411
5605
1301
970
1895
4918
9237
5576
7230
2211
2672
4829
2160
7954
4666
7216
6626
8096
2228
9200
7617
9034
5931
644
1758
280
2717
5487
8517
8995
9928
2578
5787
7144
1313
4764
8435
7812
7022
749
301
5567
7121
1416
7709
2581
3441
9750
6131
7919
1750
5911
1356
5921
913
1956
3349
8684
5590
2848
4311
5715
3943
1053
2931
8075
2222
6970
3802
4812
6918
6202
394
9812
2278
9200
6449
9803
5980
3638
207
2209
6498
1133
2748
8787
9632
2015
3635
4348
1710
9504
9482
4680
2387
5715
1871
2548
2079
2857
3680
4225
3425
532
1191
8392
6
6281
8064
5687
3775
5412
4217
441
7101
2614
677
2164
348
2681
3356
1148
7561
9412
7187
5381
4257
6185
8259
4390
1512
348
2905
4536
9587
4319
234
157
322
2376
48
9566
5837
1140
4565
5741
5178
4900
5114
8521
1944
1606
3637
8640
4924
191
3286
2831
7909
100
1700
7604
1006
2039
6552
6948
1071
6862
469
8665
5856
8080
9123
7107
4924
233
71
8288
9214
3837
7696
9814
4730
2921
4177
5836
8906
8821
9606
1897
6291
1173
7749
980
884
2095
4578
2346
9083
1559
5070
9407
7220
4469
1613
5147
7854
3480
931
6581
5116
2132
8523
8142
9909
8423
1716
9796
5240
8586
5048
8087
3407
5363
1113
2281
5135
7831
1707
6510
6506
8476
472
882
3969
2716
1876
1050
8361
773
3438
8130
5048
2414
9247
1798
8732
2276
2482
8412
7593
5187
7680
5535
573
4800
9174
7239
1586
7811
5462
7987
5455
162
7271
776
7435
392
6026
6659
7551
9540
3226
9626
823
8654
6847
4065
8565
9860
1263
841
5089
9507
7377
9538
4977
8881
4944
5553
1329
295
4856
445
3600
6413
288
9748
9143
5213
9139
8410
3254
1113
6989
3969
8396
5080
6399
116
3906
3787
8111
5645
661
8734
5808
8071
2367
6778
2105
3453
8145
7128
2628
6865
9183
3216
3653
6681
1096
1695
3285
5812
3456
9559
2714
7723
8683
6160
6421
9362
7288
5004
2615
3885
5960
3065
7904
3375
9467
7103
5846
9614
1765
8921
1919
2803
3873
9712
8844
8717
9762
9843
7138
9733
4850
6563
7445
3532
3129
2315
4018
3200
4060
1884
1210
3565
8175
5478
5143
2529
9576
7236
6716
472
7490
3102
1773
8662
4314
4865
4904
4627
2058
9452
1022
5280
7360
1601
8162
3784
6538
8460
45
6449
7040
3583
5708
3618
4093
1563
3143
4447
9659
9676
3918
527
3163
5708
849
9278
1502
8375
2556
5807
2195
1982
2590
8265
126
869
7477
1251
3713
8279
3928
8650
6137
8553
2161
1006
791
4172
6484
7613
9801
3596
4336
3111
4517
1701
5377
7921
6161
5078
6863
357
6882
2509
5222
1670
4415
6914
5971
4497
3362
2272
7560
5406
4875
4750
3645
6423
8976
8251
7843
6144
7668
1656
54
4260
450
6335
8014
9488
999
5345
5650
6792
1514
1950
3418
2040
7049
6205
415
5670
8513
7884
3585
5122
6601
4865
8788
2287
6476
8622
2456
6571
5473
8243
7140
4346
3977
3022
8255
833
9908
8029
2714
8142
8240
4900
7261
8597
8863
3626
1212
4134
9731
4350
2614
4842
5721
6903
7995
2043
2752
6985
4327
8371
3700
2163
1982
5517
2283
3317
2790
2040
3100
8590
572
1898
2311
4100
9412
513
8404
1389
4912
5061
252
3146
6604
4185
8606
5316
8932
3520
4367
3758
1283
2508
9089
1690
9705
6897
9631
6119
6600
6712
6482
9640
8795
1296
6659
9568
98
9600
542
4874
9583
7511
5679
8693
9527
4739
7771
5596
2421
880
6893
8211
6369
1017
2220
3949
1208
2890
3014
5339
7528
9574
620
3151
6490
5284
297
6126
5709
1172
8415
6404
7835
304
4784
7490
426
6733
2902
9426
6769
2529
6959
7067
3492
6366
1113
2192
399
9244
8902
4882
763
2134
9340
486
7663
4282
3052
6657
3495
3028
3260
6080
2969
9140
3923
8197
7418
1035
673
4235
8860
4773
2489
7754
4002
7393
780
4694
8162
1276
8146
1298
1269
2010
6167
9506
7886
6390
2240
3630
2580
9890
5561
3250
3454
9623
5261
6626
2314
3968
5073
3307
8154
9682
4029
9189
4812
6771
2440
7908
9349
8092
6559
3742
8009
457
8513
3271
329
3165
4042
6360
8377
8674
5018
3150
1469
1662
2258
8158
655
1105
42
4758
5680
6939
6034
7327
5577
6826
7875
5694
972
3441
4480
6058
8828
6117
2527
1097
4870
9361
5742
2067
7898
1113
7379
5127
858
3291
9909
3868
6141
8337
32
8495
528
1523
1113
828
1051
2538
1423
8344
2604
4447
7546
4427
2530
626
2867
395
199
7783
911
8083
234
1658
4552
626
6185
7763
4954
5280
8456
7461
7351
8268
1216
3760
600
2432
7095
2630
1841
4982
1495
619
7392
4420
4446
6933
3137
8162
5362
6211
2753
3261
639
2746
1581
8163
5918
4651
8950
9055
2915
5392
4723
9935
4675
7893
6195
3280
5520
1635
7214
219
2739
6967
9782
1737
2725
3922
1375
5010
6186
3081
2152
8771
8954
4525
5142
4414
2125
9493
2380
3003
6211
6007
9096
2125
925
2902
3452
111
9739
8276
7832
7837
5907
4009
2801
9646
3643
108
6064
9791
67
8078
9417
2700
2466
6406
5254
3239
7819
2182
560
7579
3035
1149
8090
3929
4562
4678
2714
9057
5740
2814
8612
4254
3083
8915
4228
9288
339
7287
8152
2173
6721
6756
1544
7545
7689
2137
275
8113
123
2003
9767
448
1504
3319
4860
8761
6391
1387
9982
2315
4679
2724
6646
4434
6208
2730
6276
5610
2338
4200
7242
5935
7289
6560
1416
6112
6580
5884
9695
9665
16
1406
3268
1136
7702
1176
4660
8767
1870
56
782
3296
9983
859
178
2047
3796
6979
9508
2649
2268
6499
2844
4554
1037
4167
5229
4900
8982
5472
6575
2155
1552
3741
412
510
2673
3077
1828
3648
1597
6481
1262
2772
4184
183
8123
8535
8989
6208
9528
9847
5940
8491
8976
2226
6083
1387
3739
1289
308
2875
5080
9651
3183
1474
6434
1278
6644
9778
3634
2736
7655
7178
3904
2555
7560
7339
8311
2799
2381
3703
4741
5962
5167
9429
8299
6235
5822
3345
7959
1876
7346
1985
6700
4669
9375
259
8971
3332
6643
9762
8448
530
7408
2887
7099
298
2849
907
3561
7899
2410
3003
8638
4821
288
2516
5009
9224
4786
4398
5157
4599
4835
9973
5232
1100
2581
2546
825
4693
1348
1849
6995
5628
1404
6828
2832
1700
1783
4972
5540
5663
8887
4479
5048
3261
1789
5629
3734
6590
3859
9844
5656
5673
860
4060
440
4197
5494
4341
4723
9876
6617
2316
5231
2976
5071
861
6357
2077
9584
5490
5517
6558
8552
5017
5078
1860
6215
2995
7198
2705
454
6329
756
8411
5025
2809
5063
252
5
6911
923
8581
3671
5647
5832
5875
878
4638
7758
6282
7486
9264
5721
5582
6482
4507
8908
6912
1061
6827
8813
5093
8861
6272
6174
3347
5445
7425
7683
3332
1862
2579
1157
3565
9841
613
6594
1433
5227
2531
3598
5150
661
1130
4762
8001
6807
9099
4815
1541
8665
6137
8759
1086
6510
860
7289
5652
157
2984
7167
5363
7565
5479
965
9647
1836
6467
5808
6581
6636
8272
5881
9485
395
8342
9205
2875
2941
1260
82
7109
2600
5631
6752
543
7692
851
985
1954
8413
6017
5806
6907
9662
30
2000
2031
9004
5404
8072
7548
5124
7241
3924
4219
7186
4101
958
1970
759
2130
8458
4854
3078
7204
59
6589
7659
7687
2947
1
2744
9328
1078
353
2398
3436
5433
1170
3572
9476
717
7186
3703
3762
8946
9981
7294
9117
809
8200
3049
9616
4906
2139
4022
4202
9278
5932
7967
4190
474
422
2675
5866
8105
3801
1295
2260
2629
6938
889
8497
7154
8459
3913
639
9687
4966
2661
546
2378
5827
8807
9852
6774
2712
2685
2885
2747
6384
2060
4747
1827
5924
7442
9010
6156
2886
3095
4908
2327
8413
6639
6036
8828
4971
6975
1813
7224
7866
1817
2599
2212
5716
9205
2505
3331
9698
9166
4778
744
4908
5751
5073
6497
2464
8472
4493
7604
5070
5033
7239
6980
7551
8649
7236
7856
6581
2635
1846
2568
7326
8638
9009
4765
3170
2056
267
9828
6236
9422
5389
1015
3686
770
8646
3768
7036
4522
4271
1859
2675
825
6793
3711
2114
1084
2002
5568
8542
4707
9479
9820
2580
8314
932
1751
5408
9298
7862
8990
1690
6289
5585
317
9408
6739
7293
4093
5678
6700
2971
9070
9466
1531
150
1724
3324
5932
8261
673
2074
4986
2476
2103
9682
462
226
1928
4321
7577
510
5268
9841
3995
9339
9310
719
1741
5882
1460
7961
5073
8054
5145
7734
7587
6194
2576
6528
7004
1407
1687
1165
3044
7482
4942
4316
2049
5474
3234
9834
7248
3799
2875
3716
6223
7774
9678
4294
9428
7265
4927
6290
5166
7139
4647
3389
310
3457
7710
3763
5569
5700
6150
4459
6293
1171
3236
324
5685
7014
74
4879
8123
3013
2933
9703
369
2286
4609
2587
2029
6038
8452
6284
8054
2567
9742
5329
4567
1479
9803
9336
3215
2809
4114
8775
4033
3709
6621
2816
6783
8370
4725
3683
3647
5628
7113
3582
5223
5857
7979
4928
9066
3501
3527
7371
1038
1493
1345
2695
5385
2600
8666
131
2697
2161
302
6902
6237
2554
5726
4404
7043
7643
229
8972
1806
8800
1320
9614
8611
1544
4063
7466
6321
9418
7275
8115
3802
6738
9155
5587
3154
7896
7311
1512
5892
3985
5008
1484
1035
9520
5866
6962
6788
5157
1071
1532
1773
3669
3177
2490
5770
9178
2307
2812
7108
7937
7140
8105
7038
5873
4842
9064
6278
6123
3519
4428
3507
8749
8250
5068
1409
3585
9877
864
6343
7555
4391
6936
9041
879
4013
1270
1199
3816
8153
5004
6377
2886
87
4576
7373
5655
8568
6972
1479
1397
5085
4465
2715
6456
5378
3420
4098
4259
9204
5393
6255
8153
4512
3684
8173
6690
2890
7254
8535
1465
8935
3100
6179
7229
9207
6540
6652
9287
4210
3633
9930
363
9758
2925
7488
4231
522
7822
674
5288
2363
4745
9265
5500
2480
8499
405
5715
9731
7359
9446
3855
5695
6577
5030
9322
1321
7297
2926
7142
8732
780
6308
2431
6149
2676
5094
6461
5959
3351
7062
9734
2604
1565
4897
8192
7146
9403
6029
4244
6701
3316
2303
9534
6550
5711
2167
1313
7392
4324
5801
9367
9434
592
7320
3286
4742
5081
8816
6878
7566
7899
3328
9983
125
8768
7427
8840
321
3230
2698
1146
5179
3674
6231
2267
3280
8218
2040
7174
2992
1320
4430
5727
6176
2083
8698
9700
9878
1712
8723
3200
4417
5405
6646
1017
6306
2550
3770
2537
5243
8224
9326
5577
4626
1491
5874
2905
2977
7365
4655
6525
9822
1281
6228
6258
7010
887
8014
8302
4536
6189
8658
9108
2469
2547
4394
4839
5198
6515
411
6102
1114
5543
4975
4278
4213
1317
595
2349
2109
806
4383
7146
9981
7012
3629
5635
8788
3345
7720
4022
4337
2692
7635
689
1693
4223
5026
3692
1509
2268
2697
3844
5299
4070
3456
6499
936
5507
1695
2443
8344
1823
1788
9634
4002
4676
750
7414
8346
9397
7660
9793
7988
9066
1095
6552
5407
3318
6369
2686
9612
7604
4249
5862
6186
5088
9141
277
3328
642
7706
9718
7494
356
8522
8983
9872
8309
8922
4688
5143
1655
9695
7556
6822
5778
5637
7824
9278
4795
8860
1072
1622
7519
2383
9089
179
5674
386
2817
3280
580
4055
1794
9162
3739
1581
2782
3931
9260
358
4261
7185
6810
6260
7937
1850
3937
895
5467
5485
3124
4581
230
5688
8226
2574
7480
8290
2759
7803
5737
3597
9743
6219
965
9274
8150
8874
8219
4648
1051
2454
1832
154
6051
1982
7598
4372
9161
2186
8413
1842
387
5569
7732
7941
8576
9195
7520
6987
1581
9204
3619
7306
7367
9130
8800
4136
8842
8611
8403
6378
1064
9405
2462
775
6870
5587
9709
9513
8288
3017
2683
7951
5965
757
2446
3585
9901
1386
7341
7698
1022
6690
1057
2571
5758
6423
1465
5850
139
3662
200
6006
343
6224
4746
4333
9287
3095
4932
6140
1674
8353
3064
6330
1366
1364
2199
6369
5149
863
1410
2330
3343
3112
9241
3141
3178
4999
2404
8306
1501
2558
9632
6991
6570
5475
6752
8174
7241
1180
2693
1473
2233
6806
8489
9621
8513
9266
7077
8008
8197
5677
5875
4745
1748
7978
3869
2507
4238
5773
8564
7365
8899
743
5949
6985
2471
1945
5542
7615
2386
4663
5798
5725
5363
9116
3746
7365
9540
1235
555
7755
2456
4024
1365
7425
1393
5436
8131
3602
2351
5279
3054
3383
9427
2253
7045
9337
81
2744
3037
2292
468
8749
9802
6835
3835
7318
8406
7918
849
5211
7341
285
6954
9670
8332
8568
8362
6290
5950
445
8624
1567
8501
7916
7567
3396
714
6402
5036
1681
7372
7744
2819
673
9364
1720
7221
6552
8441
7220
2461
2447
4463
6307
5360
4457
7019
8832
6418
3856
7585
6144
2933
8257
9678
9128
4828
513
7250
4729
6605
9083
4101
1913
3957
6231
7610
7487
1702
9448
6944
5419
7035
737
9061
4191
5181
8917
1862
526
1854
1147
6578
3792
7794
1946
4125
9615
7261
4327
719
8657
9751
9528
1132
3218
6300
3011
575
2813
3585
7608
239
6695
2289
4471
4836
1752
6261
4560
6866
9030
7058
2838
7028
2896
7931
5998
2852
1044
5527
954
7799
5662
5518
6780
7174
30
9934
9321
2902
357
9434
2972
2153
2475
8625
3060
3438
2559
6748
1420
819
300
5697
9380
7755
3989
3717
7697
7290
4861
8255
7870
4477
933
8039
6780
246
1603
429
7118
9445
4619
3685
4522
5571
5965
5568
7948
6280
5114
1063
4589
1724
3444
3105
2379
7738
6194
179
5302
8065
4397
7943
999
3956
3001
2565
8636
8769
8627
4541
2516
1887
3540
39
6612
2960
5471
706
2596
7766
6685
4521
7897
4722
2898
1796
223
199
5675
8122
3186
7453
9399
7459
4873
8658
239
2012
9088
7307
1603
5604
2065
8440
259
8579
9006
9717
8231
2027
94
2460
811
5238
4674
2744
5674
8671
8626
8901
3269
8108
392
1651
1024
5433
4985
2730
7594
6288
1451
8535
8840
1508
2008
5860
9436
318
9486
6485
3031
8990
4703
31
7592
9171
5676
1731
5631
1813
4137
3096
1363
4671
925
5895
8301
9531
9433
2991
7839
5542
3442
5273
3204
5906
3437
4535
900
2874
8150
7813
1444
4416
2780
609
6953
7970
2332
9398
8103
6268
793
6452
778
7975
5701
4940
2480
398
6415
519
2929
2673
4889
5094
2972
3890
7604
9540
3519
6285
3354
7208
5154
5925
3160
6039
1729
9721
2550
326
8836
358
2437
3805
6893
1110
4340
4375
4494
4422
2894
3365
7300
8821
6211
5938
612
4536
769
4769
2624
2778
7584
2995
133
9137
3287
6950
3860
2748
1854
2023
716
1800
9953
3655
4017
8626
5917
9307
4075
4455
9114
8973
333
8935
8549
6192
7423
4151
3801
5729
6715
1142
362
1514
433
7719
5613
7600
6759
413
7079
5420
81
1782
641
4838
2521
8670
501
8348
7386
2068
8759
1379
8863
5849
2899
2005
2467
1109
367
952
8788
8707
7452
6528
6250
3309
4335
6554
2542
5218
2694
3513
9064
4116
8729
830
9753
2846
1407
5792
785
7762
8602
1755
7102
5393
2656
4
9235
3140
3526
4651
5872
1575
2635
5977
7827
517
1583
7833
7323
2255
9679
9155
5765
5189
4509
1747
5606
3335
128
4744
7811
5413
7573
1033
2959
4467
3409
6434
4722
1624
7268
812
2371
5158
5643
5066
5522
868
4771
7887
6788
6422
6085
8157
7612
7230
3666
1401
8083
8540
92
7387
8531
1969
9662
3985
4470
7441
4249
754
838
5639
3741
3136
7968
2146
1856
1031
9354
7357
2446
8466
4413
5357
7453
6140
1745
355
635
1924
7172
9777
6742
8890
5767
3273
952
8215
5461
2833
7277
5529
6321
291
4483
8987
3803
2433
5453
1667
6478
7814
483
9076
4425
9767
6202
8804
7640
6296
7692
4392
6142
2715
1987
9532
5553
7715
1303
8127
2962
5590
1457
4554
1128
8465
5595
6609
6984
2470
8791
1890
3683
7121
2201
4267
252
6776
2641
7832
5812
2672
1593
4314
3716
5388
4839
7635
6247
5185
5583
5693
3969
469
8057
922
7551
8613
6778
4470
4188
3750
5234
8521
8622
131
5153
9689
4875
9733
5894
4813
651
8001
3366
412
3675
26
9253
9763
5515
2104
8852
8901
8549
209
9752
4141
9338
3251
9971
2927
6299
723
4689
2284
1601
608
3744
2980
5849
5617
3741
1478
3792
4541
2823
6387
2758
8745
9922
6337
6914
683
843
5243
1234
2910
5779
4485
253
8094
3498
3550
4968
2435
8825
6142
577
4507
8395
8831
7643
3376
7785
2808
806
2825
3521
9619
7626
6699
2562
5440
9760
8032
2631
51
3469
6096
3453
4649
636
12
403
2536
87
8058
7229
8148
3186
8474
6997
3469
7700
2694
2126
790
6546
9432
8790
2033
2954
7222
5800
1109
2233
5849
3675
8114
9625
9036
8571
379
7995
7503
4178
8129
2957
7210
1490
4273
1848
3487
1986
1444
5352
4504
9122
4693
6504
2800
1868
4127
2234
7246
5673
7924
4129
7131
3629
4730
7851
804
7457
5711
1822
8108
6795
1310
6589
4873
6444
6698
7798
4670
2406
9239
9868
169
3239
3064
605
7811
4390
4002
527
5525
5497
7504
1083
9946
7217
9920
1782
2143
7074
9899
808
1990
7779
4961
4539
4858
6766
5602
2786
8957
8885
9178
4051
6061
2002
9284
8291
5590
8040
5903
9100
8449
7275
2126
3853
3625
361
9496
5070
222
3268
7168
5103
7987
5581
8064
2284
8817
1550
6542
8623
2559
9955
2993
8866
6681
6790
7212
5231
317
6454
7272
8374
4181
7668
8353
8122
1086
2906
3751
5144
2743
5048
2644
5429
293
1884
3085
3475
3683
4221
3090
2768
8183
2229
3919
4428
6128
856
4853
1316
4891
2853
995
1808
613
2792
2509
2197
5451
9
8415
1543
5885
5253
2987
4671
7617
7142
8270
6981
3827
2338
6816
8939
1930
6381
8330
1205
8806
9772
818
6632
9974
4407
5074
798
7190
2042
8743
2403
1861
2697
6069
7136
4164
1021
2248
9025
266
1055
3125
5973
709
7183
7263
7394
9116
2529
7781
2994
6719
3685
5288
5070
4576
4226
203
2405
5130
8991
8115
6361
9935
3454
4286
2966
625
7684
2448
7840
9702
9561
3400
8872
7246
4185
3585
4842
1536
4116
4244
102
6128
8488
9995
9561
2734
1705
6784
7144
1400
4011
2036
1385
8719
3932
9756
3277
6230
848
310
9502
6967
553
1961
6673
609
1379
9018
2135
5548
3898
1163
7014
9724
425
9998
8607
7267
3328
7831
5964
7553
1265
3087
5112
7687
2839
3621
4170
4058
2691
9535
4255
8050
4212
6462
7796
5154
8562
6207
5229
6994
9384
9582
4853
2759
3388
4613
8882
3269
6427
8611
1876
5035
6486
311
5018
5772
7027
5483
6080
9982
4706
6654
8345
2715
3821
5610
5542
7429
6378
9684
6768
6007
6720
4561
5623
3878
1412
6357
3863
310
6911
9591
8884
2521
9117
3521
2867
8210
997
3348
6244
1816
3712
5000
2511
1206
8632
2224
6714
2255
1630
2044
804
7838
9448
312
8417
5180
213
3634
163
43
6430
7769
6513
783
7131
2209
6166
7756
2175
3874
4041
9531
2418
1440
3573
5238
7081
1254
5684
8995
5107
108
1789
5325
3938
8455
6582
4413
8517
1439
2712
1576
686
7772
6222
3122
4324
2522
7385
1968
5559
2203
8212
4747
1628
283
5774
3344
292
9167
2201
5381
7517
6407
9534
2790
3348
1218
2267
9101
1125
5809
4011
8464
1762
4052
7888
7908
2988
5200
4639
256
3312
3170
8711
8604
2273
7245
5344
7672
1342
7359
8413
4105
6175
3489
1965
766
6370
9646
2867
9969
8140
3579
3984
4553
3486
7316
1818
348
5542
2520
8379
7009
3726
1018
5033
8083
3686
2345
8333
9730
345
3289
450
2500
6030
3552
2076
5801
2734
4045
4851
76
2268
8594
5786
8597
694
418
2720
811
4119
661
4019
4487
5830
5097
4571
7875
3582
2051
5322
2178
9771
6579
174
6873
8862
6293
5393
6363
813
260
7598
4066
7818
8633
8575
3273
6110
9169
1911
2519
9234
4860
9737
21
906
8642
4756
7057
1455
5760
347
9435
6519
5536
4181
9804
4930
7639
9870
3143
8196
1959
2856
6776
362
7973
6226
1080
9371
6389
5938
2963
4524
2561
9282
1104
480
713
2517
1439
1915
8692
4933
5410
7873
2292
1210
338
911
2904
7112
2626
9077
8619
2454
3840
6447
3369
1126
4632
6367
3586
5334
5619
7865
4887
6306
4780
7435
4993
5636
6947
9686
8434
6218
8971
9629
7427
2225
3486
7705
8252
627
6816
5446
3170
7851
8832
3854
6490
2161
5723
5200
5868
3430
2699
1261
3411
2749
461
9263
6208
612
561
3477
3182
1134
6666
2687
8737
7951
9924
8051
1064
2691
5
2378
9121
779
636
4603
6251
9653
1494
689
6247
8951
7248
5355
2408
7943
4215
7968
8809
4170
9579
7980
9166
3863
5890
1820
3954
1911
1352
4962
8591
4604
1572
7125
6269
1131
4646
4985
3009
727
189
3734
2359
2188
3573
4472
7482
7172
125
9394
8816
6697
1975
6639
4227
6504
2472
2903
3962
8094
6047
9962
3766
7314
7715
6780
9528
4174
9620
7405
9952
7163
6836
3699
688
1433
6079
5335
4959
9064
3253
1913
7929
3094
9784
4177
2483
7621
5184
6787
6445
5063
2780
9438
113
7321
2852
4449
7431
9481
8346
3706
7163
3670
5822
2941
6854
3939
1024
3741
3176
8919
6832
9130
7144
6372
6162
2727
9730
1297
8318
1766
7199
9286
8579
2563
9347
6596
780
1178
9023
127
4906
1254
3014
1354
3264
7062
4349
8765
6686
3838
2796
2628
5541
4648
6161
6775
3722
5957
3443
4881
4710
7140
4580
6672
5801
1916
6192
2249
9278
4490
4066
1845
5770
9682
3638
8907
5454
2852
2041
9819
8204
893
3468
6533
4071
7207
7960
7428
3827
6670
827
5482
8715
5375
9040
3320
9393
6623
5069
8442
1632
1861
5430
2318
5581
4869
5135
4399
7100
2762
126
1602
1775
9375
2223
5164
7177
8827
9041
1854
8929
7943
6990
7982
1522
3612
7432
2723
1583
5358
3054
4413
660
2703
8302
4206
5959
2625
4804
9369
4701
4364
6609
2309
826
8168
3751
3038
3152
7784
240
601
8696
7731
3870
9794
8991
9168
6174
3940
5943
7405
4582
2036
735
3260
637
4538
8061
4203
6058
3532
3367
4590
596
2601
4241
1099
7816
7167
656
1074
6985
4458
8109
5127
6466
2666
4662
7086
3655
8927
638
6289
4442
1252
5829
1089
4217
2549
6258
2470
4116
1790
6060
709
2220
657
216
957
3159
5380
733
7118
7296
1237
6771
2919
2636
5002
7994
8986
2439
969
1991
1454
6029
3281
4601
7856
1396
2820
6650
5304
9030
9953
1697
6083
5037
2898
7572
8818
6631
8063
8666
2414
4762
1852
1950
3558
2912
4630
5072
440
4355
2134
886
6168
6132
8047
704
8079
6932
4154
8329
9650
1382
4667
3913
1726
460
2879
8232
5101
1533
3956
9948
7624
1833
5510
8243
9546
8483
8562
2652
9388
797
1832
6656
6178
9442
4802
1886
5233
6572
4827
5956
2811
2469
286
3146
7353
1835
1260
1624
2163
3197
2073
1623
1247
9170
4996
6501
8292
5401
2385
2914
6042
1450
885
280
4593
5132
7902
5255
2986
1536
3324
1438
8981
8122
8879
5862
2568
8927
1246
4840
2392
3514
3073
575
5431
1657
6620
2088
2219
7093
2873
5206
1943
4447
2913
2370
9400
5861
4022
4047
1918
9763
7456
8683
7477
1591
7314
4274
5791
3677
4152
2013
543
5545
5008
7880
197
339
5666
5105
1441
9451
7516
3899
4966
2366
5007
3042
7084
610
8048
4201
1361
347
4380
288
8110
5472
6523
6850
9794
1895
5983
3914
2397
7197
3113
7525
9915
6562
136
5346
8171
8689
9168
6886
6314
5085
5603
3053
769
7366
2286
5147
4968
4731
4403
9872
7301
3658
4206
8489
2965
835
7654
5955
486
8378
9250
4843
4559
2987
5429
6657
3708
8248
3015
7483
2521
222
8930
9526
938
326
4358
7687
2214
151
2041
3775
4990
4072
655
5021
2845
1747
8113
3581
5197
9238
3757
9182
4019
3155
1066
2242
665
4710
1366
3326
3079
4087
3135
3889
6781
2613
4762
7042
5518
787
995
2865
3228
6031
2481
9248
669
2781
5701
2539
2007
6338
4127
7362
2733
1436
3645
311
614
175
4417
5026
7542
3050
8510
1571
3067
7032
6767
6511
9654
8451
8948
3707
2740
5683
2298
4023
7369
6051
4981
1953
2328
8980
4332
4890
6432
8972
1026
1638
9670
7158
4364
5469
9339
8941
5748
6734
2123
2339
7737
67
1362
8155
881
8080
346
6887
8060
9573
4229
5995
6534
387
9539
9936
6376
5259
7441
8101
7324
5554
5854
4560
9019
8865
4331
5810
6180
7832
7679
9433
1964
35
6532
7935
8685
9028
8001
6655
8365
7040
5813
1768
9387
7542
1341
6202
5207
1593
1970
6429
8079
4335
8034
9792
658
4099
1609
4367
2051
9957
7467
1182
348
7345
561
2483
3628
5388
814
3200
3759
9786
7677
2813
56
701
6473
6996
5981
7192
3384
9382
1887
3202
5701
3739
3429
6886
937
5079
6884
9079
7701
408
4285
4177
8846
1035
5251
11
3973
7726
3191
1864
8930
4016
5170
460
4925
5301
3614
4908
8280
7814
1137
8702
8572
5653
5992
9872
1359
9757
4124
7428
9935
9608
3699
4585
6798
4731
4053
3765
9593
6940
5401
2494
4294
2948
2460
4856
9802
415
1166
7176
8533
4223
6505
5543
8779
1569
4606
6131
223
1943
3166
879
5230
7092
9281
8443
7429
1623
8727
2414
5183
6607
5577
5807
895
5884
875
5476
935
1222
2272
289
4403
9303
682
8034
3829
1027
1325
5076
2430
232
3534
7485
7173
1200
3469
684
4679
5747
6236
8203
7435
5818
603
4849
7248
5918
818
9268
8246
479
6058
4859
5366
7233
4792
9154
9455
6368
6407
4599
1854
9460
1169
9777
1129
3631
2793
6560
664
8563
2920
8095
6816
5954
2147
5302
1693
9837
7157
5980
1452
3581
4334
3226
2947
4944
5928
1531
1341
7499
305
5487
7589
4959
6378
9151
5182
8166
4507
298
8796
6092
1968
8478
2899
4010
357
9011
8315
7101
7769
9409
3180
9045
1154
8466
332
6362
5613
9569
4978
313
2575
1265
6006
9133
3902
8619
3655
8488
7285
3568
4344
9360
7448
1933
5896
4135
5268
9932
9596
5698
1329
9814
6524
3595
7480
4934
9527
4386
1963
9017
3459
446
8597
7602
1285
9217
7472
1162
2329
7754
2556
7204
1807
5140
1058
590
4466
6492
5174
8932
3046
2928
6050
5551
9661
8146
1861
7707
5158
6908
3847
4982
7044
7037
6871
6067
7174
3841
1764
4687
8936
7263
4500
4635
677
3645
9908
1431
8790
1374
1885
2912
780
2123
7535
465
4102
5439
3389
8021
1359
8683
5909
9148
1608
9259
4937
7723
6269
5360
7215
1774
8999
3228
2433
5865
9774
1917
9842
3708
5320
3472
4718
3588
2258
6055
5949
4958
9049
6933
7140
9495
2597
3717
3831
32
1572
9067
2351
797
4303
4386
9396
8603
3307
7237
8215
321
4558
2297
8847
64
9627
2343
8670
5188
5388
8168
3119
7421
5611
409
6366
3063
2989
7965
9523
3252
3467
1314
7693
5612
1823
347
4903
9611
8023
7517
8874
5800
2073
2246
2367
726
5396
2903
367
3700
8078
6850
5305
2159
8207
3998
4463
2679
9561
5255
6541
4974
4931
9139
3446
3613
1824
1407
861
8753
3729
9304
7774
9923
3460
1814
1399
8693
7862
6835
1862
2199
860
233
1440
1082
6762
4696
4634
7036
1295
7
9080
8066
4461
1315
5984
8100
9368
3123
122
9889
4267
6955
2886
6739
9505
7887
730
9742
8934
7551
8551
7730
3611
4033
551
3904
6784
5069
4741
9226
3873
3041
1208
7650
7296
5813
4237
7300
5259
4697
6433
4848
8297
9754
9016
8559
118
8899
5373
7095
1224
5120
7766
3449
1582
862
6546
2104
8596
4431
4434
7124
3045
9721
4258
452
9470
8846
771
4563
9003
2086
4230
7905
4176
8520
8070
4809
2374
3624
4435
5491
4704
4874
5015
7728
1753
8932
2182
7619
4459
9986
4647
8895
5454
243
7033
2587
3404
5665
9652
67
6781
4238
5006
6872
9428
1321
6934
6935
3301
7600
6832
9910
9569
6800
9005
9339
4976
6695
4982
9079
4713
8923
3142
8272
7137
2259
9842
204
8029
3187
6853
4121
5046
7941
3580
1673
3545
3635
7850
9515
9479
4577
6201
885
4432
2262
4574
4317
8439
7004
4919
3591
8289
8573
7828
6840
432
237
272
6682
8679
8023
9210
5624
9945
3103
5540
4937
6194
439
183
7417
7729
6541
2241
7283
2480
9746
7788
6075
5682
6261
6876
4295
7656
7533
4245
5166
8560
1622
4679
4697
8683
2690
6727
1174
3450
6641
5531
8187
2532
6283
7265
5399
1669
2410
2204
5684
5798
7797
8141
3545
582
7559
4058
9836
5426
4847
2701
6453
3206
672
4124
3773
7216
8984
1808
3109
2477
8557
8468
1939
8386
8227
7452
1159
1257
3419
575
8988
3062
8070
7507
9867
6181
7047
6868
5001
802
3798
5936
4320
4229
7344
9666
5403
3304
1420
761
778
1062
6760
7140
8694
7953
7698
8380
3550
2656
820
654
8912
5396
6374
9715
6404
7493
2519
158
1522
4989
8358
6434
7844
8737
5610
6701
8373
680
3378
469
8041
6473
4887
9902
4294
2437
8749
8261
8704
9326
5816
9052
8659
1011
6540
3361
3657
6441
6060
6893
43
4679
1412
4263
5172
2414
5874
5826
1538
563
351
1930
4117
6619
7916
2998
426
6482
3591
250
6849
7095
9917
9261
1241
9896
521
4289
9262
645
2555
2756
7657
8963
228
3618
7110
3728
2365
981
9491
814
615
9770
8660
7615
9981
7569
9123
3787
5349
2097
3396
1264
7526
2597
5271
4582
7668
5783
6663
9069
6838
9064
7551
4326
5593
841
5756
4044
6381
7769
286
1133
7597
7819
1240
5480
2668
5746
2887
2405
4315
3452
2479
523
6247
5641
7344
834
1999
1255
9799
6918
6723
6748
3282
4948
2663
4782
2044
8852
1815
2
4294
2867
4006
8767
6822
7996
927
7790
5049
2739
5324
8337
2996
8318
8484
3165
7304
8192
5118
4645
6708
2674
68
9332
3396
144
1828
2295
7511
318
3824
2645
2271
2981
9669
827
7410
2447
6760
4792
3981
1706
268
3634
4407
1020
9937
1204
99
1251
7958
485
8320
1943
431
9813
9739
3471
6817
534
9572
4589
2474
4053
9166
7223
8302
8483
9807
8115
4173
2293
2023
4062
2672
8020
4910
8137
5617
7378
6054
4448
858
8154
2400
2360
6886
9362
2458
8021
5
1680
8182
5829
4011
9078
8069
8397
6231
5643
9426
3725
9200
5000
3660
6242
1995
8811
6779
9209
8298
7835
6660
4059
6255
6618
1863
713
6895
4272
5990
5269
4129
1897
6944
5146
869
525
7083
7354
9089
8423
3039
1522
247
8773
2191
6555
1763
3836
3155
160
15
8612
2561
1687
1337
2535
7291
8558
6861
8498
7153
1060
1212
3397
3863
9761
5662
4301
97
162
2243
3035
2042
9813
1621
1825
9173
8701
2953
2040
9162
4451
6693
4561
8002
1449
7083
614
9230
860
8691
796
7057
4069
5063
2632
4639
4364
6488
91
8605
3275
1199
475
1015
4986
8445
2367
4240
6235
3795
7366
7300
6388
7838
933
1802
4181
3626
9099
1173
5829
1223
2867
2282
7886
6521
2662
9259
9073
7289
1258
1890
4999
9129
91
1513
1045
5589
883
406
4011
3189
1353
7173
7481
4767
2404
7757
6030
2809
8571
6788
2383
7516
6682
9870
161
9572
8690
8433
5107
3987
5678
8372
7674
4518
9006
4550
4970
7024
6146
5146
5022
4050
9013
4896
1301
5660
8531
7791
2441
8957
5752
1471
6093
9029
8230
8083
9842
1964
9666
3315
1526
9324
4860
2631
4266
6857
2186
4784
9598
3793
7616
9793
4363
7583
2493
6842
5852
3737
165
5477
9226
489
9686
857
8163
7432
5034
4476
534
4006
3177
7782
8750
1719
471
5216
7545
9639
6593
5291
5971
9710
7119
4589
8452
3823
8007
7655
3634
4970
542
9602
2548
2449
3995
4599
6549
4104
5498
6093
7473
902
8986
3997
7855
9992
9972
5554
987
7876
7752
3917
3215
7418
8678
2181
7853
1351
9733
714
5564
7155
5571
7162
2476
9883
8666
1693
103
3753
2971
7115
631
6111
6810
5118
990
4002
2358
4946
3077
5491
3235
9384
1525
3129
2198
3930
6188
4090
7804
5705
5292
281
1367
994
5446
4824
8743
943
7566
7487
6225
8489
9547
5413
7326
3051
6749
8443
2194
6178
4267
1016
5718
3457
1737
9023
725
5617
6274
2813
1376
9446
7384
3662
7471
8588
7461
6031
8213
5808
7820
6350
878
6907
9825
1053
120
4297
4914
2422
9163
4168
9233
9512
6613
4748
8015
2432
614
7855
1558
3731
2390
6534
8595
8151
958
6495
2686
9490
666
4389
1351
9850
2776
8470
6767
4955
3933
9900
3312
6919
8613
8760
9898
9959
4804
1277
6299
4576
2686
9400
4634
8017
5104
9725
2193
9577
