4063
6083
9422
3402
7801
7423
4903
2203
8083
5531
8488
3337
9271
5452
1023
6848
2136
1033
2724
7213
723
7612
5138
4274
6800
2293
2544
3975
5929
4634
2157
2669
9378
7502
6858
2544
5670
5212
9121
7080
6322
5921
787
5500
2698
4740
5984
3252
7242
7155
1743
9913
2904
5179
6830
4651
9284
7395
8563
3854
6433
102
304
562
4173
2875
69
2750
7676
9219
7568
3961
9907
3230
5119
3556
1920
4218
5334
8695
1047
2697
8060
278
1512
8557
8816
7104
5660
2371
2345
4053
9917
5146
4363
6273
5509
4654
3957
1336
7919
4741
5879
1168
586
7398
2592
5942
2220
417
1798
8814
3059
8158
5439
3066
4535
1782
2108
6150
7259
3304
4038
9086
2050
7593
6544
5181
3790
6107
1100
9859
6499
1417
1593
6226
2778
380
3322
3653
7426
9405
8994
8668
9042
2216
9020
9113
8409
409
1575
8289
4645
6037
3854
8479
2098
9783
2469
7851
3163
1606
191
5618
4300
6176
3581
6786
1048
3350
6753
836
9750
9651
848
3095
2822
5433
1798
2005
242
6778
7780
9652
9695
1792
996
5563
7187
5081
2477
4862
1008
227
7906
9833
814
9040
2564
8757
8600
5302
6280
3801
1084
4998
2019
2353
1622
7382
5458
8691
1286
4429
1655
2708
7725
8747
6733
454
551
6355
8524
9612
99
2598
8616
1612
8718
9916
5524
6031
9308
8545
4
8632
4616
1338
2256
4894
3204
1443
8196
6792
3609
919
8548
1828
5826
3307
5453
3108
2100
5415
2263
7510
5253
6466
6726
1295
9038
5401
256
2819
651
7483
249
2627
7903
7044
1770
8259
5732
3828
1360
1255
848
6012
9696
8729
8547
7332
8232
5962
5677
7132
8705
4787
5500
3757
1312
3238
8355
362
5564
4070
8407
7929
8395
7056
3555
9800
5941
612
5803
7709
4969
5956
5677
975
8478
551
723
2218
1553
3130
5925
7203
3774
6517
6140
7161
5146
3382
3889
6692
1741
5660
5908
7005
6589
3857
4905
3545
1173
4052
7292
3330
2052
7347
7845
7028
7746
8626
8599
2721
6654
3658
98
1906
4738
7905
776
3755
744
8145
2509
7786
3846
8200
8711
7099
8420
8940
2117
59
6303
4105
9324
8631
2677
8456
8797
4768
3697
9885
2562
3981
497
7677
9335
7853
1826
4666
6085
1800
7021
813
8441
4784
9867
2383
5572
5945
4708
4964
3275
2418
693
8148
9647
6800
4224
4119
2391
38
941
8141
9113
3570
1023
263
7720
7366
4481
5029
2902
1730
6623
8301
4091
9355
5328
4293
2142
6282
5425
1661
4976
7683
6942
1916
2536
8928
3929
4677
5864
5370
1293
581
2687
6052
7547
4684
7160
3876
2451
7062
48
6814
4800
5
7669
9182
890
7789
8265
6930
5919
8347
598
6866
6619
4931
4811
8061
3203
1845
7701
4225
7394
4266
9289
4326
7323
4977
5453
8328
9757
2209
5286
8816
3556
8794
3932
1886
5580
1324
8938
6276
1969
8435
9970
7778
2514
9422
3678
6585
1523
8458
