4886
5886
6553
4852
4518
9594
3576
7581
1222
4240
340
1426
9863
9840
7231
8941
2601
5116
8852
4361
9132
5487
4032
3486
5014
1466
9579
5223
1137
1500
405
6593
28
686
9579
7267
3537
2392
2376
245
9319
4899
2968
3038
7486
9116
5080
510
3111
4434
7929
3316
3734
668
916
5485
4832
6650
7735
9162
2974
8134
5086
6252
4164
6934
5676
5391
1051
82
7320
7264
5802
6124
9445
76
3908
9121
9562
5991
7130
1274
2512
9078
4625
127
3546
5337
9966
2473
6190
8825
8606
6226
4113
3897
7875
8124
9506
7004
4808
154
3100
9107
9237
6159
7823
1793
878
1025
2472
7485
2262
7337
4957
3827
145
843
2373
6536
7350
8380
8084
2711
4211
2820
804
3629
7340
8322
1374
9245
1515
1174
9960
8513
2795
2591
8521
9023
3296
6210
4728
1283
5629
9875
4403
3214
3449
3331
7643
8555
460
439
3884
9562
1587
9776
1130
4027
9907
4380
9654
1736
8970
8537
5121
7663
256
1697
8760
9835
9837
5943
2317
750
8165
2524
5510
3453
6846
9405
4238
3224
9058
7069
3450
2020
6000
7547
9814
6039
1740
1728
2366
320
6167
2327
9081
8320
6713
5945
2303
4841
3371
3012
8123
2849
4593
2391
1867
626
8548
6589
5972
258
3614
2771
1747
6283
3678
4775
7806
4614
4652
5440
3145
6648
7687
980
1589
5577
6745
1226
2947
4812
9212
1037
7798
3920
2693
5097
4693
6195
2847
2773
8560
7566
6339
5325
6378
497
9939
7306
3893
7659
5014
304
4620
1221
525
7045
1545
7276
1892
4953
3319
1610
9525
1398
1505
8288
2726
5253
9737
6482
7298
7658
7446
5055
6901
3822
4996
3611
9905
8423
3919
6043
8334
630
634
380
735
6044
8329
8800
2895
6714
1888
2358
2041
8532
6194
1397
5319
7600
539
6468
2387
1729
8905
9689
9353
1931
6421
5805
2445
2962
5904
7273
6729
5524
5064
8639
623
8255
1658
4470
9341
6016
8113
6931
9390
9321
9020
1313
7628
1694
5294
1342
7252
7293
6943
3105
8194
4695
1632
5723
347
4543
188
2921
1114
7566
4889
7683
9410
65
6510
6213
9618
8128
1215
9511
5446
859
483
5706
8906
6435
7255
5874
8841
2722
1579
5883
4836
7048
5770
2809
6543
2211
2647
7024
3717
2234
5266
5164
9979
7302
1994
5054
3682
7949
3437
2628
1478
4061
6011
3540
4340
7202
5209
6149
9016
2276
1169
4505
4964
5728
5414
3867
7388
9120
229
8225
7886
9082
6279
7582
9904
8018
6227
2711
7890
5501
3280
9871
3778
4835
5368
6706
3710
1888
7497
1818
1299
9127
5173
257
5349
7507
6873
9188
3752
2524
3210
2897
4570
1794
6027
9197
4915
6553
8795
5075
69
8626
2412
1772
2030
5569
2398
5560
204
480
6922
8951
7472
8559
11
1879
8043
8118
7990
9258
7525
4986
3418
5651
8108
9991
3762
1500
2185
7872
7352
3079
175
960
8772
1552
8221
4172
9761
7099
3107
839
8384
8815
4753
3425
4551
7326
3898
189
1777
5616
5815
8526
1881
8939
328
9901
2881
5889
2406
5754
4620
8166
244
7932
6188
8381
884
726
1429
8798
646
729
9169
6309
5530
3424
7741
2938
8999
9180
48
9593
8676
7420
4203
6526
3955
8552
8556
4191
8846
7866
3997
549
1001
3562
6537
1447
9879
9941
3695
8869
3065
505
2895
6223
6737
288
7633
4544
6772
2790
9685
5082
3822
6632
84
3215
800
7899
8870
5225
2628
918
2861
2199
337
7998
2879
8964
5562
9324
4881
165
3152
5836
8830
8191
824
9493
3495
4899
8424
4848
2564
2952
5578
7015
5848
3043
7379
1403
9651
5444
8509
9985
834
2496
2096
9499
4321
4071
2144
4911
6272
7922
6992
7430
2163
3131
1108
4227
1203
2248
7284
8077
5410
1253
3644
731
5708
1965
5312
8780
9160
3845
4173
8864
7630
4149
6859
6214
8211
5939
847
146
7280
1150
8524
9722
9633
9317
7641
5070
5241
8866
7838
402
7890
2486
680
9802
626
4289
9148
3201
2009
9198
9208
1765
9383
3529
9253
6050
6763
7646
4665
6777
5349
8687
7033
3997
6941
6162
3803
859
9517
9781
7721
7427
1465
4079
3233
3111
2271
5620
8970
319
4697
484
178
9814
6448
8576
1858
3636
5466
1002
9155
665
9284
9833
9385
467
9882
8710
7197
2684
3843
5126
4393
8452
3771
3908
5133
4646
9976
361
5022
7033
8493
8011
4558
3349
1564
9359
2935
5376
4310
3821
1184
2437
2719
591
2498
9247
7133
5237
2084
1783
5583
9016
6675
9608
1995
5512
7998
2907
79
4789
8877
2900
8648
9495
8065
920
3841
7018
3446
1593
7011
4825
9238
5760
3723
853
2311
5830
4874
979
1524
6783
6150
6656
6362
5940
9901
2001
1385
3435
5577
6571
2970
5876
2591
6699
5311
9362
2402
2660
1557
7589
6693
3827
5335
8576
8317
7184
285
6268
5076
8611
7537
9560
7946
8785
6466
7899
9382
2354
8161
8856
859
9855
2217
3533
8229
2701
4796
2584
6675
5585
9128
2853
7822
9551
9320
184
7159
8307
2758
5092
1856
3099
5439
4919
7232
9887
9663
5842
9178
4526
3292
4760
4039
7622
2110
4834
287
8640
1819
4140
5399
1461
9329
16
5
9073
5709
2237
8175
4435
2424
8483
7841
8701
785
6174
9197
7391
6886
3533
3660
138
2316
382
9795
2436
5246
6439
3921
2983
4785
3795
516
1589
3558
3704
8028
1261
2089
2753
4103
1187
1719
1805
2379
3055
2252
3619
1651
5444
7066
2351
3376
9611
7830
3230
737
8107
9868
5234
3790
3927
3890
3538
8829
4949
6762
6562
1063
8183
9009
3226
4101
8983
85
8869
1396
8003
9012
6184
1879
5219
5263
8157
4588
8755
4717
8652
6583
1393
7660
7957
8522
2421
6978
8396
3142
3912
8290
2353
5419
2402
7898
8747
6747
4452
4232
2864
1917
3854
3101
3283
7518
3439
6410
2507
1633
3239
2439
9564
6327
8506
9091
2469
6986
7507
3189
8469
6579
2866
8576
5274
3611
6708
4118
8391
7919
3661
3891
8066
3788
389
4394
7959
2474
8252
5678
4636
7350
6267
8902
3955
3751
585
3411
8949
7249
406
4590
2241
9080
504
7706
6481
764
671
4281
7813
4659
887
9755
1326
3093
346
5297
6697
9585
1567
3519
2389
3484
1299
9503
8899
3225
3042
8914
2730
3700
5506
6674
1108
9913
2189
9684
3993
4498
9641
4361
6678
7565
3925
8803
825
8428
4258
612
4059
9125
9675
6385
5802
8346
3651
454
5874
1427
3994
2436
8824
4151
1851
3061
6819
5882
7877
6000
3463
3088
3268
40
7247
9984
4811
2495
6358
7939
1409
4423
1283
7836
6693
2249
7742
6338
9710
8223
947
6776
1028
5467
1730
3213
6133
3659
5793
3791
117
5732
1503
8059
4709
4347
5221
9503
7086
6259
539
6385
6602
6752
1587
9208
9808
5322
1670
2712
5034
557
8842
2891
5300
4109
4237
4843
9828
1623
9057
8604
5840
5875
2452
2214
8416
7526
7130
720
353
4419
4233
2136
8595
865
4849
6047
1120
8280
6582
1281
1946
9973
123
1666
7487
4557
1501
1156
3243
5535
7993
8565
7163
5505
7835
9525
7657
412
1764
2998
1385
1828
2919
3260
687
4831
752
2532
8586
1112
6369
6400
5073
4235
3195
7520
4841
4448
6821
6637
4656
373
412
7902
6105
7347
3720
1278
4276
307
3670
5045
3337
8361
6455
1794
4737
7374
7780
4906
1537
988
5292
6026
980
2947
236
4921
916
4201
3642
8745
9061
8301
6911
9068
8318
6940
2654
9474
7365
7389
3396
1649
693
7287
9646
4254
5583
8098
6098
8967
7322
523
8939
6467
1960
3025
7140
8161
999
2332
3712
1213
9312
13
2148
7281
2495
976
1618
2984
7696
9167
5219
6413
7730
7440
3519
4931
1579
5535
7084
3342
4280
5414
8465
8894
8639
9336
9142
8731
6547
8189
7946
4556
9571
4119
8160
5426
3376
4052
9144
1761
8360
5468
7141
3951
4
1034
2928
8261
7434
5912
4184
643
3952
5763
1267
5919
3918
1389
5046
3197
4398
7585
8861
219
2099
6161
6248
3955
9491
251
5747
9348
3059
3354
6496
3354
9357
8105
3922
4665
2096
7042
4872
1577
6101
3253
6821
2635
6665
9908
8904
5146
6876
8683
6525
5581
1764
2013
1839
9385
1806
7481
3400
1555
8707
8795
8758
8546
7363
8351
1916
4771
2705
1169
290
9638
1083
6464
1530
1238
5796
3920
1233
4806
2063
4431
4445
8007
4826
1855
5225
7798
9797
5826
9386
9778
5693
1108
8317
8155
522
8674
8800
4278
6305
8344
4234
7933
4087
5704
2519
6595
2355
2199
2275
8149
4045
3361
7906
9884
5449
1245
2442
5999
6667
9595
7310
3334
3398
3209
1513
6601
3893
6341
851
1671
324
4173
6978
8354
8604
2450
4895
8103
4681
2635
1028
2843
6138
3286
6832
2577
4597
6393
3911
4969
9172
1495
5192
9938
7008
974
1756
2128
5544
4204
1000
5881
3518
7266
5887
5593
1774
6289
8904
4245
9692
433
7383
7340
1257
9841
9338
6778
6786
6552
5106
22
6709
1450
7068
9803
7712
310
4907
6052
8488
6956
8244
1137
1218
124
5318
1734
4370
1193
4196
5330
7374
7885
4496
1276
9870
5094
4277
4730
979
6958
273
7868
9473
6600
1805
6117
3370
9558
2395
7065
9912
4968
6955
4594
5510
4191
474
2045
3596
9167
3047
1633
5861
1075
6979
896
2382
8298
6357
2245
3806
7935
8295
9421
1292
5126
3408
2659
6082
3378
9870
1348
8716
8228
496
209
9709
4814
2574
3106
3230
6054
694
2423
6067
9238
260
3898
4509
352
8365
1776
8805
4686
8904
463
2603
1127
8664
5097
6716
7374
1850
7735
1289
2325
3928
5393
6010
6735
5144
7673
2942
6482
5557
4039
7853
923
6712
7551
733
412
6914
815
9885
5824
8216
8052
3378
8863
4523
493
9035
6909
4722
6807
995
4653
3719
8503
7442
6644
5260
3638
3184
3672
5640
3446
9400
1862
1057
9875
7108
3506
9879
3925
8923
4473
5547
8306
1732
5347
794
8464
7957
5717
8315
5160
4140
786
1008
4518
4745
2754
4972
7965
8311
7562
9410
2599
3510
1659
9845
8554
4966
1111
8177
9287
2033
9053
1445
1948
7077
2166
7308
568
7532
6120
4071
5358
3306
5656
4712
6963
7555
6844
4989
8242
4343
8622
1912
991
9020
5581
1143
2105
9253
9214
4772
8872
2820
1104
5115
4741
9769
380
851
3353
2118
4331
843
4590
7969
2065
7235
8146
9700
6024
1364
2985
6837
3624
9821
1842
9949
6241
7355
1474
616
4747
6132
5837
2536
7381
6704
1107
5301
8170
4804
1254
6325
6545
1068
4666
8964
6851
3668
3750
2320
4264
6068
2263
5156
1690
1046
8227
1647
5787
1909
1066
5744
5859
2804
8249
6145
8993
8040
9097
1469
610
3026
7764
8158
9168
7133
3303
1063
8962
1712
3859
2987
4593
705
5998
4153
5962
7607
3670
3733
687
8122
4918
4179
5960
1497
4625
4482
5752
1063
6666
4547
3274
4674
3734
1877
8074
1778
4986
6687
5872
6971
4814
2649
2823
6815
8259
8599
9995
4003
7392
4626
1617
7468
9464
6085
5393
1686
9448
9617
1086
2817
2956
5614
4182
568
1249
1342
2820
6927
3109
3263
7587
6264
9259
7630
9229
7426
1930
3266
7074
2639
1189
5580
1348
3553
6870
2825
4031
208
1315
769
4998
3546
4514
6127
9576
4008
5449
7549
1778
200
3470
4300
5326
4428
7965
5805
5417
1679
7352
223
3441
6367
968
757
8685
6556
3314
4051
6920
6603
245
8965
2181
535
8288
7996
886
4213
4752
1238
9511
5266
8215
4233
7669
6427
5256
668
4541
9752
9711
1777
7967
8215
7214
4243
5808
8657
1233
6648
8271
3866
7619
8611
9807
458
3338
9257
2675
435
4445
9693
7657
8927
2902
6986
9629
248
2562
3085
5902
8035
4052
9821
317
2698
3754
6616
849
5476
1240
4651
1064
6179
9745
4957
7896
3833
1892
9896
9076
584
4066
3206
3706
5829
7661
3588
1064
7816
7452
949
7359
1075
2556
5286
5568
7148
8161
9401
4691
3081
7050
6560
7847
6631
3234
8616
2068
2567
7362
7632
6747
5110
8291
9252
463
5175
4178
3754
2493
6687
813
2056
4822
3772
4025
4000
973
8147
454
26
9356
4533
5498
8220
3489
3821
4826
5976
8870
5016
6296
5714
9838
4338
7845
4573
5163
1545
5015
1809
7533
7056
3014
1226
9685
1170
241
4544
9159
5265
7086
2767
4382
9418
510
2963
2649
2903
8558
3825
1603
4145
810
7988
3361
1183
2140
4147
1156
431
7810
220
3694
8608
1998
6063
513
4026
2630
6969
2547
42
5932
8444
78
8206
5800
9207
275
2810
1026
8119
607
484
2380
8682
326
9202
5595
651
7484
4222
3574
1247
3315
9970
8470
8715
4430
5622
3102
3520
547
3908
8453
2804
4303
9716
6942
6270
3988
3337
7513
6958
1342
9143
5986
6743
131
4015
6630
9993
4552
2904
7286
543
7568
5308
8421
4642
1119
8828
7084
6696
4461
3217
3676
957
1655
7056
9459
5740
1375
4873
9047
5946
7747
3373
3856
3023
8811
6537
7507
9090
8636
7923
4232
8991
6842
1631
6525
3608
58
5343
7891
9190
5029
8773
294
8602
1464
6550
5467
5652
3640
9758
3025
1278
8931
7593
506
4839
8658
6885
8723
5256
715
8994
6047
3796
2419
1490
4034
9440
9409
723
3305
8460
4029
4230
1527
4846
7383
667
4329
2938
1460
7099
1115
3456
3842
7106
900
7842
9837
8199
4268
2303
8619
6777
4271
3217
8194
2727
265
7680
6393
7820
3600
5073
4203
3430
7154
1822
4024
5825
8339
1379
3669
6645
7080
6018
5620
2665
9090
3508
415
6674
1426
5549
9022
268
5371
8667
5432
9971
7750
922
2966
7886
5310
6486
2018
5817
8315
3055
3294
430
5244
658
8850
3280
2829
7610
9341
6211
7273
2050
4748
2331
1432
1765
7225
9231
4345
7876
5819
489
5452
4756
8379
1982
2790
6497
2534
1733
3127
8755
3198
9669
6488
796
2700
8815
8029
2714
9568
4293
3435
8239
7449
9637
2803
7915
4080
6759
6828
8947
254
7183
3887
6112
5293
6270
5644
134
3596
3884
1418
5279
1869
8778
9723
8628
3592
759
1469
183
6706
4401
5773
9136
7721
5350
1991
5906
9878
5926
2744
9113
5925
534
1012
6547
4528
6804
2883
2312
6455
466
1223
5975
1356
2945
6089
8846
5803
6492
9761
1509
5735
9949
8531
9064
96
3376
4822
2352
1616
2114
8337
7228
9140
1349
9071
9009
9720
4547
5777
187
1259
8236
8866
9967
178
7567
7174
6959
9160
897
491
3112
5763
860
9074
268
2706
5911
1623
3527
1810
238
1499
9888
3728
3262
7747
350
745
1647
7433
9268
4509
9934
9984
7739
1154
6086
6870
7754
1652
4811
7186
2964
3722
1858
844
4463
3972
784
1356
6156
8928
1422
3850
1400
6956
6166
9093
4622
2326
781
6479
8630
7600
6940
485
1822
8943
3596
4541
3924
4114
8685
6952
8525
639
2852
519
4533
9401
8719
2153
9875
4782
2566
5986
2808
2909
224
648
356
4244
3855
7479
2726
7464
6537
9268
1710
46
7076
511
6544
8694
8013
6289
3479
7591
3236
6325
9011
2341
3032
8979
6336
9887
2779
3127
6517
1493
8097
3041
2150
3079
6491
6389
5814
1817
3338
6418
4685
4387
4226
976
178
7508
9501
7826
9557
5046
7480
5963
3868
9308
3022
6862
7287
9432
5407
5693
4690
442
8701
8483
1767
4611
6451
3693
9341
5688
1666
4098
5473
9361
6106
9828
4431
609
9825
8735
7037
4720
35
4062
1812
2099
2502
1261
7532
9917
2344
5000
1235
1055
7287
1987
9898
9644
5149
8803
3005
5255
9527
6441
7212
5469
2960
8959
1066
1439
5134
8315
1265
5640
2473
5457
1472
3533
9187
4820
387
6530
2169
1053
9453
4233
9892
1588
2037
8597
7564
5915
1354
7437
4218
8619
8547
2524
8441
9941
7576
6069
3128
2794
9751
1907
2654
1655
5028
9854
3947
440
1792
2827
1382
6270
5156
1195
328
2235
7578
5875
7124
185
1368
7851
5202
5722
6634
272
3239
9851
8076
2740
8723
8226
1505
8181
2470
5014
3970
9723
3487
3437
5846
2091
8659
5088
3562
8009
5319
5979
462
4890
8058
4417
6508
759
9425
2717
8022
1357
1840
4691
4298
1426
5810
724
724
9698
5862
4208
7776
5143
1142
9078
75
3015
5844
2199
8022
6823
2996
8537
2101
9214
0
9719
9050
4676
9308
6902
1800
5049
8551
1426
4855
6530
5306
6566
4484
6365
6224
2011
9890
9926
4738
2856
7521
451
5486
6664
9801
8890
6835
7561
8547
6146
6428
6672
6052
4550
2374
505
6983
5190
7600
2332
4598
536
6718
6924
3829
1260
9626
3418
2843
4685
8920
8022
1149
6018
7940
8181
1593
7125
3898
5518
5356
3707
1697
5998
7393
5970
1653
4027
3222
2441
7103
7014
8604
9736
2227
9753
8059
2513
2823
2432
1759
1118
4555
6677
1684
5674
7721
3011
3721
7756
3915
8876
3172
1933
9203
5030
8242
4987
5018
1472
89
3574
5209
2962
8012
8327
8877
786
4986
3937
8971
1091
8755
1071
8000
8120
3976
1597
5779
2055
9726
4083
6330
9064
5471
7468
3558
1100
9021
917
3548
5515
7939
5056
4704
1206
4266
3640
576
3563
5461
9167
8010
2550
1946
3940
283
9940
5870
1984
1013
2099
5467
4991
2780
7030
3376
2588
6718
3429
8166
1108
5981
784
6522
7213
6154
9556
4139
2448
9967
7622
2930
2657
3928
5469
8313
8847
4255
4476
4778
7863
9476
2061
3013
2739
4693
521
8173
5632
704
51
3999
1389
3138
7204
5984
5503
8554
2705
5987
7457
1999
3978
771
9721
4938
7996
4691
582
4370
5317
9456
8757
3890
1447
9935
3619
1865
8614
8056
1277
1694
1483
367
6723
334
9563
2923
6971
404
8162
436
1361
2771
505
7502
4252
5811
1158
3436
7724
6309
4579
2195
8080
7077
167
9741
7076
1691
8016
8119
3287
590
8482
5143
2954
4214
792
5181
6389
60
9033
2180
3652
80
967
9765
6430
6902
5505
5529
7110
7359
1161
2569
74
9343
4207
1364
2281
2768
267
3628
8738
483
5722
6845
1463
8526
2416
6283
2160
3798
1708
4567
1468
7482
8553
8589
9042
745
2688
3629
486
7570
4379
8885
4728
4374
9957
9655
5750
4812
3421
188
3905
4241
4857
7893
6797
9721
4118
4025
9345
6807
3086
7872
511
3572
5747
8026
5566
5328
6519
8925
8578
6258
3982
4842
589
4493
9803
5195
2895
2946
1911
7195
2569
6172
4561
9617
9920
684
6831
5051
428
7297
6482
1315
4320
4915
9656
9760
6036
3181
4506
2652
8974
3765
3654
1197
15
2665
2727
5795
617
7239
9152
877
6798
3928
5368
3800
6196
2395
7774
6421
1445
9082
8718
7941
3875
2299
8140
2803
3609
3381
6157
6687
6012
1245
4678
8851
7856
220
6300
963
7351
3086
890
630
5684
5306
3248
9723
8174
73
8888
8442
2336
7141
8709
9465
29
3344
6932
6455
3633
3133
820
3400
7330
9502
8498
2606
9877
2140
6253
9136
8877
5085
5065
6826
1023
9877
2575
1280
7569
1851
8161
8272
4288
5430
1834
9523
6129
4917
6612
2000
7871
7672
8644
6478
6867
7614
2015
7987
5426
4539
4752
7741
1456
7974
2434
6380
3778
5517
5127
9723
5697
1925
3531
1129
6843
3089
7443
6888
899
3534
575
4962
296
1514
4719
8162
2643
3167
2977
8854
5371
2415
5416
5087
7075
5661
2616
7090
4658
8822
1182
3631
9587
5290
2269
3099
8467
7355
1443
6140
567
289
6506
3264
9920
4503
2698
3946
4775
7957
7851
7131
6995
1355
8809
7913
3450
151
6576
670
3715
7716
5703
880
8169
3311
3049
8024
4876
1350
2846
9250
3954
9168
7896
6080
5195
3667
3481
6266
6370
7062
5330
3206
8623
6803
7382
3472
7769
1128
8046
2678
8649
8891
1205
5251
4282
9112
1619
9510
6364
344
9863
974
9511
719
4606
3044
6269
8930
544
5765
72
532
8793
2346
8627
2828
885
2678
4373
2740
1381
9372
1063
1904
2078
9371
5799
152
5520
791
5701
6532
6436
564
7211
8292
4287
4161
1641
7465
4932
1567
3966
5891
7797
8829
8627
5608
3113
4146
769
8462
2009
1461
9795
9989
2869
2428
5286
1444
8868
5936
6684
4046
1016
6473
4144
561
7440
5611
1732
955
8775
6285
1239
4072
5129
7970
3778
2781
886
5765
1105
8443
8847
7494
9359
3888
8846
8811
666
7023
7826
805
8789
6266
1191
9137
2268
2858
2388
3414
3202
5964
110
9218
4615
5207
6410
9516
901
3981
4368
7045
3514
6814
5531
3185
9120
7796
4301
443
1575
8287
7215
2634
8004
6877
8805
9454
3506
4916
3072
4886
6535
6400
5533
2402
2786
5284
7020
3536
4640
5358
5963
8998
3966
1484
1856
3227
2169
6565
2997
177
9569
7878
5918
1138
5532
6873
5382
7239
2407
6467
279
3359
8023
2731
4969
1330
3501
2530
6290
4835
5111
4339
6091
5851
8596
249
3219
6199
9392
1383
1900
1584
9421
6920
8835
9187
5250
8964
4526
6173
749
7371
3934
5285
549
6817
500
8390
4875
70
656
1751
4398
257
2004
9592
5229
9384
1895
3851
5127
8463
7045
2509
8734
6730
2356
4048
6586
2513
9089
8870
6058
9375
2473
3308
406
6327
8516
8272
656
324
6907
7137
7368
3338
9834
3634
4207
3150
4689
1594
8019
9039
9860
8667
3368
9408
2466
92
4136
2228
7075
8310
2066
2276
1387
4423
1278
2063
2955
5287
1136
959
8983
5477
4043
1444
7921
1196
5836
1183
2292
7959
5223
3197
3053
7358
8352
2910
5700
7485
7296
6321
4328
3967
9431
6302
2632
8700
2368
4751
9167
7100
6000
828
2855
423
7096
4225
7021
6458
6187
4910
6901
7160
3689
2300
7764
4875
9
2295
9068
1381
7573
5964
1237
2568
2063
5248
5781
2141
1810
3914
6290
9445
5651
3806
1567
6586
3750
5031
6259
305
5741
9281
3303
8591
2907
6192
3933
1317
55
3568
7166
1705
7676
3146
6220
7986
45
7727
4630
4704
7990
3508
1882
6437
829
6266
3636
4580
3736
6585
6901
8965
8408
5273
2815
6050
5682
8061
9228
865
1727
5580
8527
4381
169
5229
6066
3075
1814
9982
7438
3271
9681
4113
5193
4561
4355
692
6202
7480
577
8060
1064
3592
559
2189
5280
8227
4962
5015
9301
7698
5171
5344
2658
7605
3312
3451
9403
7935
9292
467
9794
8023
7735
6470
1749
4028
6568
5504
4372
2425
6374
4162
6224
9921
3126
3551
9199
1751
5855
1731
4029
3724
6761
5184
1740
517
6468
2711
3244
9161
517
575
6645
2948
4763
1573
1985
5691
192
7505
3303
5405
8011
4544
3970
1681
8322
8195
9232
2802
188
3460
1302
68
1189
6816
5841
561
1755
8821
87
6485
8741
3497
3308
1378
8147
8468
9424
7089
3488
5132
246
5766
6868
7243
7136
6798
3062
1327
758
2088
719
5757
9509
3197
9369
4563
7252
6893
9031
1641
4449
4039
910
2867
3754
8501
5489
2246
5624
4994
7290
6900
5686
8505
5492
550
8479
59
662
5349
6405
4877
4234
8164
8638
6571
9131
4686
5641
1533
3356
7560
3471
7125
7222
354
7060
6193
9882
3391
4652
739
8580
2542
794
5210
3056
8789
9620
9501
5462
3369
5170
612
3489
5421
3589
4227
1710
1828
4213
2916
5792
1380
3427
7248
4512
9529
5597
233
3969
2739
5280
4743
6994
1230
8439
6557
9788
1244
9633
8327
7739
1537
8785
419
1562
874
8815
5289
6439
3594
6556
5432
3141
2147
5730
9150
1664
4077
9626
9843
9228
4135
9879
6531
8806
4247
7936
9814
3708
399
1212
9598
8712
4991
2693
5132
1511
128
7054
2304
4889
4004
6385
7707
4561
2968
5185
9618
8859
8642
4574
546
397
125
1159
8538
6566
6510
4170
601
9988
4147
2823
2933
5842
2647
6851
149
3869
1476
5751
2268
3336
9541
8920
7698
4406
7479
5970
4641
4244
8604
7294
1113
9721
6987
8307
6352
3493
775
8568
8714
3559
1082
3032
2096
4571
9246
6670
4576
2960
4681
271
5121
6312
5970
5975
306
2072
4772
7995
7534
4575
6958
8782
4781
7284
1028
4495
1674
1640
6230
6463
1852
9754
1530
6225
3652
8601
8936
2842
3554
3060
7491
7496
5876
6717
9631
9151
9901
7821
3795
974
6221
5857
5661
8577
6434
7377
3404
3919
2779
353
1406
1587
6245
81
2470
6856
1092
2959
6121
1309
2992
4204
5094
8120
6921
5260
2079
3927
792
5847
6217
1713
675
7133
2188
1979
6637
4742
5143
9255
1352
2150
2547
1543
1399
4144
1970
5087
6389
3714
1492
3048
5708
6894
3526
8369
7603
3752
151
3728
9079
6859
4984
8983
324
3335
2448
7057
1760
2245
809
7707
8452
2411
1707
8655
5400
346
6578
7436
4314
2372
4382
6722
2699
1036
743
6777
8454
3014
443
5713
1373
2365
7014
8899
9858
3987
5261
4599
9072
195
8727
5711
5219
2962
7464
6257
1754
7332
9979
7746
3239
3275
8539
189
3105
139
9758
9442
9175
5704
9902
3964
4224
7777
4150
8027
1363
7446
358
2320
1568
4515
7955
3991
9066
4897
7390
4942
4770
5970
9199
5044
2353
1083
4222
2173
8353
9742
253
9522
7609
4708
7317
4261
8387
1562
4604
4962
1195
6275
5376
1072
6950
8187
2771
5863
9885
2571
3011
4268
6612
312
2084
1736
8059
4086
5484
5639
5953
8394
2394
7916
6944
7134
8212
9921
4745
8749
3740
6123
6829
4638
4479
9085
677
733
4842
7651
110
8596
1913
7119
1940
858
1373
3265
2330
7490
7416
9294
9220
4628
8168
8995
1201
3176
7806
9331
8856
7774
6971
8268
1165
475
5030
3480
2480
9214
8316
1536
1155
4609
8836
3162
582
443
8286
2579
7409
7106
5879
4583
8541
1070
6683
3069
7183
5064
6568
2544
8770
7089
1179
4136
8688
4159
490
904
5069
3490
2605
7680
5328
3973
266
2274
7790
5264
1771
6065
709
3146
4493
9862
2226
8204
3480
1181
4719
2625
2886
6044
7964
9705
8258
4947
9897
6525
1359
1646
8862
6765
3618
680
4376
4724
1516
5162
6176
9213
9960
7121
7000
527
4110
3710
6053
676
3665
4758
6884
2711
9275
1162
4251
5612
9875
4145
8541
4329
5992
8417
9176
1218
5261
5292
2447
2691
1105
439
9823
5366
1882
8358
673
5876
9421
1779
7947
536
956
4894
4995
1471
3820
542
3793
8604
4354
9878
767
8600
7578
4962
4720
8918
6820
4592
5674
3909
2075
2412
9953
7134
6787
5092
6353
1869
9119
7242
7704
333
4188
2008
6286
2364
1501
3789
9219
3566
2083
486
1667
7837
9225
9336
2184
653
5066
249
1708
1806
607
6270
9240
9147
9273
5711
9470
975
8599
439
1840
8551
4197
3128
2716
7026
9121
8459
9317
997
3035
2373
4558
8572
6152
3365
2277
6267
4947
8745
1289
1794
769
5872
394
1567
9183
9675
6124
7469
5274
109
7143
8538
5595
8866
1502
7286
813
7403
1882
9287
3628
7239
8595
3481
5868
3117
9835
2099
1491
6198
3414
5222
1828
9751
2441
6846
8249
9564
2078
1563
6428
1121
7457
8025
546
5177
5035
5563
1733
1586
2616
1398
428
2640
2775
4153
169
9221
6445
2635
6510
4530
7942
5325
3725
7015
8570
4382
3403
4534
9992
45
6976
7558
2002
3897
1214
3875
8868
8181
8812
2771
2
4839
6702
6500
1917
5999
1346
2768
8913
1013
5705
706
7342
9707
4031
2403
1681
5025
7642
9581
2255
2552
4363
1233
7741
6606
3268
755
4495
6120
4167
867
699
510
7574
2935
9033
527
3868
5539
2938
230
9622
155
1281
9412
2256
303
5138
8781
2152
2565
4758
8127
3233
2037
5176
9020
6167
5053
5743
569
4617
2901
6457
2254
6408
1341
496
3278
3098
3106
7227
8609
5019
543
3060
1821
2930
2512
289
6132
8699
4338
8977
1878
3718
887
4534
326
4635
7589
3465
506
3863
302
6942
5165
1416
8554
5957
8431
3954
5088
8234
3132
7371
9620
3482
3785
1321
3066
2834
666
5158
8393
7701
7329
4909
7338
6202
722
436
1999
336
370
8197
8753
9503
9997
9979
498
2701
8006
9301
9922
9913
7161
8250
2588
6567
9405
5482
4112
553
8037
7533
6444
5542
2645
2890
7907
2633
4802
7222
2768
3001
3522
151
1763
7680
4707
4947
6217
283
439
5594
9611
6813
3325
8573
845
816
7227
7017
743
7993
2695
1604
5296
6614
9717
8419
2709
8007
8443
7445
4586
9735
5808
272
4103
1109
8322
3254
324
1491
8471
1075
879
8538
3372
8342
122
5144
5737
5610
386
760
7189
8351
7753
7004
774
8346
1045
8424
3568
7878
5810
3694
2079
4133
1666
1474
1936
1911
8773
5226
1689
2853
8884
244
9657
6859
1062
2132
1786
5920
7638
4872
1123
8883
8588
9929
1498
5747
2471
4576
2631
5307
3244
3443
3875
1113
9432
7147
2975
2666
5889
4067
273
6675
155
991
6314
9550
23
7703
147
815
3526
4910
3621
2322
9019
7459
1671
1908
5998
7523
162
7194
5484
3657
1713
1121
6668
9284
4836
531
1757
8227
692
4627
811
1647
2049
6901
4064
5541
2358
5341
3991
5343
2622
9554
5307
2221
3264
4431
6542
6005
4038
8982
2182
4053
5004
6737
370
8497
3315
9895
8411
541
4357
9174
9397
648
6275
2835
7237
6867
6697
7836
7260
4285
3219
6278
2337
4716
7818
4376
3148
1578
2871
8947
7407
5658
4824
8700
2159
3797
6640
7336
8032
8790
120
5139
544
254
4979
8844
1881
1428
4608
8145
5850
7741
120
1922
4831
5219
2215
4933
9052
2454
5816
5238
8793
9900
5001
5064
5303
4006
9598
8380
881
5408
7841
8828
8654
6196
9111
6629
5682
6557
2973
2975
7588
2627
3617
1515
5450
343
9150
1944
6225
3276
4047
4097
1737
576
9012
4630
6141
486
322
6358
9824
7234
3093
7110
8755
4048
8113
5536
7507
8257
22
6587
2079
6626
6978
6115
8631
1483
1520
6917
2576
3730
46
9338
5860
5801
6012
6637
7398
4234
4816
3450
19
2637
231
8932
100
2628
9622
403
9008
4132
8830
1337
782
9536
4638
6208
488
7923
7874
9874
7404
2138
330
2995
4492
8252
8085
2143
5893
1463
9548
2892
9772
4231
6603
1371
692
5205
9722
7841
285
9163
2826
8956
646
4272
58
1892
7171
4532
4361
9392
8570
3305
3414
882
2919
7404
8516
720
3087
7183
8265
7008
1025
9780
1478
9071
7144
8424
5840
9150
3326
5209
4172
2633
3243
6533
6954
4149
6443
465
680
1558
1437
4995
136
6618
7879
3581
6684
614
7319
8359
7693
5467
196
2327
4218
4564
8164
95
78
6398
3975
6883
6042
3476
7456
4133
9378
6550
5139
7055
5124
8806
7898
4188
1106
2320
2049
228
3169
2435
5106
4803
154
8543
4059
3124
957
4685
5387
5535
6118
3237
8028
1276
4120
3184
3081
9570
6117
6284
673
7649
9968
7669
3396
5496
8409
3302
5322
5540
4055
5388
9795
5302
613
5074
5977
5536
8627
6926
3121
7356
5757
7000
5857
9464
2936
3938
2571
3218
9352
9145
2055
2859
9728
6423
4976
299
657
6609
117
7602
8275
4324
911
8662
6993
3527
7169
9982
4654
2957
9083
4746
5238
4713
4810
3628
9552
8014
9098
6919
335
1267
2267
3298
2344
1631
5569
3577
525
6390
9029
7937
504
6624
3689
3622
5732
722
1993
9859
3332
2764
3229
3372
5799
7694
5675
5131
6659
7319
6409
6438
6622
8332
6496
9609
7820
5538
2828
2278
8483
4856
3680
9637
3450
723
6598
5577
3440
4359
4596
2018
6777
2447
8394
3016
498
3578
4904
7274
1270
1970
6893
8915
9977
8826
5370
7157
8033
5059
4324
1381
4277
2795
9544
6483
2046
7299
4330
8405
154
5083
4182
5647
9855
876
8215
6768
6892
7873
2917
4412
8107
1235
2249
9042
3123
2064
3116
2601
6698
679
1758
3388
152
1203
2115
5823
678
4802
1736
7804
4102
6944
8819
4767
652
3509
4023
9722
5177
375
2630
7638
600
941
3314
7671
8929
7554
4364
538
380
6946
7886
8205
1008
6933
7028
6907
5977
8468
6756
2323
7111
1868
3390
7237
307
2382
911
168
4061
1793
2176
9530
3744
4197
8843
7253
8439
901
7757
266
5321
3000
5287
6334
624
8643
5295
4877
1688
7455
8755
7791
8962
8050
9741
1029
7576
8797
1826
288
7387
3473
6213
879
6328
4799
8041
6882
6873
1035
5379
9920
1543
9980
5021
2705
2253
9347
6151
6553
3705
7205
569
6722
8603
4118
19
2548
880
9332
1781
1108
2264
8413
3066
4710
3395
430
3807
7120
2938
5882
3586
1533
58
355
9829
8155
2571
6679
4882
930
6239
762
425
2897
1606
1820
1268
4918
6830
6455
91
9785
7944
4296
5987
9589
645
4903
7970
8773
2464
3812
3294
4424
2884
3312
995
8848
7166
5173
4739
6076
4494
3683
5687
1855
9079
2585
5108
1837
5430
8812
3545
8323
7967
6870
9301
4688
9074
8302
8053
3331
5469
2719
4379
450
4171
6408
3274
2516
6682
1664
2894
2492
378
468
2952
9266
5521
847
5959
8832
2700
1509
5971
3798
1168
2779
7858
6826
9791
7110
8861
3839
134
4750
7773
1233
4370
8943
4431
8059
34
941
6839
1109
6472
1889
4432
8861
4490
4900
3281
8176
6197
5270
9420
4485
7969
844
5840
4951
6367
1428
4654
9886
1150
2438
5192
4424
797
6056
2837
1016
9100
9934
8466
4107
4795
3965
5282
2836
6852
6267
7078
4867
4436
5460
9176
1142
2692
7259
625
6332
5478
1099
4251
5154
7803
361
9392
9356
2193
6313
2385
9697
1418
5801
4947
2131
8551
8525
7219
3578
6851
1192
6474
1677
8269
9155
4028
7020
8334
318
9787
6668
1432
4465
504
9792
6303
3741
4761
1616
4257
1891
3702
9065
5312
4432
8238
9857
7601
6485
8486
3269
3469
3359
2369
8080
5221
6679
6588
9258
4786
5271
1264
6508
8170
615
1626
6283
2799
7156
7495
7001
7297
2269
1737
4211
196
969
5847
663
4204
6360
8352
2231
1476
6020
5055
5443
4015
3763
1707
6310
3158
9660
3014
2399
7855
8740
7957
3913
2526
8180
3406
2761
3094
4153
1405
2661
6712
5207
4002
4124
8972
2667
6068
4085
8606
4411
7801
7015
7471
3708
5885
4162
8828
5265
9487
8937
3164
8266
6812
125
4098
4096
2611
1623
226
2075
8791
1665
1937
1023
1011
17
6966
6849
6247
2483
7004
2169
4321
9730
6537
2054
1943
5635
1673
1208
7585
4607
4531
4334
4660
3435
3581
700
904
8629
7676
1721
4058
6092
5363
4211
5854
8684
8588
7279
8701
8293
1749
9793
2348
2440
6338
1124
9277
5901
5025
1110
6734
1348
6506
1235
4672
406
7364
2301
1666
4535
7829
261
9787
2250
9122
2456
615
7904
6980
6249
6457
8239
8108
8055
3790
1612
7821
2619
1266
2021
727
9632
7500
492
6228
6719
9716
3235
2107
277
7157
6369
5058
3892
3854
6895
625
8435
8018
5298
7506
4146
5535
469
7748
4399
8156
2402
9662
9134
843
332
8592
1049
670
5260
198
611
8966
583
4422
9194
4934
1016
4520
8857
5030
287
6869
1271
4819
1717
1032
6288
9252
5227
2754
5101
4584
15
4010
4674
9691
9881
4529
8292
4055
5032
6818
6070
5351
9828
9272
5935
3655
3264
3003
9545
2999
5374
3858
5720
9231
6510
6476
2212
9820
9621
2234
6901
6071
9142
8707
9499
5607
4511
1307
9432
9645
771
9934
1626
1230
4463
119
7336
8478
395
7165
9255
1222
7376
3100
650
5144
5664
3617
1285
5290
3030
6735
1564
542
7211
6192
4909
8898
3698
8949
6374
4003
1281
3550
2084
1244
1964
8725
3673
8669
7727
5716
4393
3271
440
6871
2417
4979
879
6940
7237
7442
7556
1607
3557
463
2323
3458
6011
9649
3941
2210
8435
9021
6022
2132
9399
2456
447
5510
2278
217
2448
2627
385
3773
108
1494
7666
2037
1520
9744
7945
8665
8033
6404
7140
5664
8385
335
8889
3207
7950
4981
8820
4031
5239
2102
5112
5316
6748
4416
3492
9719
9345
2398
4675
2013
5550
5742
2783
1472
2902
6577
4276
1667
9106
5819
6445
6579
1418
2602
2237
1945
4383
7331
1627
7453
3816
9847
9115
148
3159
6421
4037
4201
246
10
2389
4602
4100
9011
1838
777
3942
9587
4171
8995
5387
5023
2260
7870
353
4359
7849
2411
7150
272
2590
1562
684
4444
1859
2589
307
9210
3551
469
8996
2106
3529
1753
1776
3801
2114
4293
1011
7658
9314
798
2321
4646
45
8003
763
8762
178
4416
2685
9519
4800
444
1015
7031
8181
4531
2214
9395
7717
1198
2030
6386
2979
8973
6231
6083
6367
2758
3041
1355
6220
4407
7430
3682
5469
1912
3082
9896
6507
8092
3009
9813
181
2006
8557
6654
6581
3209
1138
7108
8075
551
4361
3174
5560
7899
1917
918
6201
9602
133
5241
7214
3795
4974
1352
4950
5024
3765
5716
3481
6532
4062
5399
8530
3996
2516
1813
4582
2019
3789
1264
9509
8438
4936
8027
236
5126
1446
8662
6757
4971
7875
9529
284
2741
175
2172
2654
9550
109
5779
7088
8284
5352
6599
5945
5970
8221
1310
7661
5014
2601
1917
631
6989
7279
852
451
2067
3638
7367
7109
1911
7053
4637
8825
5170
4828
7266
5320
2968
1545
3687
4275
3543
4755
7017
9072
7149
4238
687
5326
7718
6747
6797
9142
8386
2339
789
6192
1989
6817
1181
8335
3112
4489
6843
7690
3662
7209
8077
9896
9697
5530
3382
6263
4794
2050
5075
1433
6447
7722
7131
9692
5142
4439
4948
2917
7608
8376
307
2184
1601
2570
2235
5398
3460
203
8727
7107
4315
7017
4434
4418
6860
9910
7443
3616
9256
3835
8871
7338
2045
6214
6327
3100
1659
4145
88
8648
5715
2112
5872
6046
2522
4631
9478
7646
3838
9350
3411
1143
9792
6242
4069
4523
6767
832
9235
1937
9557
5409
5386
8006
555
9573
9541
9170
4424
9805
8219
5395
2518
1649
3379
6232
6485
5514
1810
5019
5577
9550
9013
7819
4927
6134
2026
1189
4413
9821
3416
5679
2439
1335
4896
5138
8301
3755
8187
4657
7714
5775
3218
8394
6135
6735
141
5335
1366
6521
8291
9089
7803
8392
7824
4451
7948
1050
4229
3430
9946
9120
7593
4590
9327
5682
2300
8592
6791
3789
9436
8398
1756
3195
321
1425
8409
9165
708
1426
8928
6310
6173
8181
9063
9159
9352
9362
1564
2738
5401
3025
7914
2542
8679
849
7780
4583
6500
566
3950
478
8493
4701
2475
6900
284
6732
8848
7839
5595
4619
9063
8374
6947
2601
3744
6735
4450
9645
6691
4451
2219
2314
2417
3770
5815
6957
2904
6584
1274
2118
4948
3603
977
4769
8434
1056
7799
672
5504
169
2070
5447
3857
734
9402
1251
1836
1605
6945
1640
7252
5375
9743
517
803
8280
830
9030
5055
1802
4083
7014
8926
4127
3724
4335
5990
5329
7877
3392
717
6385
3273
2121
1663
1696
8678
3062
8878
3212
9065
1238
6548
1242
1321
1223
2451
4477
6064
5311
6702
4273
8259
9801
6945
8567
8530
2027
7994
2493
139
9648
6379
9368
3977
4870
6679
7025
7994
6854
4794
8713
3423
5836
7398
7146
3660
6642
3271
2220
6095
5501
7320
273
7709
8499
9599
3182
2424
3128
707
3862
5533
4
8782
2676
1849
2946
5693
1284
3548
9799
5620
2847
1622
3405
7630
5586
2541
3852
8115
7738
3313
1780
4754
9150
2182
5049
2221
2088
881
3131
6964
7105
8382
4112
1098
8808
1838
3297
7492
4367
3838
7006
4928
4147
2130
9694
7330
1318
5584
2392
9721
3226
4553
4167
8256
811
3283
4141
3264
2618
2161
2087
3090
3650
9796
7081
4499
9177
6058
838
7825
3829
3237
5117
6514
1320
3703
2419
4387
7657
1065
3034
6526
3776
6171
4875
6101
5854
8341
629
7690
823
2700
6049
5585
4813
9233
6977
1501
7978
9379
4165
8775
1593
8917
2570
2062
3266
7386
1824
744
656
140
4134
8886
7105
9244
6180
6773
1402
451
2612
1665
8819
1863
253
7092
9414
3786
958
1596
592
9820
7332
9915
4705
8497
7384
1960
6566
5822
9176
2338
2848
7948
6448
6741
9792
2254
805
8373
2290
3647
6750
1303
2275
8693
5743
2144
5521
2787
4291
8164
7517
2634
8005
480
9375
6462
5387
4740
2951
6423
8800
2712
4859
8942
7420
6767
7138
2280
7715
649
9851
6959
3847
962
1627
7899
6794
3944
977
2143
5300
378
4856
2032
9933
1307
1097
6705
439
5078
8713
9401
7227
3708
9302
4742
287
7192
7770
4347
5825
4308
506
4549
1939
2884
2365
6075
1779
112
3468
9283
5909
1920
195
242
3423
8736
625
3019
7793
6898
577
345
1295
3602
3477
8920
3468
8581
1868
4829
4068
4843
2897
1077
8966
8963
3776
3643
9421
2045
6660
9716
7162
107
8690
8676
5792
2049
620
7491
7691
3964
6211
490
5245
1391
8940
6199
1255
392
3197
1249
6672
5393
8485
6805
3765
3170
7557
2302
4845
7955
1423
547
5064
7231
6441
5611
1588
7221
6398
6828
3867
3816
9314
5184
9356
3910
6111
1288
196
9862
8400
6939
5609
2362
7034
8727
1107
1380
306
7385
3719
341
9343
1975
5729
7841
2173
442
6302
5262
859
3881
5108
5675
290
6272
5934
1948
3170
240
2183
2196
3754
3999
3794
6428
1908
8880
8836
6463
6955
8430
6191
9848
505
7618
5451
4595
7154
9989
2691
7696
9063
7119
7946
6967
7031
1981
6712
6357
7160
1568
1476
244
7422
6514
9104
760
8502
3140
2572
3590
6994
8307
1624
2735
2625
3642
2905
874
9770
2192
6119
4880
6981
7986
8897
6657
1158
6011
1261
6804
6679
3423
5728
1035
4449
6663
902
181
8710
3543
8991
1501
7198
556
2310
1903
4443
4017
5327
5739
4699
96
6845
498
3547
2565
9581
3549
1667
2366
6930
654
9601
7807
2702
8142
5621
9203
7385
8469
9591
4748
193
6952
6176
4331
3391
2476
1419
5515
9410
5512
4025
6872
1466
8905
4043
9373
6802
9504
7808
6683
6843
3414
4028
9093
50
6303
3537
1672
6381
3772
780
6729
2183
8634
2734
9462
6213
6473
1093
5198
8180
4199
6599
3836
9537
5946
6923
4159
6581
7756
1012
1413
5083
6608
3450
9589
4560
5540
8886
2844
613
9471
1386
1728
6196
2393
3356
7216
9789
5562
5341
3980
1659
1338
4761
9505
4632
8968
1021
2588
4777
9670
5216
3040
759
7346
4320
1971
4332
5759
8539
2435
71
9617
1286
6373
1435
1576
5244
2126
7578
7492
407
2698
5129
2343
9300
4346
2593
312
3366
5483
4498
1187
6250
9505
195
2477
6770
8083
7722
2614
9249
9999
5060
8759
18
1710
9842
6667
4853
2226
2241
4250
9366
6956
2388
5456
3659
4811
9504
2701
9403
991
100
1349
2326
475
9763
3512
6916
824
4399
7499
3166
9558
7443
8229
5491
5805
6604
8294
2088
8594
7606
3905
7776
6358
7295
3771
5443
8472
2394
2700
5438
2011
6083
9586
4519
658
5082
8948
8666
5111
8445
9748
3557
9755
6198
5998
8525
4151
1070
1405
2587
4114
4956
9581
1751
1579
8543
4939
8927
2086
4243
1480
6340
8804
4467
3308
9185
3258
4508
2776
8872
6644
4650
7428
5979
8930
9154
4630
1668
6288
5162
9988
7554
8020
2888
7649
2880
6641
966
8515
9460
7112
9839
8246
1809
4958
3417
1433
5081
8104
6159
2149
5762
3138
3193
3166
2243
4784
4714
2931
4924
220
3958
2143
2608
9550
8782
8466
1920
7386
8185
185
4404
6402
2289
6377
6008
428
696
1996
4050
2879
9349
418
3292
9031
2798
3048
5490
7064
4211
8390
1033
3999
7541
162
4073
9251
6545
4435
7561
7738
2733
3616
8550
6457
1326
6822
4959
6052
1075
9208
9248
2547
4978
2033
7017
9813
7949
7829
8875
382
9665
3333
2254
6988
7595
1905
2642
3992
3270
8984
1152
6759
2917
4604
651
7200
505
5968
2697
7016
2224
6499
3288
2697
3036
1862
6831
2545
5387
873
6178
9110
2295
8212
2241
1688
6220
8129
3406
3151
4865
9911
1081
8067
949
144
7273
2859
5128
5356
8841
3213
2787
4399
2029
4980
9044
6390
2976
2479
7370
9351
748
6997
1722
4950
4820
1847
8668
3812
5153
8638
4245
5649
8647
3588
4849
6146
1284
3070
7420
3166
7637
1254
7054
7122
2068
5272
7633
6613
6225
6674
9760
2981
9884
6974
3342
8384
8685
2892
63
847
3328
5960
7559
381
9824
9788
7277
1957
1295
3198
2316
8361
5695
2553
5478
5055
3744
8649
581
118
5926
6432
1328
614
4854
2038
8150
6805
2766
9469
4154
2022
366
1010
5803
6524
4039
3647
9902
9757
7646
9470
7786
8497
7564
1176
9072
282
6085
3436
9157
1213
6675
4955
7886
2606
3647
9151
6151
4250
220
5420
5232
4606
1584
2495
4340
4437
8847
179
4567
894
1094
4274
1307
3836
8240
4120
8703
7206
2680
996
1877
1055
156
8424
478
1857
8411
9631
9637
2834
5675
3454
2084
7929
201
8195
6055
5722
7982
3322
5659
9788
746
5327
4402
7819
9727
1357
167
9849
1373
5797
2904
5952
7493
9466
4613
2515
221
3369
4387
5890
4047
1975
9580
1388
9806
8626
6999
7391
7990
9337
9152
5595
6590
7703
1556
6564
1965
4779
5916
4246
1238
963
467
1075
6642
7687
6389
1816
297
3314
3574
206
8844
8762
1468
5628
6769
9249
9194
3289
5548
7220
3785
7919
327
689
8149
1067
5918
8549
4322
3873
4201
9635
2266
8701
7719
8129
2372
6068
435
1900
6065
3657
1094
876
9862
8731
9289
6307
2401
5547
7956
9726
683
5692
1736
1134
9929
8547
2790
4832
3022
1934
6762
56
8064
1857
535
8557
3525
3291
704
445
826
183
6945
7889
415
8174
8136
4860
4819
9530
4178
5069
648
102
6870
692
1635
5441
7416
5520
6962
3153
5420
8230
7642
9796
1832
1967
2204
5537
9188
5081
4083
29
2240
8509
8892
7914
4034
5984
9090
9754
5546
5699
6246
7041
5556
5909
5272
7768
234
969
7828
7838
5859
7010
4859
4281
1324
2378
3901
4218
3458
9298
5296
8271
8473
8772
6000
2993
1339
6980
1827
8478
7008
3045
9671
6305
6135
440
8347
5037
9087
4047
7223
8969
4884
4639
2616
2293
6249
9636
1228
3226
5038
2094
3062
5088
1118
7273
4575
6585
104
5339
7514
8794
1560
8519
4593
442
1266
5518
5665
4099
5962
6469
6767
9926
3410
8785
6629
3195
9441
1951
9949
598
188
8128
9001
6900
1236
6434
6909
901
2685
3018
9562
2276
5350
2364
6487
9281
7449
3501
9886
8559
6144
3280
3712
3353
5858
1789
102
432
2265
2864
3605
4320
2609
6317
5229
8432
3104
9041
1598
6888
7788
2579
9400
6525
2317
7706
6813
5992
5489
1432
3061
709
3365
2324
6174
8774
9655
2469
862
2279
4597
7018
8295
2093
1777
3143
5221
3752
5924
1770
9719
2392
4475
1884
4471
1883
5731
5267
1352
2484
6557
2259
6939
9016
1837
7268
3070
3233
5733
3487
5746
8069
1673
7395
8887
2529
9423
1572
7318
6479
7109
5747
4986
855
6430
7000
6156
4386
3978
9644
3194
9977
9201
675
8708
972
7932
3862
7186
7039
5489
6335
1093
7934
9625
3373
4441
4897
1647
1160
4451
6266
6935
1374
2429
5787
5240
2716
3899
3285
5016
3544
9769
4316
9250
2827
9283
2310
9686
5148
5792
9826
494
9991
3196
6261
2473
5661
4929
8415
3766
7413
8273
7964
8286
1968
8211
9415
1117
9514
6423
3065
6831
5341
1128
6463
1476
9839
5021
7113
4063
1803
8843
3487
3265
9917
9451
8670
4284
8279
3779
1040
791
8577
7620
3546
605
1789
9856
4399
7346
4504
6454
3665
7508
3645
7547
6919
6041
740
3990
4171
283
3191
9319
6362
2669
7188
7573
4462
5368
1311
644
6857
3350
1791
2448
3063
7994
7337
3976
550
5690
6922
5353
8722
5899
6269
5686
4249
2248
828
2833
1645
910
2595
1161
7944
2966
3249
6464
4473
4575
456
2695
4844
9240
6675
5624
9176
4216
1159
4400
3794
1882
8530
6679
2143
4600
3377
6893
8599
450
2285
4547
8805
4411
1413
8387
7547
3969
1287
9725
7106
9415
183
5328
2607
4064
1810
5601
8961
3738
9997
4154
2838
1253
2374
2226
6349
7999
2188
5701
1095
5181
2107
8736
2423
3720
9407
6411
9848
7537
4170
6243
9774
5666
8272
4099
8644
7507
6063
8014
4821
502
5309
6908
7142
5263
2521
9951
7776
9107
4243
8832
9035
9020
3912
7243
9414
1671
2854
7236
6276
3307
8878
8820
7568
3173
4775
5124
7825
5044
6334
740
8904
8254
9083
8745
838
3709
1472
609
2411
4170
3275
1572
4393
4964
8154
7801
7671
6093
4286
4961
7729
4530
6679
2708
5581
3844
1551
3063
9176
5288
4740
711
5807
6727
9325
9269
9706
5938
6669
3565
2114
5927
5509
1940
2579
1432
5252
4813
2317
9070
1066
3545
4101
9370
6154
6665
7512
291
9742
401
4863
1009
9508
8650
6893
1269
4469
4932
5046
5043
2790
9559
1914
3965
3416
9524
863
8349
5243
8157
2861
8558
1919
6493
7826
6904
4666
7541
1574
2214
646
4180
6072
2022
3426
6514
7495
3724
8296
7098
4254
4707
559
8866
5383
5361
2823
232
4352
6934
4945
1002
234
529
3105
7058
8830
6815
2684
9293
1738
8833
4539
5926
8329
9161
5186
7443
1265
3120
5658
571
9110
5383
266
7491
2748
648
9701
2180
6217
5976
7180
2827
8505
5355
5380
4957
9851
5556
6546
2692
1817
2712
3715
9018
69
2830
5449
5585
8094
3141
4239
3212
5490
4065
1005
510
9917
1956
7751
1021
6304
8981
6432
6978
3645
4592
604
5344
8575
1610
5970
7695
9350
9631
5345
1012
640
1577
4986
7615
7555
1983
6058
4128
3366
1512
9195
7910
6464
3658
3761
4646
8568
5236
2095
2484
4267
2132
3596
8913
4732
4645
816
3810
2326
793
1272
8952
2381
4543
6601
2241
5907
4657
6897
5787
1878
4941
4457
416
6406
2478
5526
7330
4197
9846
63
6773
7655
4810
4585
6003
360
9050
8942
8528
8541
2844
2221
5035
2258
4755
8186
7885
2147
5665
6406
1873
7526
2646
4089
4160
9845
8340
7676
5959
6266
5809
1763
8168
4932
8200
2439
3722
438
4188
3458
2814
1309
3866
4339
6207
5682
4410
4146
917
2214
6001
2494
950
8250
4215
8417
3449
913
7392
1813
2985
2781
9785
8015
1874
8006
2928
5658
8843
9513
6336
3631
4783
2413
8136
1920
4938
8129
1127
660
3965
4129
6071
8156
6815
4279
2531
148
624
4813
3877
9030
2410
2193
1521
216
6806
8226
5112
6853
7352
4119
6265
8025
1257
6799
4154
9878
6751
3411
3359
7556
9371
3047
3749
4470
8174
4863
2334
2023
4008
238
3369
9570
8735
7306
7117
2817
5785
7884
7442
8766
8023
1987
8764
7653
9262
7352
7652
6874
1634
3387
5013
247
3521
2653
4704
5086
9609
967
6093
8349
9303
9112
7551
2159
6349
716
1346
8542
2111
6135
9795
8231
747
9889
4844
4870
130
9531
1658
6304
8567
7167
9229
9344
1875
5654
8812
3241
1043
6420
9955
4826
1775
7117
2122
3999
4583
6875
2867
8548
5851
9399
2255
740
7944
5573
5069
4304
9770
6076
2480
3468
9331
8914
428
1155
6630
6023
4365
1210
2016
9608
8900
5090
5540
5204
8143
2327
4033
155
4036
726
8275
9137
6842
9307
1810
5490
1108
2104
5178
6992
7082
8849
24
1496
2805
2212
3310
3987
6359
5927
5412
1064
7381
3658
5531
2815
9203
283
4079
1424
1722
4840
584
8569
3416
1343
9917
4862
6388
8161
8070
6075
4748
3797
108
629
9805
216
1759
8175
1886
1506
2339
1337
1050
3701
3720
5618
4728
7039
4373
622
3656
8510
1745
7586
5228
9715
4893
1772
6049
3951
5697
1776
137
6906
2674
1213
1927
6178
3356
6047
8534
2528
1058
5821
5733
9591
5327
8738
4659
8598
2120
3257
2147
4493
2368
4033
1356
7228
7991
7120
9648
9702
3248
836
6855
5636
7774
517
6327
3110
1690
9590
7186
3413
707
8122
3852
8612
3875
4483
9192
149
6842
5605
2382
3528
7690
3993
8779
8109
9310
5902
9381
3531
8023
1914
2536
8505
5092
5311
2994
4841
5933
248
2552
7477
5308
4706
9971
1217
9881
856
4603
5440
129
4902
8222
3763
258
5743
4988
220
2037
7178
7538
849
1545
1863
3506
2507
8856
1392
1771
8798
4840
6410
3242
3971
6336
5515
6493
6801
9204
9285
2255
1355
7456
5280
7862
2226
6301
9062
9301
7787
6051
6184
7597
8444
7099
6590
2711
1247
7502
7052
6903
4329
6160
8240
6190
3044
5571
3159
2014
2489
570
8543
6394
3161
3915
3415
2522
42
7215
4563
3880
3103
6345
1484
74
592
2496
2676
60
4521
3691
9751
6073
5806
2200
9661
6022
3148
4633
1596
4539
9323
1804
4234
5119
3072
2150
1680
6895
2526
3787
1210
634
6044
12
9802
7420
6322
1789
6413
4149
3197
2850
6869
5077
1394
9862
7686
4999
7311
8439
6220
2759
7821
5249
825
4737
1362
1493
61
2488
5731
8374
9134
1471
7958
8993
9415
1799
469
9638
9004
6390
1086
9239
4123
7936
9304
6827
1598
9925
4561
2640
4253
8423
7282
3771
1953
3654
4452
5533
4771
5561
9627
2388
3475
9963
5264
3946
1349
9328
8589
3678
8245
3827
1986
4190
4411
7229
532
2222
7722
9492
8453
4983
8434
6078
4463
8527
7045
2336
3657
7360
5495
5127
5036
104
9054
1778
4592
8621
905
3418
9311
3067
4605
704
7355
1051
1626
8929
9211
7073
8509
3192
5216
4306
1951
5536
3302
2048
4202
1876
9143
6900
2155
8374
1785
359
403
8280
3160
5213
7799
122
4190
7854
4600
8720
2942
7586
3133
5567
6608
4649
4508
3365
3590
2500
9255
1842
3069
5651
5875
518
896
9436
324
7912
6967
5509
6405
4433
4348
1166
5939
5283
3246
2782
9641
9689
5918
6152
2614
1324
983
9785
6186
8814
2523
4113
5536
5127
1208
8652
3509
7018
6665
9052
615
1044
7945
3813
7592
6224
274
8852
2514
6393
7875
4477
8404
4173
7313
384
2411
8027
7444
1606
2156
2505
3138
3518
4781
3508
8249
3663
9571
2660
9750
3273
4006
1659
4771
9900
8865
4155
8604
212
2246
1793
4978
1312
1022
9698
7785
9534
3646
5904
3660
4420
5493
9880
8688
5117
18
4924
4726
2751
9362
2120
9162
6133
6695
3347
8041
1358
6756
1780
159
2512
3796
7150
5758
5850
571
1418
9515
8630
3957
7008
8274
1063
9162
5857
4185
4772
8627
5667
4610
6160
1158
2042
4107
7174
2636
7840
6287
3534
8468
8433
8863
7310
5665
6709
3851
2528
9902
1418
8730
4268
6658
7038
6122
8066
8719
6902
4017
8854
4420
4206
8994
2712
8018
222
8251
2382
7371
3716
5162
4929
6278
5236
9648
1345
8959
7225
2718
7110
2124
3174
1644
5412
3867
782
2505
5034
2102
9084
1132
1687
9129
7104
8184
8169
8746
3447
5487
3763
8726
1398
4269
6202
8429
7058
725
3341
1428
5726
8714
9615
2904
994
1971
3475
3762
5013
6961
1378
6022
7687
3133
7099
2677
8606
2026
2712
1459
5947
1834
40
5155
2039
8621
6255
2558
2351
1796
3814
7410
6313
9779
3360
2647
3810
4436
5515
6397
4998
696
3615
5649
5371
73
2822
2862
4763
4300
840
9009
140
5314
5042
2709
4477
1261
1794
76
1631
399
6065
943
6317
9805
5837
6028
8410
931
5906
4591
7526
5266
4485
4556
2844
3748
6301
8152
5947
2512
4846
7143
703
4537
6275
591
7020
641
6807
1452
7494
1498
5712
9245
6911
4157
3001
5052
4190
9012
5579
9595
1320
6801
6407
8090
3614
3970
4290
2853
2147
8124
4494
1561
7288
1748
4832
2647
9174
5389
9171
9617
5976
2251
5065
4898
2130
3446
3385
8522
2193
8330
9738
1975
9249
5963
5690
6735
8421
7414
2923
9866
8278
4051
5675
6076
1499
6343
4670
2832
802
3957
2442
6976
392
8500
1439
3809
7883
7644
337
5035
4473
6010
3283
7254
3460
8964
3906
4112
5637
4262
7915
267
3353
3418
7034
6020
6172
2837
1200
7565
4977
9774
4096
1485
172
795
6662
4573
5596
5748
3140
7795
568
1592
2683
6651
4197
8782
4610
6593
4049
1060
7942
7900
9535
8419
7454
8980
4319
7556
4922
2068
1801
7627
8824
9979
9334
5777
4306
9164
1516
7537
1671
6725
2548
6456
2980
3660
3177
287
9807
4853
1615
4212
9232
1617
4237
4900
6925
1857
376
7878
5184
2632
2398
3793
8279
6926
7388
8173
6087
6769
9564
1831
878
9573
4335
3758
6660
5580
9011
9066
3645
2577
2945
1324
6718
7934
9398
4336
2857
3358
2059
7504
7094
7469
9267
2802
2352
427
9744
2482
1530
719
5267
2250
5148
3016
5134
9069
350
79
5303
5107
2335
5208
6412
6942
1122
1464
6382
5180
9782
8224
4524
6981
2337
1607
7644
1604
8536
7286
2439
8099
9630
2348
3490
8655
6150
8290
8901
8954
7974
8473
6202
319
5642
8559
932
5216
4370
225
9130
5259
4378
6074
5134
3083
3956
3194
1582
6715
6595
7090
3670
7797
2710
3339
6991
5961
9616
1286
8856
5657
6208
4030
6512
7937
9314
9354
3181
3300
929
7790
7389
2593
3175
3745
8646
6020
9634
1962
9964
3353
7669
3603
3151
5980
520
4880
3373
5116
1133
9
8987
7838
9217
8882
8316
7789
6250
5627
7323
8974
4771
436
4555
7266
4529
2249
8537
8341
4353
8155
4538
9332
6801
6110
4775
5707
4759
6383
273
508
1698
3662
4114
6604
1099
9481
9458
4263
5911
9881
4226
772
7676
4645
8425
6307
3277
5460
6041
4370
8836
6449
5309
5519
1787
2535
7089
3736
5608
59
7886
3998
9570
2745
9777
296
7620
2551
294
132
4349
4918
4006
7848
7744
6918
5482
8679
6127
9657
7915
6735
8320
1152
5928
110
4505
6161
6947
7029
7741
2234
7961
2805
6483
4560
683
2678
111
1472
1485
4967
9647
4198
2779
4127
1956
3932
8227
2338
9611
442
275
6271
2519
3692
4688
5830
1261
2369
8400
7287
4828
4287
2837
6597
2854
3108
9798
6362
6080
9384
1819
2932
2578
2174
2612
5837
2587
537
5095
7880
1604
2155
9269
5239
4975
6921
8344
2826
1164
3434
2875
9650
9735
5742
2838
1267
6418
3724
2468
6808
7403
3667
8835
5296
9961
5490
2983
7910
376
2579
8827
478
6223
2913
4997
6747
3722
7931
8709
9902
7977
9825
10
1305
6996
5099
2769
1906
4441
2905
9307
739
6036
6325
553
9486
5946
7813
2726
941
6145
2012
6610
6647
4175
4960
9687
3839
4862
2278
4778
503
3641
9433
7183
5090
4502
1050
3929
2342
4768
1938
3165
2304
2847
3858
6225
4754
8694
1883
3495
9847
8217
2506
9488
7544
6489
4987
879
6551
8398
6846
9515
5271
816
4247
1344
8527
8401
9679
9954
4948
5050
4905
8639
5539
321
2095
4544
9792
3236
7898
9116
9432
3701
9920
1786
5203
7217
4487
7920
4166
622
5752
6765
8421
6961
5087
2367
6917
5466
9215
2641
1470
4445
1298
1893
2816
9325
8750
1946
4253
7830
8291
8346
2468
8407
561
8851
1662
7883
6423
1712
9905
531
4070
9043
2562
2977
8116
2353
7271
3123
8060
9706
490
666
8562
6659
3930
567
4596
6354
2220
2033
5084
8933
223
3333
7971
2112
4668
4426
1808
7761
6348
3855
4605
6401
867
676
8602
1866
2779
1554
4971
2655
492
3288
3692
9741
7782
5651
6822
3852
3233
5449
6457
8721
2796
9649
8425
9748
9106
2243
9077
3304
458
1816
2482
7244
2285
5629
9286
9406
7987
6154
8864
8359
8614
6857
3013
1750
5512
9173
182
5389
673
1009
6829
1714
3664
4977
6726
9139
6642
5609
3371
3274
4881
1265
1831
7256
