8656
3723
1167
5600
5543
6878
1114
5445
5998
1233
4559
4613
5585
3511
7395
4279
7227
4082
888
8201
3404
3926
3577
7902
2901
4908
3983
7270
9091
3891
1043
21
2566
6625
1569
4533
3277
3672
1237
5431
4624
5827
9028
4005
9866
1327
6810
2179
1697
3431
7883
5220
2914
1463
2280
7785
5022
9986
8721
8036
5979
7759
9985
8843
4248
6814
7274
6663
3442
7225
3038
3580
892
1781
7591
5715
1054
7192
2676
5555
5404
8964
1264
7519
2577
4801
8960
9945
25
4202
297
4931
8648
29
9884
4662
6730
8646
5279
8476
5736
9957
762
4535
6883
2459
9242
965
4545
8500
9429
8155
577
158
875
6846
8028
7865
6373
8912
1146
8182
1756
1239
9550
4433
6713
1994
8800
8891
3525
5317
9877
8816
9692
6013
4188
7608
130
5533
9543
7529
7506
4813
8964
5881
3455
7268
7304
9281
5641
9700
3127
7053
8991
5028
6258
6400
9691
5388
1309
244
8974
4393
4139
8735
1768
2160
4745
9041
3492
5087
3461
3290
5694
9711
3465
9256
5234
8054
4567
8766
2306
5161
6274
2561
2756
4798
8806
6444
6230
9663
6950
5699
1743
2987
1424
100
8403
5222
8927
7113
4674
8497
4765
8394
8909
2980
4275
6080
4870
6344
1326
4916
612
1057
303
4902
7632
6728
4512
4074
7119
231
6270
108
1563
2798
8439
9492
816
6515
658
6309
1313
4469
5285
2623
6996
9377
3814
1444
5185
7661
738
7864
690
290
3556
3873
2455
9816
3155
9310
4457
2745
3514
3684
5704
2215
1461
9844
4868
297
3413
9048
2116
4288
8256
3388
2727
7065
760
7209
2789
8107
2230
2396
7504
1871
227
4310
7564
7200
1523
3772
1465
6600
2350
2543
169
3754
2508
1974
4226
2494
9613
5639
5393
4358
1234
5604
1641
6704
2043
9442
3543
7092
9086
4309
6339
2013
7440
8024
8117
3492
9268
2217
8817
8584
5069
4848
6817
9434
8450
143
9102
2181
2653
821
779
7547
2047
4813
6622
1594
6532
2244
7803
1757
7422
1560
8414
1599
1281
7451
7045
4650
4938
6215
968
4973
8973
6827
7542
9565
5113
7220
4957
6162
4218
919
1526
4210
5963
5242
8778
699
8566
6002
6085
42
698
5127
6438
5897
4552
2020
6655
3028
3322
5707
5344
7420
7039
4262
5178
8517
6087
4679
546
9962
7880
7584
1877
385
2251
3695
1298
6504
4118
5681
8985
974
6567
9272
6766
655
3369
8119
7177
8503
7686
2570
1661
5400
2266
8434
3235
6615
9231
4110
7698
4608
8794
4037
6765
6474
9250
3920
3258
9396
8568
21
3050
9151
6679
6781
3386
6662
4666
4487
7717
1255
372
2998
3044
4341
8048
5797
3427
6311
709
1659
3136
7128
8869
7770
9427
8513
3427
5985
3573
6756
3455
6049
6318
3471
4928
7388
2847
8112
5228
2153
7688
1432
8407
5684
1848
3016
6693
6563
1903
4472
7550
9524
7569
4951
4381
5874
1209
6412
468
1414
5031
7755
7680
3689
3448
1139
7013
8471
320
7556
710
2496
8759
1421
1123
4905
6477
3908
9647
3359
4219
5311
5964
2139
1288
495
3526
4945
7540
1933
4937
3459
228
157
7551
3922
9579
9566
4794
1508
8370
1939
1706
8913
8340
5948
3612
2359
72
7309
4768
8942
9003
368
6309
9414
4329
4135
5603
9964
7032
8249
8452
4892
4882
7294
6815
5968
5677
5302
1027
8230
5784
8883
621
4847
1716
5591
5014
4740
3836
3927
8029
195
4019
4543
9340
6552
3145
4640
2840
3287
5801
9236
8074
933
1154
4338
950
8150
5296
861
5237
7936
2070
2167
