5488
1285
2569
4613
7057
373
3054
1021
6039
8534
3345
9662
5319
159
9439
7589
2433
7144
4552
6325
8970
4305
6046
8588
5544
2943
7321
612
5449
8513
6932
8821
4320
2273
5016
6647
2414
3173
7570
486
2473
9125
5780
718
2011
3960
9989
2022
2170
9207
6453
7625
4207
5779
4402
7183
8581
5730
2624
3770
5664
868
904
4316
3112
5460
7120
6806
5936
9594
7715
5387
8279
5309
6940
1060
6475
9253
7316
8636
3493
3231
4182
7867
9156
5882
1723
3825
2025
1007
6424
5816
2093
2701
8832
8171
779
4050
7686
885
2589
1174
3091
7074
5862
7072
4656
4739
3177
3852
353
4029
3317
6501
6974
8416
3230
1660
5647
357
3560
7754
9700
9073
4818
1634
9854
935
4013
4351
3598
1753
216
8525
8839
1758
6473
9796
7602
1391
2986
4127
510
5868
5294
3179
4994
8860
4127
8827
5457
369
3861
3416
1161
458
2116
7653
952
4146
403
9088
9403
4517
5092
9861
5796
7731
725
4077
3591
3117
1154
5219
2801
7917
1157
2279
2566
1794
1500
8316
6694
6520
6676
700
1402
4694
5879
4603
5553
4337
3520
888
1346
3422
4503
8176
4685
4741
5645
9421
2290
5841
293
5740
845
8340
3997
1308
8397
4711
3832
7922
1264
5662
10
1738
7821
2922
4015
3304
1405
2857
8024
7900
3894
6072
4387
3763
4278
3832
4438
2698
5960
4270
7591
7470
5014
9332
4363
1887
7580
1886
8601
9251
804
8855
5514
5334
8452
3114
6112
6239
2496
6172
3088
6750
2605
3030
7405
2802
3459
4880
2787
9511
1917
5929
4316
8604
7169
9779
3698
1043
710
3500
7538
8817
263
4583
2505
5221
2099
472
1358
1045
3070
1055
9483
9396
5832
5564
5386
6561
6312
945
9752
4792
2069
9733
3208
1179
3936
8548
4247
6364
3713
292
6935
5393
6364
7810
314
330
9152
5051
797
5566
6508
1191
526
5681
5486
5247
6652
5859
1241
1135
6026
9154
6883
6343
5455
1919
8473
5275
6301
5886
319
730
3995
7047
887
9532
2433
9849
7740
5701
3600
6302
9949
6902
1964
5066
2977
6163
3144
6141
1227
6766
428
8104
4667
226
7316
7388
8878
7196
968
6302
5252
4660
5524
5110
3420
1226
7235
295
8014
6778
7677
4777
7428
3474
2202
1362
1510
5323
5249
8627
6225
1442
2002
4190
4339
8219
3629
678
3333
9003
3117
7791
3717
3236
3476
804
8927
6142
6835
8183
7032
2000
646
946
3351
8125
3355
4061
4513
8523
9005
6793
479
784
9409
1193
3501
6965
4604
1456
4593
3212
7007
5
7942
8862
5680
5955
2901
1853
8886
6605
1775
1992
5153
3583
6233
7341
3331
4303
2165
1576
9375
5154
7385
3370
2269
3947
3662
4149
3158
1327
262
35
8450
9012
1787
3175
8828
9080
2272
5179
159
7405
3031
888
2784
4050
9135
148
4407
8381
1366
4278
2122
3380
3731
6741
744
1979
8057
4958
8240
1479
5257
341
2491
1873
647
5154
2988
7446
9446
7420
5763
3612
1603
1892
9496
8943
2251
9048
4586
6010
2858
4344
1764
945
7025
149
6136
4298
7427
2341
2332
3884
9916
7300
5726
6767
367
932
2980
8963
4666
2789
2036
6525
3768
6607
6125
2476
307
3244
9921
6954
7315
5843
9183
4414
1256
4127
6065
4366
1232
4382
6719
6673
1253
5717
4141
626
4150
5361
5736
1937
7040
9976
2249
4004
2697
9694
3923
1243
3049
2227
9743
529
358
4890
2369
3374
3978
6805
5254
7977
9523
8044
4701
3883
2679
860
1951
6095
2001
3644
2764
4661
3084
570
7859
4358
6299
6212
8014
6161
4195
4371
2728
3588
182
786
6940
8055
6301
7052
1851
9554
2961
7459
5145
3966
6742
4029
4181
8569
5588
1081
3187
4627
963
5072
8936
6838
7506
4422
7634
2194
2532
5055
1409
9494
9512
5230
8037
6667
2436
8009
5573
410
6190
3992
5881
1726
3638
1405
9317
9044
1986
9101
2707
1215
7911
348
1084
6792
4498
3159
6994
6066
8769
5211
2109
171
5712
7107
1872
655
1203
5678
3271
5431
6653
6255
2016
8206
971
5038
4755
4340
6368
5884
431
9900
2414
4691
1394
2016
8910
3596
