5770
5163
850
5305
6852
9023
8682
7907
8919
4698
4230
738
2753
6201
8768
853
9871
626
4596
4708
7526
9097
1013
9117
7440
2462
9130
2077
930
4196
1752
8250
1862
5149
636
7053
4953
7984
5269
1901
8162
6653
1420
3974
8670
7687
1954
4985
3685
9408
5348
9229
2874
2243
893
2643
7316
3114
4088
3975
1620
1311
4689
6562
7250
5456
5223
8188
168
8987
6815
3999
8827
2009
7960
3479
6978
4824
7191
6806
8820
7889
9439
4484
8194
2568
9694
6675
1694
6449
7895
6800
1575
8543
1943
2262
1714
3527
4054
1292
343
468
2845
6143
6309
9332
4590
5194
9650
8576
1220
6865
9922
4185
1000
4494
8611
9309
9821
8162
4436
2360
5560
2989
1168
7223
4784
4697
8411
7320
4718
8273
9671
4910
3761
7311
1763
1793
1633
1266
7217
1746
1949
910
4531
6651
6995
2558
6497
3829
8412
7028
4393
4147
434
7217
7843
8572
2030
9904
2592
5558
1826
3181
1359
2974
2000
2628
3531
820
1397
6467
5
8226
3510
5249
6089
3533
101
2904
8207
8293
8736
8413
2401
4759
7606
1953
3524
4209
3046
6704
9701
4933
4007
1542
2065
6631
8366
2305
2512
7553
1503
5634
3712
2118
6483
6333
2650
8450
1809
5040
7042
9664
7677
7297
4080
9734
2682
5887
3894
8523
7757
8874
7502
2985
3919
9903
4306
2318
6063
6588
6023
6508
6498
5842
358
9615
9447
167
6872
5438
7324
8427
3310
8283
3718
1107
5674
7046
7169
849
3694
4590
5381
1717
9343
3462
1793
1900
1461
3094
7206
6887
1954
568
4178
679
3580
3603
2056
2291
8073
2534
2441
8220
8854
1898
2785
3896
7460
9993
176
3354
2944
1949
9939
6451
6861
2768
94
82
7215
3523
6089
215
9655
9131
2772
3717
9286
4534
6856
5701
5568
444
4108
2151
6799
3200
3633
2020
1137
2404
3898
9103
8367
636
3787
8058
298
4300
8205
2356
3012
3691
3163
752
2872
4872
124
433
7016
363
7917
3121
2305
6933
1082
7537
3997
2001
8393
6922
7492
2428
3780
7779
3856
7072
5089
956
5436
8588
5391
9606
5351
7568
2127
3765
3067
19
1165
3918
7605
199
3737
2618
608
5477
6502
1309
8691
8210
911
7536
755
387
6801
2426
3430
7149
6969
3661
5430
4725
7562
8061
2989
4294
9498
4779
3027
7601
779
4448
1554
3230
6961
149
5506
7744
8677
6527
8998
2967
9285
5320
5105
1583
4565
72
9590
2934
5190
5747
204
6907
3009
1883
9386
1922
1873
2166
8020
9492
3322
3787
5458
8659
8378
5702
4762
3994
9322
7323
8489
4355
4320
1623
9635
1395
8165
7058
5108
9408
7390
1072
7106
3074
3945
3095
3298
4071
9318
7562
83
2145
9295
6052
7386
5514
1366
4353
3787
136
1769
1270
5297
2091
4068
8497
9115
4386
8660
2651
9268
1038
9203
617
5468
5839
7029
82
9080
9178
3758
7947
7954
5468
5022
606
3022
8872
7802
2809
7131
7980
3927
1123
8322
6786
2517
6553
6863
5714
279
327
3897
1221
9115
6994
2431
4820
378
6145
2432
2398
6061
7436
3799
329
425
5165
4402
6896
6425
1812
6733
7691
4855
8454
7904
3725
9655
4261
7058
6534
8416
858
4791
7912
1960
6799
8077
3846
3467
6505
2336
6712
3783
9667
6517
156
631
9046
2121
3351
649
2132
9590
2617
8798
7604
766
2031
398
8999
3623
7121
3878
2121
2932
9291
7631
2755
4668
9562
9740
5470
58
7500
7488
18
4544
7385
9433
7564
3784
1873
1661
1021
3816
5243
1887
9759
2257
237
3006
7668
8692
1417
971
7191
146
7636
3844
8291
7887
434
5762
1122
2594
4429
1371
2077
7948
7781
7413
5763
4162
8417
1912
7669
6952
7411
1839
1822
6508
2650
5419
6223
3037
8209
4803
6328
2806
1205
6811
6499
2058
1635
368
1931
605
4240
3406
1114
3661
2306
2862
8575
5116
2763
2832
8286
907
7207
7617
9986
7412
8475
2968
782
9604
8333
1234
2785
4435
9874
6920
8695
2098
8562
3067
3708
5119
7064
6140
7323
2840
4037
9113
4085
1818
7253
4935
3726
772
9033
73
2577
349
3619
8475
8467
7391
9457
3453
2373
942
672
1375
1011
9305
1633
7030
2953
7916
9177
3368
2437
5695
3699
217
2280
5215
4576
6627
5911
4999
1423
8219
8670
3787
7015
198
7939
5584
6880
9448
1576
9355
578
7380
4362
2133
4326
2149
4199
1623
5641
3815
4220
2232
110
9379
5020
5136
1042
2566
2205
4856
619
5533
9485
5281
6922
5694
1554
4397
7328
8678
6590
2701
173
4859
4081
2680
8835
5517
4681
4309
3833
1630
1748
1398
6556
6554
1622
7057
4303
2741
8598
4300
5667
5408
7330
6403
8097
7176
9091
8057
6052
8827
7260
2169
1845
9847
3052
