3742
8991
6791
3790
4742
631
5319
150
9212
1859
5372
9656
2805
1172
8896
6111
9140
6638
1766
6712
3433
8915
1776
2209
873
6205
5166
942
3454
4999
4368
2888
7397
7176
429
9650
9573
9438
6236
5386
2143
611
2640
6759
6209
6606
1008
4741
5749
1849
4740
2651
4871
1739
716
1157
8275
5793
9258
4611
6508
413
8272
4925
5146
7995
5556
1825
2203
6380
4656
699
5737
1617
165
6255
6892
9574
4016
9702
5559
8184
5781
7459
8525
6548
9944
9953
870
654
2938
9835
5117
875
9600
3751
1441
2507
3328
9856
9547
966
5685
9038
3519
1458
5025
1620
9323
6238
2674
9798
6476
2095
4845
6133
3920
8228
5991
5225
9303
3159
3459
8698
211
3075
8565
3322
2414
5437
2773
7666
4810
4912
6368
5032
4547
3049
7688
8746
4353
1787
8299
6362
1194
2000
2161
1333
9748
350
4047
2721
2184
689
3768
9107
3122
9898
8947
9195
757
1124
808
6205
8203
4798
2372
8108
2330
2058
1645
420
3058
482
2255
7636
7203
3329
6404
5943
6892
2213
5346
2782
3470
8015
1806
6955
3167
1476
6494
3964
2810
3988
7804
498
8675
8884
8023
4894
8696
3482
5124
1687
5972
7957
4721
6202
8173
9926
8650
958
9597
2719
7060
2482
2877
5222
5495
2774
4925
9669
1625
8547
5089
5458
4309
5656
3622
4502
6091
7442
8098
9132
1169
9542
7768
2201
3143
7614
4859
130
967
4175
3898
1262
2043
3571
4938
8521
6073
9991
7553
241
26
1811
4094
6481
744
929
9607
5960
4581
9100
5114
8933
616
7975
997
6097
1363
5734
5488
4761
3488
8669
3256
3575
5402
1668
9463
2828
3463
2147
6623
7388
1187
4288
4614
966
8120
834
4842
318
4217
8784
9557
3128
4382
1931
7964
1347
3034
9269
6626
8832
2472
3021
2394
1886
9172
185
5929
2772
7286
5486
570
3514
6728
9422
6715
2100
793
9870
660
8139
5627
5603
3016
4650
5942
2985
6260
178
5711
8656
9860
570
1443
4035
1989
8263
3006
5638
1157
9108
9912
379
7094
8398
7487
1473
8530
6895
1312
650
8521
6709
3582
120
6645
6046
5829
7571
7839
3153
7336
2265
8970
6060
1430
386
6972
3910
2827
8623
9149
3441
1507
7311
4041
4558
7674
9198
2319
8076
4463
1034
6012
2814
9991
1506
9458
9272
9965
5982
8097
8294
6231
2133
2920
3897
9812
2287
276
7311
5505
7816
4103
7662
9819
6158
9412
2124
6046
1719
5383
7022
1532
5617
5554
9755
3130
263
6097
8285
7316
1229
6751
6291
5249
1721
6626
7221
33
2078
1953
3734
5266
5302
5701
2383
6546
8267
4925
5198
1311
50
3308
6762
7531
2580
4926
3921
5627
6011
2280
6256
5838
9605
1404
9870
9434
4008
6603
8597
6273
3667
5622
3454
3299
8444
4749
6569
8462
9131
456
8790
3729
9042
9012
9539
8638
4887
5908
1938
7613
8144
2553
5589
9629
170
9277
57
4181
2694
4393
7676
8169
4657
2999
1469
7208
9438
9329
9807
9570
1025
5800
4409
6359
9579
4113
2797
7899
7789
1098
3875
3350
5083
4778
801
2631
1344
4326
2953
6920
6311
3103
9823
364
6380
7513
1333
5669
7888
2247
246
851
5427
3202
3531
7095
2017
9753
2317
8549
8796
3425
5944
2072
3809
2334
2311
8799
1962
3466
5298
8469
7327
5249
7649
3998
4858
4240
2380
8222
9990
8866
8001
3748
5395
4489
3360
8451
1752
9742
9302
6544
4885
6560
7492
3127
2453
2232
6748
8953
2140
9133
5944
5089
9699
4787
7031
7620
5069
9871
3636
5798
868
3653
4100
9353
5845
866
9532
8144
5093
1270
973
3297
4079
9769
6685
5465
2235
5422
3699
7754
4012
1764
7071
2911
8453
9369
7923
849
3449
762
7602
5442
9871
4294
5028
3222
4734
2721
3939
7553
3611
3475
9573
443
3180
144
9398
3168
4343
291
6145
1813
508
499
9419
2245
683
5976
4252
4761
8292
70
5322
5766
6186
5448
8212
1295
7666
6552
8424
7195
7982
875
5954
3874
944
7402
6930
3458
6157
2010
9225
7118
7664
3805
2799
4261
328
6770
227
3264
4592
2151
6592
4837
6600
3727
7577
6985
2341
6638
3729
3731
6530
4529
7801
4395
2832
7802
3287
7217
3234
5081
7151
4761
8494
3735
6977
3780
7888
7388
462
5659
7873
4160
2536
565
879
5022
6518
183
2906
3685
1601
9515
8795
888
3373
3049
2000
773
8439
4689
760
1715
3992
7867
4152
7396
4995
102
7704
2746
161
5725
4221
3158
4134
808
3747
1291
4591
8382
7798
8225
6491
2743
8397
2038
6243
2128
4708
6415
3991
8168
5237
3420
7191
3175
9378
3001
4299
2863
8274
7040
1679
6458
6454
4876
7710
4099
8134
5913
553
6064
1948
3831
676
1901
9853
1726
2030
3684
5615
8411
8476
1736
9276
6536
9296
4770
5106
4889
8411
5938
2035
1395
348
9575
4880
3527
3667
7513
7869
9580
183
8099
6129
3995
2481
2687
349
2787
7763
4538
1958
1469
4920
8950
3921
4747
1736
5982
9114
7721
9112
7444
4400
5573
7613
7014
416
3274
6651
1376
7853
168
8574
8571
4441
9904
6980
1954
4403
3195
6069
9733
1261
522
9120
4742
5848
3656
8563
7217
206
8700
2822
3065
8732
1931
1541
7213
6874
6970
8952
2058
8265
6657
8145
8202
9624
9995
8050
5066
8066
3369
6584
3433
6167
