2427
2948
1397
1461
9088
727
8843
8805
7662
6935
3900
4962
2306
8263
3116
1339
4737
1700
5693
7641
6281
1387
1773
6268
2771
4008
28
5917
8501
5772
7436
7920
4788
1098
6977
7497
9622
8430
4440
6135
8325
570
1587
5633
6400
6495
6146
4860
8043
4436
3614
7238
6999
854
6766
3586
7501
3772
4909
7088
5523
3078
3075
4744
7857
6530
1247
6451
1421
9850
1222
2295
146
7277
4709
4285
8031
4344
2115
1184
7276
7617
8258
1059
8760
4240
1588
7856
5694
2843
7897
9705
2613
1132
5766
5069
3766
3521
1538
2041
7513
3535
7419
8407
1112
564
8326
4344
629
6632
9587
7274
4167
783
8734
7526
4127
4270
4369
5064
1018
5399
9367
6028
8543
2834
5707
7570
8008
4650
8463
5853
1245
9586
2378
4605
8235
5266
4249
2775
6052
6946
7109
4318
7249
193
4613
4433
6802
3202
74
8977
7397
9220
1784
8604
6837
1469
4117
4651
3594
9346
42
1124
6942
4965
7590
9533
752
8220
3970
1438
6817
8090
2031
8689
7484
3964
3724
201
5219
5538
6755
5100
2356
5303
9379
7743
1370
2655
2248
5820
9152
3965
2262
3330
5552
62
1877
778
4474
8565
2406
1601
7136
5780
3268
9351
4158
7204
3510
2978
7719
8417
3105
4864
3242
9092
3306
7639
7364
5870
4440
1003
7119
7246
3992
1435
4791
7376
2298
9944
4525
2723
4409
8964
7301
1492
3752
4482
3658
476
6968
4832
5698
5875
198
8046
3692
5279
9425
410
1093
749
8809
2217
1273
3787
211
5955
8871
7807
6521
3372
2750
8056
7502
4795
9715
4911
3999
6313
277
5561
1205
9207
8199
3500
4407
3404
4860
7867
1581
1482
274
7296
9407
9788
3556
1941
4188
9438
3539
8127
102
5481
2687
2968
2922
2986
2736
248
3597
8813
4497
6430
3282
4411
2732
7888
5449
1325
9472
9213
2081
1948
4238
6539
6830
567
8340
5155
7846
7408
8944
645
6981
3299
6519
9464
1936
5796
4398
2850
4758
3604
9652
1857
1507
3888
6707
3668
1950
2790
7115
1625
2146
4164
1951
8611
298
5279
571
6903
1205
2669
1458
6755
3946
4559
6743
6476
3173
2943
6657
3459
7310
9666
5122
3492
1179
6297
7680
2746
3100
2122
9650
642
5092
7014
8055
7626
71
6807
1375
822
2719
8312
2381
1743
4665
1441
1716
4968
9820
317
1279
5455
3177
6665
9789
9099
6734
492
2457
5592
1461
5358
7736
2765
5834
2534
7707
5878
5801
8676
8340
3507
4086
4775
8309
1708
8758
715
8627
31
1354
6387
6362
1512
3116
5744
3803
5723
9281
299
8640
2849
8095
3093
6657
9325
7592
6792
7422
8474
6165
7176
3388
5331
8670
8556
8509
1742
1125
3060
5864
9350
4450
3894
5335
5139
5641
8504
7887
9080
5944
8796
2347
57
1804
5299
4209
2103
4100
8607
2262
7162
1725
4506
9805
3802
3580
6748
1946
697
2794
4301
5397
5008
2761
40
2938
4325
101
7927
4606
6406
4598
497
7420
6229
9618
7229
7757
3327
8063
3217
661
1082
4486
8380
5082
4123
755
6748
5088
34
3913
2188
6448
722
4114
9278
1911
3713
1940
9377
5290
6472
5008
3983
807
5527
6804
678
3479
8233
2431
4849
6544
7647
7972
3474
8327
5003
1720
142
6659
4667
8950
4148
1996
8896
8466
7292
3025
651
6571
7993
2697
6707
3465
9738
4850
4693
3781
4578
9254
5656
9672
9650
3675
1035
1292
4880
2553
8958
6750
3415
9398
602
645
1514
9149
3918
5037
7574
1230
1655
28
9955
8255
3834
2070
7478
9503
8033
7851
134
4315
4961
1149
6585
1754
2020
6432
9739
8003
8679
6890
5659
2542
5506
8747
145
6008
3391
9254
1087
3376
5449
7420
7300
7870
1619
8810
2343
8643
49
873
9750
7964
9927
6403
1514
8528
5277
8597
2647
7529
731
2144
1341
2127
1479
2090
6702
8864
6680
7121
5693
4764
9125
3440
1071
9628
4831
9450
6929
8066
8328
8370
6853
6940
1679
6045
4522
8930
602
720
6534
1247
4366
5219
9011
2957
9949
5463
5780
7657
6796
1283
6899
6325
5472
2554
7336
2620
5861
5753
9479
5936
3131
684
455
9951
7885
8336
1499
3060
1871
9251
9214
5946
6723
7928
1536
284
6872
3462
9047
2583
5824
1552
8372
8865
2477
8687
4116
6034
1063
1868
8863
9264
5484
4730
7904
4522
1684
4655
8034
4842
4368
7652
8915
2829
8687
1122
1335
4783
9116
4540
780
9087
5704
91
3781
4290
3055
7028
1174
6547
8938
7046
1931
1208
80
4288
4133
176
8777
8783
2018
3992
5137
6693
8312
5548
646
9301
1742
2907
6686
283
6214
6708
9719
5529
3803
9309
7084
7339
8963
8674
3457
5580
1441
6970
8572
1586
3690
1925
2480
6020
449
5137
9255
5164
5665
8332
5387
9575
4167
4052
8833
1240
1834
4426
2050
4429
7288
7061
6232
8458
2190
8963
9217
1313
2707
9706
7667
3076
4674
3053
7756
4097
4946
122
3461
3739
5395
752
5363
4345
6935
9454
4121
8792
235
8102
7213
8988
1121
5808
6629
3348
780
9499
3630
4778
8934
5038
4793
6378
6401
781
8755
538
7816
6647
4895
200
5761
8124
8977
1186
5331
7084
4506
8285
5166
1707
4731
4793
5178
9072
4344
6284
1807
9709
811
2203
1630
8136
8690
1416
3564
4872
3430
7092
9545
2796
3545
9573
7744
5717
8411
7251
605
2739
7832
8093
5605
5117
9233
2105
567
2026
454
2360
4238
5725
5342
3495
9823
7918
2978
6498
7638
7362
2620
6147
471
6012
8855
7512
7507
3181
9299
8179
7498
3479
9751
6282
967
288
4835
8143
9324
6626
2690
5594
5578
8991
5832
8451
2477
8017
6414
3868
9379
7936
7143
6922
9431
5388
1933
4004
3582
7386
5597
8819
5181
2796
540
9690
869
1289
1300
8304
2797
2860
1024
1000
7690
4184
8496
6530
6876
9592
6248
1146
456
3124
1115
2701
2814
8272
1792
3020
6822
3583
1582
5754
3196
7190
8506
6831
5909
