5607
2675
246
3689
8692
2267
8488
2254
8434
5256
6686
3770
5149
8890
4729
1775
2260
1068
4688
7754
7476
7962
3351
5144
3888
52
7755
8851
7354
2187
8712
7525
6977
3673
5735
8782
7399
9341
2312
864
5261
8835
2663
2166
9373
6466
3566
1413
9267
3743
5959
3035
9818
1616
204
1204
4959
8890
3630
5020
2164
8011
846
4158
5379
1316
6666
5339
1532
4654
9095
871
5629
4190
8744
173
2974
6851
7737
8946
2870
5307
9098
1847
5421
5334
6475
7224
7454
1954
1665
3585
4472
7861
658
9201
8179
537
7730
9462
8682
8162
1787
2936
7048
7963
4386
9746
3315
8591
5516
7018
1024
3555
9149
4386
8257
3952
2600
4583
9634
7374
9512
519
8764
2428
6473
8848
1203
8269
3748
6243
5011
60
6998
294
9490
5744
2636
7545
4561
7978
3676
9009
3205
5323
835
4096
7932
4355
9079
1686
2046
9524
9320
2529
6386
6853
2120
9471
8841
8050
9971
3460
955
5809
3005
7351
3373
8911
3815
231
6380
1753
7310
8299
3401
4407
3552
7830
6304
4626
6219
7913
6166
5207
9220
2899
1742
627
7137
3492
2616
7662
7156
4735
1464
6628
1092
4445
6014
7262
2905
4542
4087
6016
2164
6203
8848
9899
2729
5431
4850
3106
714
3716
6062
8298
1169
3969
277
9211
9209
6721
69
4563
137
4519
2348
8922
3823
5085
9434
4896
661
7508
7031
2482
3763
2422
6334
2299
4913
7607
117
3767
9110
6794
6666
9507
7090
7824
3467
8496
2788
9259
2114
6247
4009
1600
2939
5654
8290
4763
9204
120
2064
493
7600
4595
5263
3472
2487
5451
6652
9451
2622
8916
9188
4416
6142
6469
6091
1043
3716
5447
8998
438
7189
5564
4741
927
9451
3949
2768
7643
8304
1196
9453
795
8341
1928
7755
797
3392
9775
5215
4262
9249
9982
1752
1819
4735
4243
5265
2126
7331
6995
8898
9205
1856
3800
9987
3815
3694
1810
3759
8480
4850
9871
7457
4260
7131
5381
2829
1328
1020
6043
3917
188
977
2792
6678
5804
2304
2755
1559
2982
8221
5241
1806
7742
1977
3182
9047
1068
744
2954
3729
7951
7406
756
6383
1787
9382
9597
2984
3390
9807
1267
3067
1633
467
9302
3154
6314
6932
9912
5602
9566
8726
1725
7789
8499
7635
8081
1940
7315
1839
9817
9244
380
1593
129
9979
8741
5722
901
9839
331
45
7835
4572
7258
7675
7342
9456
7655
3041
4374
933
7274
2113
7058
2514
4601
1202
9303
7774
3535
7285
6562
6146
9467
501
6233
3546
2725
3882
1504
3848
2203
602
3944
3924
6394
1676
6801
8804
5000
9755
5072
7076
4798
4099
7052
7219
7316
2939
6115
8570
5396
6366
7433
1481
7360
5592
1712
3711
3439
7002
3699
7205
834
8330
5388
1384
3685
8763
9382
7586
2433
9588
7548
9908
847
9551
432
2786
9591
1488
5960
5899
3558
9840
6995
6115
5246
5045
6474
6670
5367
3440
3969
27
931
8690
4060
5003
7808
2155
1006
1294
4374
2929
2445
328
2848
106
9394
3540
4775
6503
3676
3109
8714
3325
3012
5989
2010
6112
8347
5516
6194
4749
863
8095
5523
7653
5228
1090
8285
7042
7920
2011
1259
9191
7303
7525
5941
6968
117
1501
3288
627
6626
2125
3187
2217
7439
5699
7928
2349
5799
8477
9939
7064
2656
5491
6614
9287
7745
1920
3682
6418
1806
1854
483
1865
1326
542
3011
2732
2221
5761
2718
1847
2046
5830
917
6553
3016
17
892
5664
5874
3796
286
9699
6889
3404
7344
4620
3981
74
4371
4959
6700
8780
7955
8491
8038
792
3116
4876
1136
5156
8445
5210
9364
9621
8596
3873
8661
1266
4281
2302
2304
9989
9575
3507
6301
6654
309
776
4582
7187
3714
862
8575
8343
9375
1825
4563
7461
6502
5433
2927
6874
520
7597
9319
6653
6005
149
5991
2748
1700
122
7893
6260
4339
9164
33
5308
8328
1391
3758
2031
2197
9491
1306
9716
8602
7679
3257
9276
7061
7882
8400
1063
2020
1877
8061
3203
4795
6008
3844
34
4305
8871
6261
9366
1093
5329
4057
1452
4078
3654
3050
5027
9968
3106
6258
6711
3866
4905
92
9150
428
8321
5191
5151
6229
2359
4393
4074
5659
1023
5552
887
1476
1627
7732
6863
3137
2023
1464
7265
1227
8383
1167
9122
2197
1454
7179
5764
1057
2052
5264
2498
5070
3859
2647
7685
9071
4070
4703
6
4759
5053
7983
3057
3009
3946
2950
3282
8556
3058
1858
8382
1731
9568
399
9936
5690
8572
3432
3519
3108
4275
9737
1129
1714
4483
5781
1887
374
3349
8339
8652
4901
4136
9699
8930
8427
5942
4975
8099
3817
8277
1676
3033
2873
5052
1824
3218
4658
5727
3949
6780
9975
7994
9419
9049
2921
246
4581
6959
6605
1450
7017
5791
6904
4242
6291
8063
4983
6548
2883
8390
3980
4725
8890
100
1282
6679
6260
6028
2209
5293
3040
8415
2125
4733
8923
1013
7497
992
6041
874
6217
1209
5621
1059
6661
5935
7521
9276
7369
7177
2902
9760
8505
4101
5119
7556
3986
2533
3889
3472
2076
6983
5282
2107
4507
3648
9307
5810
9637
2340
2632
100
110
8484
9740
8381
7807
7028
1777
6973
4357
5672
109
5477
21
906
2128
1581
8333
8635
7994
1877
4038
3268
9449
9286
2261
8775
0
4067
881
6103
4164
3378
3632
3153
0
6449
7370
5061
4920
678
6078
613
9546
6712
3283
9576
192
6051
7062
843
4402
4796
659
1734
3273
5842
559
9431
2814
9837
5186
7773
9873
3510
1122
9330
2326
2962
5146
9669
7369
8795
3897
8612
6018
9101
6151
2435
3684
4602
5891
9051
9775
3579
8535
3794
1013
6564
5245
6274
1082
483
4907
8441
260
372
1993
1501
5810
1620
2532
6666
9369
176
6202
1961
4250
3113
8054
8270
5695
4822
8950
2398
4644
7254
4503
5883
7282
6529
8546
5934
8182
3865
8960
9328
6305
1938
9225
6357
2040
6523
9546
1877
9772
4377
8677
6568
4068
3567
5874
8206
9062
1371
8628
5016
9765
7775
5542
6054
835
1147
52
7774
3896
1940
7429
7910
4107
2051
3174
3118
3805
268
2259
2237
293
7017
7790
9302
3253
3779
8274
9494
7244
3117
2320
6445
997
957
5272
7655
4749
1415
6533
8150
9202
3671
111
9486
6646
683
5908
8748
2547
9451
7456
2980
9768
4774
4168
214
4466
7098
4727
7419
790
1775
3584
7042
6426
5585
8866
2866
9267
5929
553
3291
7145
8823
4209
1165
5687
1885
3558
4356
5199
1979
8663
8447
8347
1826
1080
9579
781
7527
2055
3361
7
1175
4662
7241
9431
5393
3607
4266
6442
805
2518
9663
5794
7287
1504
9527
4450
6927
5681
5544
8822
6384
6699
6289
3439
9586
2674
7115
4364
3279
2021
4620
3092
9655
839
5336
1168
7457
5035
8147
3798
9198
4206
7432
783
4955
1022
703
5706
659
1561
430
1098
6590
7808
6095
5738
9643
1098
6010
1041
357
7365
9455
1537
8501
4279
7474
3593
6147
1570
6675
8970
3194
3046
6936
7382
8648
113
3194
5364
1998
2706
7833
7568
2330
5643
2493
5104
6335
4196
2778
722
702
1611
9294
2753
9171
5097
