1777
3327
6835
3942
2200
1707
2849
3164
9238
8324
1132
6591
2272
5645
1289
9532
9475
983
1843
115
6530
3128
1814
3430
1627
3652
9162
3997
809
9307
6988
2931
354
8863
4584
2496
2959
7504
3155
6212
1820
5077
629
6589
6342
2473
8452
3061
2849
4912
1147
6844
3420
7413
2441
9933
732
8994
6662
9615
1924
7946
5361
7162
3270
9334
4452
5924
8788
7242
7529
1496
6191
1107
5334
5905
9601
9104
4819
5048
6806
2458
9244
7928
5844
1522
2034
9530
1803
3157
4173
9666
4487
8142
2636
8965
1763
2312
7692
2261
8616
4398
2470
5787
5652
9506
4755
1376
7733
8806
9483
3880
692
5530
3371
3020
1774
3090
3733
5442
9837
883
5569
2186
8086
3195
8690
7703
1436
7674
4851
9161
5154
5824
1888
2963
2189
8629
512
5070
1079
2847
7104
1225
4672
1139
8604
7163
9855
4331
7926
2631
9191
4752
1976
3898
3477
9028
9366
8021
9845
2175
5917
8513
6820
2404
4217
2851
7759
5952
8530
5726
1115
5214
5077
9008
2590
8793
4545
2714
6363
1487
3736
4495
1451
7663
2694
2120
7158
6607
3982
6065
1858
7628
5231
4452
1538
4718
6437
8576
7727
919
8620
3813
3988
4345
6704
8639
691
5921
2032
9069
4805
3172
7504
1789
2735
7108
7134
6469
8640
126
3388
640
838
1108
6508
8692
1377
7554
8010
2460
6655
6159
1522
4471
5079
8834
5139
9484
1313
9070
1116
3351
4706
4556
210
3605
4245
5076
9715
7752
4917
1303
7845
8279
6663
1467
2760
70
9860
6596
2522
301
853
7820
4409
5015
8983
9343
6051
5929
8797
5029
8249
797
2085
2204
818
2347
2259
7042
2252
2995
6825
9692
2749
4057
504
7878
791
1293
8368
6792
3850
3381
8547
8736
7364
3978
3912
2722
6468
1116
8604
9353
4620
2451
8995
6648
7748
9939
2187
2946
3754
6843
3425
6146
5111
7274
8205
2920
4238
4734
7097
5601
3678
9802
6943
2610
3863
1060
704
5856
9753
2792
5936
3182
7335
4316
3119
4660
3563
610
6787
4553
9619
2627
4609
2430
7897
2062
7722
8518
1184
4237
2274
501
1642
591
8796
3715
5878
7672
1776
9965
2055
8530
3807
2873
0
1117
3598
5620
2252
3274
4670
1146
9994
4384
2812
3026
5925
9081
691
6547
6673
6093
639
5270
609
3625
3853
6681
1910
9339
927
4621
9474
4956
7083
5086
731
7050
5971
8524
5259
9425
9311
666
3875
5846
8230
2162
8816
1328
2524
4867
1686
627
4901
2169
6217
7610
9000
1800
8010
9632
5903
5876
2238
9995
3274
1167
1195
1958
771
8496
1867
8858
8492
7420
7923
5784
5028
5860
1854
2789
5689
3563
530
8227
792
1954
1668
8344
9744
9587
8086
4076
8164
3158
4063
7236
6463
7938
516
854
161
4884
5634
7385
8696
7941
5469
1275
7402
2715
5650
9454
3406
1199
4825
8944
8875
1798
4086
1637
9336
4398
9775
9235
6243
6630
5816
3306
3517
3051
4794
7102
2818
9803
7874
2130
1702
2472
8485
7315
2987
7003
2913
5870
175
4801
5775
9119
9715
6327
6005
3799
6534
8237
6072
2713
2767
8858
4366
7505
9802
5933
9473
9889
2393
1787
2736
8122
8972
2841
7856
707
716
6055
8479
5817
833
9991
9513
4276
147
217
7587
1489
6525
5509
9829
5633
6845
5989
5733
7021
1624
732
5694
8884
1387
6358
144
4227
1869
8669
2144
9360
2368
773
96
5011
4678
4709
1546
5522
5744
4034
1285
8311
2257
5130
2122
6848
113
410
3425
8051
5613
941
3956
5067
492
7121
9381
3091
2253
5367
75
1390
3036
1351
712
1441
7187
4974
5222
334
9661
1493
8047
8078
8934
5471
780
1513
5438
350
4725
6277
4700
6147
7176
5097
1455
3776
8917
9469
2688
2364
7861
7744
4467
9794
3274
565
7740
6134
1186
5899
1455
918
549
8328
3503
9368
5486
6801
5640
1766
8519
5833
1977
6002
8476
99
7304
4295
2146
5397
3370
7711
1184
2875
7322
7643
683
5317
7638
5074
720
3327
4985
5416
8923
5115
5426
4666
1284
8460
8516
2708
3769
6801
2103
8895
4598
1501
6093
3082
6673
927
7726
9956
8386
9747
3476
3188
5551
2852
9539
3445
5622
7932
7104
7249
2564
9929
9730
3064
5011
7086
2694
7149
4127
9315
8700
4317
4985
474
9167
4237
8693
2640
6498
3952
1950
8427
8310
2962
522
8806
3672
7395
4664
1334
2855
3619
8085
5064
5939
7206
4590
6186
1809
5877
5903
3490
3067
9809
6490
9839
388
8100
8084
9610
6969
3798
5657
2664
9267
2840
6639
6543
9930
5489
3880
1522
4979
5715
8754
299
1993
4185
4089
2789
1146
8736
8508
4195
3224
2670
5644
9567
688
4659
6832
675
7031
1483
1110
1806
8992
6940
4980
132
9435
8531
8860
3652
6280
2005
1022
9783
8504
7412
3400
9714
7188
161
1913
9768
1703
4361
67
3936
3574
7533
8174
7390
625
9138
1561
8000
8385
3425
1739
6087
7536
8651
5448
4480
4665
6541
4431
5646
1780
2076
7328
3222
8820
8894
7531
6519
3660
9541
5683
3908
3275
4824
1778
1935
6377
2399
1590
1443
585
8107
8473
7902
4382
1119
2446
6457
6202
5983
5767
6534
8002
2612
2948
9493
1309
4633
6917
2578
9147
7110
4961
5887
178
7830
5983
4362
196
87
2321
9146
9468
3197
5793
6507
567
7171
8148
52
7456
2703
3899
7201
9812
2945
9080
1074
1124
3336
381
3071
7464
5761
9888
4758
7152
9341
7979
1955
3894
8637
5887
1755
3536
9261
329
9188
5905
9690
2509
7620
4895
1073
6159
9509
5007
9558
7680
7698
4348
6749
4229
9105
5799
5177
6100
3165
328
9791
8200
5359
3171
7446
9331
3752
4310
429
2435
8765
3135
7080
5037
1727
6154
3353
5398
9077
5751
6391
8289
3289
2410
1534
5218
1725
9004
1746
1745
2504
5359
2049
8203
7632
4335
6133
2226
9141
3908
2946
2708
6760
9348
930
9145
5142
389
9018
1301
8613
2720
6345
6158
6522
9521
9917
9176
2517
7179
3569
1964
6506
6377
3255
2759
3724
9567
2846
9951
9575
2398
8736
2768
5082
598
107
3156
704
3062
8026
609
7978
7887
1775
9787
5690
7430
4399
9403
9054
9112
7274
2696
6408
7593
7045
9890
6518
9845
8950
9054
6066
2567
1355
6730
7096
567
9464
6018
6495
8990
2107
6059
7270
4934
7949
8621
2653
8237
7640
3022
3341
6104
5888
4697
6133
435
8239
4302
6002
8438
8400
7331
5034
7316
9799
600
8021
5949
4972
9543
8056
6195
8242
7898
2879
9258
4680
3671
1094
5465
2876
4279
2517
5421
7703
404
3526
4140
7097
1472
6900
8278
7153
8562
642
6088
7272
460
9444
5067
6299
9128
7934
7881
1924
3280
328
192
1732
8301
3738
4142
2095
7672
6090
4012
2419
7484
7007
3768
5094
540
241
3546
9964
3984
4175
5000
642
9531
6684
5093
1226
8168
5782
4516
8131
2707
7381
4570
644
7476
349
9009
9332
5333
8128
2793
8409
4293
2995
730
9324
8789
4331
3380
1813
2880
1588
471
2153
8616
3902
2382
1020
5547
260
7574
84
3413
5578
1581
2092
6222
1986
1862
7265
7764
5163
1321
6317
131
4039
3446
1117
2241
1560
9802
9425
727
3510
9258
5344
4473
3023
8700
8726
7766
3500
550
3259
1674
3099
4494
8848
1969
9566
6080
6089
7047
7168
78
1889
235
1359
2401
8015
3234
4475
5870
3764
9415
1529
1172
7005
6032
9460
2450
7467
6716
5361
3638
8812
6664
3357
15
1445
689
4213
4756
6639
9907
4241
7869
1628
7328
5519
4383
7940
7773
520
1702
8976
1126
8000
6314
4146
9618
7167
3908
8831
2353
8615
2858
1322
5793
7490
2646
7679
6912
2858
725
392
4876
2852
3179
2127
7910
1386
3827
1313
4454
7811
7204
5963
8055
3777
4992
2420
5539
9446
54
7751
1705
148
2855
7963
4442
1776
4901
2112
7556
1858
4536
8169
3894
5772
1450
9536
6050
2980
9698
3610
4912
3216
5246
4281
1327
1469
3097
7928
7318
9196
2460
6518
6425
2138
4128
7266
8119
3530
6178
239
5968
6929
8096
7604
9092
1693
1872
9059
6375
979
1359
8563
5856
3364
9782
8541
6449
8267
5577
2096
3249
9509
4778
7057
8692
2221
7594
3906
8876
1796
2896
9117
5193
1914
3554
1086
1052
9483
5487
4571
1993
3625
9983
1808
3563
6881
2658
2331
7265
7117
3605
5489
3286
6294
5172
6107
2702
9731
8169
9440
3340
6658
1874
784
7937
226
9489
3403
8720
8347
1053
2876
6892
5706
5173
581
7250
5229
2533
2984
5379
8407
8897
7391
5562
5825
4574
1240
4636
4686
144
1889
5949
1449
6750
8492
2926
2412
2594
4447
1748
3695
3980
779
8805
4716
1846
5750
9388
43
8018
8327
7260
7999
8080
8909
3648
812
956
4381
913
7459
6180
3847
3665
3579
2215
3012
8900
5582
4648
1501
8958
4205
5730
1259
9383
4945
3141
4358
5819
6367
1999
2652
9519
7895
