5481
8795
2594
264
237
9527
2484
9937
5034
11
5391
6413
8695
607
9089
5201
5232
8165
8127
9471
2502
2426
1175
220
9978
4616
8782
1036
1297
8761
4411
1865
8373
4519
6175
611
7833
9966
623
8033
8710
9394
1359
6389
3590
2813
3869
2222
1292
9808
6263
7319
4814
8987
6490
4621
1265
6232
8217
6653
1296
722
9542
7500
3528
4963
5984
4528
3730
8362
4041
3452
8478
1100
8130
1369
4904
8641
7669
8319
362
6255
6079
1507
5214
7028
6376
9882
6414
8844
1904
5052
106
3011
7096
4852
4725
5364
442
4948
4749
6912
1830
4165
2085
5323
2955
6939
8848
8032
6030
439
9420
2788
1721
1319
2345
8696
8531
5880
53
1960
5752
6859
3733
5936
7797
5717
1026
3263
1922
3201
541
8691
6428
7456
80
2276
1278
8097
5619
7885
3323
6635
3032
7940
9723
4423
9060
2139
7584
4106
778
2463
4947
2928
8837
1342
3552
8757
7617
2181
1131
1356
3911
4919
3197
483
6883
8442
9023
253
3812
8044
641
1423
4496
2003
8888
9847
7329
8785
3618
6853
4816
5190
6807
9053
2396
9168
2046
3029
1847
429
5321
8586
1118
2305
718
703
8915
7875
3282
6901
4120
7537
7076
3894
8505
757
2340
2250
6759
7151
2446
7181
1181
2417
6711
7576
4833
5994
7522
7900
6136
6026
512
8797
5062
8900
9138
6379
1346
7905
3356
6827
1298
2769
2695
7572
6999
701
3555
5798
4183
9720
2968
2565
131
4772
6935
7556
6213
2928
3234
2891
7704
5935
7668
7019
1284
9092
9358
7880
1780
25
319
3653
7046
1375
1392
2078
6526
6800
9961
7438
6055
3520
8979
6625
9352
2946
8699
6292
5918
8183
8320
9321
843
481
1001
6102
5771
7109
9206
2589
9039
6815
7761
1142
9401
8160
8128
1128
690
2674
4043
9782
2731
1884
8068
1830
3438
2720
8056
8478
7152
7234
5408
3768
8581
9364
5636
8404
6656
9788
3277
2619
4278
3223
101
4481
4926
8454
2414
2341
8567
3303
7675
8931
9190
5439
4015
6632
8522
6066
272
469
5037
1189
9943
8732
4186
5563
5639
7911
8534
8540
8824
1417
7213
3076
2207
8284
9177
7079
6172
5145
9969
9234
6543
7
1308
4285
5463
1690
7376
4748
9129
3004
1196
3685
7529
1482
9486
8956
1416
5589
7025
4361
1659
7769
7383
1579
115
2314
9967
5798
9598
8730
5044
4248
490
3047
9505
9402
1617
9713
1412
6482
118
7161
3918
6117
3818
8325
5476
7945
7466
449
5142
2984
2697
8815
9706
8576
4934
6767
8900
9080
8842
4441
4243
7229
1376
7671
3355
3355
3393
8032
5994
7927
3963
7119
5641
3033
6189
5186
2
9863
4913
3022
8009
6588
2631
224
1288
6983
554
6094
9354
1872
8834
7292
8036
6549
7685
7035
4507
8467
9706
5612
5350
2128
5932
2386
4129
7749
8791
4549
4890
7497
2642
98
8444
1193
6425
5616
8070
916
2661
2381
6392
5810
6058
3799
3465
1492
2046
7863
8695
5238
1105
6440
7148
6561
4525
5894
4729
3662
2075
6001
9218
9925
5903
7136
5493
6019
3106
5730
4616
5466
1674
2799
8511
5554
3896
7037
3975
7005
93
3536
2530
937
298
7481
2079
910
8659
9919
6213
3895
7582
2202
4860
3933
6238
1131
5704
6767
6327
7786
9010
5230
9693
7432
2277
4501
9662
8979
8914
6437
1432
8536
2897
4654
3672
5586
4997
9098
6112
3152
4170
7460
6276
2101
7101
8934
754
9401
872
8976
3051
5533
1976
836
1250
9420
9741
9677
2336
2749
2654
304
7218
1492
3031
9147
4304
9912
4704
7531
7642
5599
3387
2122
6721
8630
9545
1524
7183
3277
9481
3546
8292
1247
974
7872
4542
4527
492
3313
2116
3102
9615
7634
2671
5929
8488
5364
6773
9774
2470
6643
8836
6639
4956
8235
3976
2832
3956
4347
5593
427
4608
1393
7156
6659
5000
6517
3763
1269
2853
7234
7820
9530
9977
6047
3507
553
6025
8219
9949
3289
8377
8535
8450
7012
738
109
4813
3288
3458
9326
5876
4919
7408
266
4831
7598
6122
4520
1799
8578
7949
2998
8828
1238
1296
2522
5410
9017
734
8022
8745
637
46
1690
6376
5042
9712
9412
1766
5617
9031
8722
4724
5781
3293
5288
9162
3091
3479
8173
5085
4026
9271
3088
6889
7445
9736
6680
3777
6510
9609
3833
3040
5405
9
4482
9851
430
747
2322
6197
5520
54
6907
6366
3433
4764
2480
1289
5351
1445
8392
7753
8769
519
5012
5847
9564
980
5565
9330
3114
7025
8950
9076
5965
4638
2113
6589
6746
86
1565
335
7304
981
909
2917
2727
449
6132
6176
5165
9174
205
8079
6571
6242
6599
4074
7887
8058
7292
2123
9411
3927
7395
7210
2226
7137
7756
756
1499
9718
7593
8199
3246
3942
3564
5789
9267
3502
9034
7426
4650
7152
8415
9619
1436
8987
5004
357
5425
2364
795
6815
3435
6241
8867
3094
4176
4790
8070
5731
7733
4110
7352
1842
3845
3711
5307
7530
8817
9994
4789
5764
7985
7829
9251
2762
2969
6423
567
7773
6391
9840
8076
9170
8936
8754
2938
1419
4986
5808
3861
1726
364
2418
3152
6612
3506
3186
3167
2960
805
6518
1226
7209
9511
8666
7373
8390
8452
505
7212
4789
2772
344
676
4649
5932
1855
8893
9582
4965
4901
4171
7241
404
7175
5460
3488
3464
6772
3932
3443
6803
632
3068
9382
6287
4803
625
1837
9954
6614
9328
4355
1772
3129
5943
102
1629
1995
8575
2962
8180
3031
9165
3736
8642
336
9448
3963
3788
8745
7093
5048
7567
9443
9343
5871
9774
9540
146
9890
983
8256
8966
2793
9589
8215
6696
3919
9982
5819
4756
9180
6411
5900
8207
9552
6008
7569
5473
3065
2626
8565
5744
4305
2349
5740
183
3064
4680
9857
2821
9033
6152
6462
2226
7755
5232
1030
1517
3734
7154
850
7104
5856
1184
5670
5909
1508
4603
7199
2354
3981
2637
7660
8063
692
9602
4038
3640
8820
6928
8926
1790
5798
8759
5553
8665
2334
7859
1322
6536
1777
95
1604
4616
3697
7588
4122
8786
4935
688
5630
1887
8940
6561
7618
4999
6580
9824
2278
7431
2664
7034
2718
6593
1998
5849
9023
9885
5398
9554
2503
6222
1427
4648
374
1055
6613
6318
9180
9884
447
1977
1
3452
8986
1859
6203
4892
3093
6156
9919
6232
6871
4363
6311
4898
3827
243
4620
1156
2678
3633
7024
5538
5873
4081
4507
1449
8221
1952
7328
4005
9135
7035
8396
2558
1898
9767
3018
9697
732
890
5205
2829
7318
3143
635
5876
3275
9223
3995
6802
5028
2738
3259
1098
1629
798
5528
6059
9856
398
9274
913
860
9659
1747
9480
7121
2608
9349
6396
6715
6895
4365
364
9689
1249
7168
444
3273
3723
9808
9434
4721
1644
7338
6520
3340
7522
3808
3640
4960
3533
1758
6438
2856
8315
9643
8190
1539
3763
9406
2703
1688
4013
922
6664
1923
750
9416
5038
3265
6993
2800
2143
9748
785
2979
5713
611
4371
4263
3124
2274
9216
1536
3302
1305
7745
664
2677
8739
3059
6699
671
3141
505
2225
3189
2841
7441
3160
4142
8775
127
9966
9944
6143
2613
8024
3193
4357
4580
6658
3651
7177
8636
5508
5398
2401
6431
7308
3552
2646
6708
3694
2832
5496
2984
8101
5256
9711
5919
7268
1632
8431
1527
3646
4166
2087
9629
1678
563
4246
1529
5988
7482
4650
9973
1261
9898
38
3659
9358
1107
1936
4428
7420
8933
8660
3276
3898
8627
5768
3643
1376
4647
3230
1471
773
9759
863
3341
7642
6261
2954
2534
2066
1388
7561
5614
9169
3750
8395
5144
751
9602
9764
9340
3769
3331
2430
5547
5653
4684
9257
5946
9552
7224
5142
4266
9382
9190
2748
5976
8750
2401
5157
3119
8239
9981
5753
3931
9490
8013
7493
9
1253
2594
1575
5067
2457
2158
9240
1287
8826
2903
1606
1791
3656
8087
6077
1851
2582
4655
4130
290
1166
7724
8748
760
255
5634
7631
145
3733
1989
4598
1748
9060
2070
2684
6411
1504
3850
4647
6454
8091
2727
8882
607
796
2919
2534
7704
3432
7839
7316
2944
5616
8458
9025
5461
615
5870
4431
1620
78
1664
2244
4300
2527
2402
7592
1008
6834
2155
5344
8107
4478
9232
9682
1629
5888
6206
6149
2180
3633
6217
9335
3398
2631
4334
9578
2506
8475
3701
7932
7783
4002
6882
8449
4820
2970
4459
4607
8095
578
2500
6534
1561
8967
1702
8186
2430
9383
2958
1694
994
5828
5841
1423
9079
4839
1709
6266
3931
3277
9899
731
8127
7555
2961
5315
6850
4825
1700
4901
2827
5446
5434
6029
1510
3433
1533
9869
3733
6327
956
6374
5832
9717
5388
6687
5128
1507
1835
7765
285
1235
8341
1024
5647
1013
79
8061
9481
5809
209
7693
8665
5905
1537
5945
6356
760
6698
1568
6935
3282
2876
3999
1049
7321
4796
6572
8524
1889
6108
3807
1106
6353
5046
6174
6604
5070
2529
675
4093
3622
1526
812
6125
4486
7997
5583
8409
3241
3648
551
6152
365
3521
5743
9673
9219
5991
1850
6920
4467
244
4573
8527
1594
7458
5386
7609
2689
4923
8234
9794
3595
9416
1157
6074
4090
305
1905
2696
143
2132
1589
5675
1964
3169
4009
9964
888
7505
7004
1855
6894
4486
2241
4872
8370
3086
343
6203
2322
9073
5012
8315
52
1322
3117
212
1762
3731
8501
5285
6270
4872
1151
1956
8915
7086
6657
582
7307
8220
9143
5606
1703
855
1937
802
510
7308
2939
8757
6324
8775
1975
3022
5094
1872
3240
7040
2928
5445
6733
5635
9691
1794
8777
1945
310
1981
7739
7002
7664
5150
4767
7136
9184
9259
7536
2863
9377
2434
9336
7404
733
1616
7349
7374
9204
2015
4746
5010
9001
2779
2543
7640
1401
8293
4630
7707
6761
2273
9660
4782
3740
3978
2951
3442
1454
5110
7810
4292
1711
1332
2882
2403
1055
1521
1988
4799
4690
5610
182
1165
5441
6603
974
103
2269
1702
9643
8352
9648
6944
9142
549
2978
805
1924
8111
1796
9451
8251
7926
7549
9604
1470
9071
3199
3598
5111
4373
7429
4485
9201
614
2236
6360
9999
1316
