9810
4460
6997
3469
5848
4289
776
7674
3319
8368
5945
8111
3249
8535
580
6701
2861
1994
1085
2988
7775
3353
2757
2379
9941
3181
2232
4129
1264
4129
934
5394
1949
669
3885
4045
8431
2589
5903
3426
1403
4848
2581
8577
6272
4892
864
5597
3121
4175
6663
448
3136
7825
1202
6168
7848
6869
578
6799
8247
3342
7147
5944
4758
7406
3263
1701
2087
7418
568
9222
1962
553
785
8108
8764
4619
2129
4011
7948
663
2966
8925
3035
364
5354
5476
9488
4841
9604
5000
7205
6328
7310
2750
913
5156
8910
6409
8899
4172
3172
5434
2215
3088
815
9443
4681
3384
6780
8618
6627
2644
4540
6633
7892
8142
2800
4818
8656
7548
5412
2239
4590
9105
165
2167
1122
1347
9072
6445
5079
9559
8025
8995
5416
7656
5781
220
1931
6311
6148
5870
7754
7149
6046
2982
7568
2027
2025
2454
7373
5506
9316
7353
358
4079
2499
5287
8796
6206
2472
1668
1271
9871
4010
6899
5150
4550
757
9177
2678
1404
8094
8156
5765
6820
9872
105
3249
5064
1560
1652
8730
9568
3561
74
7489
9572
2221
5123
996
1226
9274
8612
3175
2425
8668
8928
8608
4830
8852
8430
302
1723
5533
982
2631
3469
4198
358
4093
8679
9105
9505
9613
7466
3128
2758
7316
1734
9750
8430
3693
4890
9065
7871
1611
7399
2466
590
9680
9539
4150
6465
1192
3289
9733
434
325
9677
1700
5536
9751
1965
4457
5808
8759
8451
5331
1856
2353
9560
3075
5068
6012
2083
1082
346
3720
2846
3073
5407
1026
2649
1599
6245
8726
1736
9947
6244
9650
2279
5998
1132
3059
5166
7939
1381
6463
6224
8095
6366
9534
1213
3831
9426
9861
7928
8754
6984
9136
7394
1580
9
5980
4709
1891
3101
1150
5645
1330
7838
7827
6608
9560
5006
6853
9759
4404
3749
9607
2660
2495
4258
8238
1707
5286
6418
7468
718
2835
2655
9
5176
3319
5039
6704
3051
6118
6926
7043
6732
3919
5062
2444
860
5830
282
946
8274
9087
3074
9284
8756
8441
4945
6837
7413
3109
4274
8900
9400
6978
817
7750
6690
7927
630
8546
4462
3532
3196
2921
3194
3413
8223
7937
6622
7275
8884
396
7069
5385
994
2809
6499
1920
3374
3223
1807
9927
1894
5729
7323
1075
2323
2811
8246
9407
7697
9704
7122
5432
3706
325
2489
312
1998
69
6826
2253
367
7721
9650
964
9705
1019
9846
7271
4751
3720
7229
7137
1920
8201
7834
8794
3257
2956
854
8148
9332
2612
540
4048
4381
313
110
1805
3125
1308
9862
6846
1264
860
4022
2023
1114
6446
8257
4548
5350
3405
6930
8742
406
5022
4378
7483
8662
1854
8776
4825
6003
7818
2864
9302
5498
6635
1438
7415
8314
6780
1107
8227
7019
2377
6814
6819
24
6646
9463
8377
3144
1977
9492
8794
5707
8421
6910
4970
8016
5219
5630
1666
3811
4175
3489
5168
4386
1837
3099
9291
2417
295
4279
9472
9972
4420
3308
5599
90
5702
2092
5436
1689
95
822
6274
7620
1825
7403
7786
9417
8225
9214
3844
4662
695
2100
4720
684
3685
2138
6124
5740
3666
7366
9418
3454
4913
4262
8844
9073
2771
6453
5311
1117
9637
2172
9105
6691
3751
8021
3585
5398
1403
5770
5394
4787
6358
2188
4907
7579
6534
9968
5486
4465
7856
7683
4915
1119
2213
4031
7328
787
560
7189
4567
9815
6047
7498
4668
6478
6075
8383
513
1226
4981
8376
3505
5419
9007
8174
7189
1954
1941
4255
5206
195
7542
2211
832
6841
1939
5482
8734
1619
3554
4913
424
3900
5551
7780
4854
5977
9456
6445
7008
6459
7251
7482
1924
5348
1255
6189
9778
662
7060
61
327
4375
2792
3529
7988
2689
4974
2701
3371
7381
5357
1469
1414
208
5418
6574
2212
9590
7739
2932
6784
7355
4074
8406
4495
3745
6290
1982
4806
5563
4984
2556
4774
3727
2521
90
597
4634
8588
6699
4570
6638
7540
652
8469
1671
965
5100
1576
795
3024
328
3430
7007
9708
4495
1463
1334
1763
2612
6149
5636
7334
9122
3878
8673
8590
4794
6102
4570
6832
2567
8176
9761
4780
7027
4872
676
8179
5986
7257
3467
8898
7308
9126
5387
1487
4537
4959
8200
7103
9732
8658
9751
3505
66
2555
3713
1675
1676
9242
6419
5951
3415
5904
818
1753
2085
4757
4812
8632
3716
3000
5018
5286
5845
4852
2642
4870
1383
6444
745
8905
3010
627
22
157
6143
6234
1729
6019
644
9335
1258
5419
7374
8606
2486
3358
2967
1407
8835
952
7383
3051
4493
384
102
3908
426
7877
1983
4145
4479
1638
7969
1435
7718
7486
5647
8246
5671
7723
9639
7183
2067
9402
7872
9759
5679
4944
5820
2345
2669
9047
9325
3158
8823
5283
8948
5850
117
3072
1460
4338
5006
8186
197
9597
3402
5737
9109
5508
9558
6503
1192
7095
6417
1134
6976
6278
6547
8691
3609
7752
6446
7833
4187
5372
4044
3796
2962
2922
7320
6347
2122
7092
7545
3001
6803
3294
2328
9312
7220
3367
4290
7338
8044
2179
7161
5965
6468
6599
1142
6218
5729
7553
6169
3955
8325
4817
5617
8615
9653
5143
8662
5835
3813
4090
2900
5094
591
7778
418
6665
18
9556
1712
8297
7879
5560
9168
1786
1167
8103
8266
9242
1257
4534
3715
4824
3408
938
8169
6319
2224
2231
6629
2210
265
2809
1011
2694
5948
5950
1853
6838
1170
2030
9011
1895
3468
7704
4871
5418
8101
7210
4469
9159
2116
4380
1104
9947
366
2602
9880
4129
8312
8076
6823
4662
1130
756
7306
9628
8398
532
9133
2733
7048
2137
5023
9930
6400
2375
6005
31
6170
8691
1930
2916
823
2551
868
6115
6468
6869
8994
6448
5104
3692
7729
7178
7308
4432
9342
8781
9642
5769
6502
7377
9144
2618
8633
7251
3510
9515
2252
2174
706
8726
3774
5926
4501
9963
7987
7441
3815
3248
8620
4098
4429
6361
2903
2514
323
6463
18
7277
596
4240
8555
1383
8566
1876
4611
7257
2435
519
4322
9836
3937
9879
2404
7617
7123
8220
5216
3994
7305
4575
4473
2392
6803
4680
9309
1762
2979
6520
2715
7791
1807
9679
7745
3537
6581
2139
8724
8078
682
4911
5705
8220
475
9691
3376
9560
8021
9997
5392
7859
2959
1364
1037
2729
3813
4141
9030
783
8656
3228
8539
1720
2000
7609
2476
4341
9947
8484
6749
1431
6528
5766
5206
9394
9524
8614
8646
1648
7678
2628
9959
3310
8670
1029
9724
8679
3927
3324
8887
2235
3774
2450
88
1052
8330
7393
9504
9029
8635
1619
6292
5816
856
1121
7340
466
4816
6027
8186
3548
8034
7780
3400
8081
5176
9750
8155
871
2046
505
4372
6236
657
331
8133
335
4898
9405
5169
3543
7529
2602
4395
7780
7047
6837
7024
8464
9508
2894
849
5154
1830
5152
377
9551
3939
4490
6845
973
8014
6408
545
8501
3565
7181
4951
6532
267
4543
5522
6334
8633
6735
6185
9424
4512
6388
4967
913
2450
2499
8190
2307
1054
5101
6060
2156
898
6037
5254
9052
634
3724
2786
8874
2422
715
5857
6959
4058
1581
2456
8655
3600
198
8239
7487
5000
6579
1810
6759
1183
527
5782
582
4429
3392
1750
540
6056
2060
3483
4505
6182
4539
6266
5583
2416
9178
4807
6182
3491
4969
6967
2444
6768
2338
9475
1510
1474
1126
3928
9480
3599
518
4652
5277
2120
5819
9355
4868
3547
5778
1439
5895
5944
999
6094
4345
4944
189
9965
3691
7241
600
1122
4810
6766
1527
6760
8169
707
9345
7964
3111
919
9611
5748
3117
1362
8611
5486
8230
1165
60
4470
6123
129
118
8194
6026
8072
8649
8744
1362
7360
7438
3519
9294
382
2202
7090
9964
335
2584
673
9640
7449
482
4530
9225
256
2220
9141
2568
6740
9965
7541
3801
824
3706
5321
7272
4701
6593
235
8177
3917
6975
3568
5611
3236
9118
9094
9266
441
6703
7516
8383
8010
9104
9402
8503
1413
3850
2514
1277
7619
5177
5870
900
8606
3384
3689
1446
244
1289
7802
3770
9716
5167
9962
9573
3540
4424
967
8607
549
6889
7361
3073
4975
5048
3105
7816
3078
416
3642
9385
6046
2645
9399
3777
5370
2485
5796
7255
4351
8934
137
65
5720
3825
5393
1744
899
5851
1513
793
9384
7580
4307
6464
8378
2078
7946
8003
5382
2132
8528
416
5896
4772
7492
6948
3645
1267
3871
3922
4868
4699
9773
1868
205
843
9096
6144
2787
3003
4912
1602
854
1067
904
8882
6464
2359
7514
5738
2314
297
6858
4471
4359
1211
7463
9297
9422
8902
8446
4968
9605
9325
8985
4589
3336
4591
6469
6746
7833
2061
3873
5967
1042
4857
6722
1706
4838
9878
8707
3458
7061
2754
8266
5696
4030
9981
6054
7499
399
3492
3204
7614
1975
3007
3281
2696
3453
8787
1098
6032
2186
468
287
5923
7777
8667
214
8316
1582
5728
2955
1854
2940
980
9237
977
5489
4894
3780
8358
2452
9664
3895
9977
2687
7589
1338
3538
4319
4361
4812
6504
8216
853
4270
7315
6614
4629
392
3628
9918
840
5861
1363
1475
2132
6223
3549
5700
2307
5878
4712
2354
5966
1753
9276
1776
3348
7111
8239
5027
4503
5551
853
3609
6819
7875
2995
2229
9963
7195
7566
8712
1395
3462
3397
5933
8948
5611
2296
2299
6879
7070
7411
589
913
175
8667
4685
431
1916
1619
8972
5759
8662
6843
6303
674
4609
8294
692
3682
5460
3351
8770
9923
2193
9752
9438
1097
9103
7734
2890
3959
6578
2764
3944
7759
9292
2506
700
427
1517
4593
1023
550
3446
1678
5360
2087
2556
289
9844
347
2983
7961
1439
5439
6410
6351
171
7079
4989
1099
6581
4622
8710
646
4679
3450
8646
1997
5295
1515
9535
9246
4575
1152
9347
7555
2270
1509
3432
8520
2460
4221
2056
7418
2994
8313
7989
7742
4920
3922
2010
4588
4048
1800
8284
6182
8527
2663
8447
8328
7548
4819
3973
1918
449
6033
1985
8460
767
4401
4298
4782
4798
4107
3467
1533
6881
7013
3223
1467
3368
2846
2074
1051
9967
6490
9754
2096
3732
3323
3532
6192
8886
8808
6547
6132
5800
6716
2484
5455
3557
3870
6021
8152
7806
2233
4787
7942
7135
2167
8275
1416
6015
5551
4480
4846
326
1271
339
2871
3641
8952
6033
3975
3120
7597
1358
1781
1097
1591
5695
2255
8502
6129
3709
1786
6561
5594
3829
1146
6831
1668
3821
6473
8498
936
4417
9432
9273
4852
9563
7696
5619
3459
8721
563
5120
6487
5545
9556
7112
4709
3607
3888
7940
9516
9991
7655
1402
8628
3685
4475
3383
399
7177
8964
4005
9743
3089
4365
8268
2164
4567
6159
2693
9104
7202
5287
9945
4921
232
3526
104
713
5760
1062
7589
2006
4037
4820
8254
3881
2119
5183
8730
1821
8332
7563
3851
6918
7524
5265
4643
3596
3706
7319
4227
5138
9126
3543
495
455
3327
719
3245
7465
3902
1253
6700
7680
5326
5765
9697
4830
4175
8808
1788
7009
2393
5554
8041
2723
2014
7769
7059
8015
7688
8701
2035
447
7666
7320
6566
2726
4499
8851
7180
2903
4724
98
4141
3456
9363
8029
7926
9399
208
9500
2273
7312
2421
6127
338
5336
5586
8231
7662
9393
886
548
7399
7802
9306
572
2546
3017
4839
5653
9657
1496
6712
5855
8571
1258
2746
9313
9409
2104
8895
1374
2189
9869
1378
3956
9675
7610
3813
993
3849
2758
3703
2706
1651
6710
4129
7625
4503
7605
9391
2698
4167
8576
3180
1346
5356
305
1125
8821
2375
4069
3776
3938
452
5932
3526
4773
7016
5197
1243
4154
6729
3748
6191
8649
2252
9641
3948
4658
5096
8333
848
2581
4954
6963
1445
5438
5683
9449
2859
3020
1404
3554
5847
2333
1658
5698
4932
8520
2075
3541
5464
4870
9184
5596
8946
5661
6885
4133
1167
2331
6123
7910
9884
4251
8327
9589
1702
5655
1732
1511
3677
