8194
1996
5494
608
402
6979
5812
344
3146
5189
7361
7238
6150
6743
4222
1414
4844
4308
136
89
5468
6736
3806
7389
8129
4538
5840
4839
5641
382
1394
6176
4385
2709
3536
8169
2650
9402
7756
6508
4424
6617
9875
2337
7528
7141
7854
2106
3153
7670
5957
4044
9332
9422
6877
3610
1838
4839
2145
9647
540
4795
3502
5560
141
7166
4153
2412
5523
5996
3180
8665
3107
6699
8669
6668
7853
6509
3311
5580
1525
7860
8833
7779
7695
5169
2293
7882
3050
7900
3724
192
6131
6234
3708
6775
7770
4285
2307
3772
2641
4638
2373
1953
1377
9247
7074
3480
3591
9376
5443
8158
9500
8801
194
7681
2306
9503
5609
2352
442
5676
4867
5597
3122
1967
6271
1793
5899
2469
7524
8845
7689
9059
8286
7929
9268
6218
5941
2091
5340
5285
6094
1733
7177
5921
187
2795
7184
2105
3710
8447
5201
3518
3868
1595
1197
3679
4988
667
5990
2187
3774
8196
5870
656
9704
869
945
30
4108
7160
5311
734
7637
1989
7409
2504
7424
7252
9181
1382
168
9452
8133
6595
6281
6717
2521
5214
3046
9254
7677
7841
759
5156
6453
249
730
249
5388
5169
4633
836
8660
7295
12
6306
8808
843
901
8128
1614
6920
7930
2748
8312
4080
5952
1192
937
6576
2834
9993
6533
2781
3809
146
8225
545
5653
4616
8473
2086
4178
6754
8720
7838
4166
1280
7490
6493
6046
7156
7942
179
9145
1649
8767
8042
8324
3326
5857
2360
3876
8855
7137
8193
2354
9633
3334
6669
2960
440
7707
4849
1114
5015
3238
3501
1832
4386
9506
6385
5648
4211
8521
8493
1496
5968
1006
9139
5033
9542
9142
2667
1663
4532
326
4195
7948
614
6872
1041
4733
5307
8359
6503
293
902
874
2305
1573
6206
6606
7341
5853
3714
8347
2696
2491
1357
9272
9745
6194
8113
3019
4924
2855
3683
7513
6566
5461
7027
6475
1856
6000
6103
4001
6538
8310
115
5185
9453
4946
5975
920
6676
6106
1044
1393
904
2968
892
2707
8455
3157
5749
6404
7249
6785
1242
5660
2158
3696
2639
6852
7679
430
4110
8573
5951
4611
323
9677
8454
1506
3920
9333
4027
6043
7278
654
3090
5024
4625
3713
7561
5301
9766
8741
1771
7792
8539
6499
8064
4704
5723
2566
1042
1499
7926
4495
763
9439
7465
3060
4752
3113
7870
7592
2564
5380
4883
1958
7338
2698
3135
455
2604
9062
9319
4003
4097
8585
3788
5588
5806
8075
3053
2918
8284
4474
3297
666
6769
3982
9321
1098
174
733
8534
3287
6021
8874
3495
3486
7716
5303
9052
153
3250
8300
5884
3025
2725
656
9439
1009
3886
6484
2985
6966
978
3871
9828
35
4645
2772
2888
4065
1781
8640
4458
1268
512
751
8543
5400
6659
4462
8107
9338
5313
1483
3866
9779
3660
3016
3785
975
4403
8111
8658
8764
9127
5375
963
3406
8987
3813
9018
815
8696
6662
4719
644
4059
1384
5358
730
8028
7313
1679
2895
6796
9271
2084
1390
2281
7174
5790
8370
5328
1264
4892
2859
7841
4174
7314
239
7576
1781
866
9383
2525
6996
9529
8810
777
6265
4376
4472
2787
8948
4413
8428
4134
1620
9982
7493
6753
6653
1330
6078
8620
9386
7900
2584
1057
4111
7604
25
5646
5432
1492
2318
8454
2829
4924
6108
1950
8039
6290
6644
4539
6572
2378
2933
710
2582
7549
8876
8696
4641
1849
7366
4104
9347
5173
502
9822
4071
4975
4433
9443
6194
7844
6791
6295
7766
4428
2924
2719
9076
5583
52
3097
860
9944
5742
1901
1921
8884
9927
9986
8072
8071
6111
5433
926
6172
3529
4778
6249
9014
3675
9242
9079
375
374
4918
6243
9388
1199
1870
6166
8612
5516
8848
9177
860
8362
1472
3481
3256
4955
1282
2403
5183
1261
52
7695
611
9141
4154
7882
316
2571
7191
8555
9985
1471
6612
7447
754
8249
5617
5743
6420
1806
9622
2343
3450
1406
6388
6722
8860
4667
7628
5673
6727
9252
4876
3818
9313
6383
1506
3101
87
6501
3678
8498
3173
4598
1336
8342
3296
1342
3403
3125
7508
8592
1181
553
8246
1246
7419
3248
7589
171
7670
540
9009
1607
2340
4819
6296
7962
581
6487
7545
7868
9459
9808
4647
8560
9812
1269
2092
9313
8640
8506
8039
6789
1977
1907
2451
3630
2779
1911
7222
3487
3458
1824
8819
492
5810
2510
7084
8906
7368
9323
8727
565
4427
2105
4491
8400
2045
5928
9560
8327
4308
5332
6721
977
4239
7258
2247
3506
247
6203
1795
2876
4821
3114
8015
8501
4410
1183
3665
6307
9262
4030
4165
5076
7672
4034
902
6731
7399
5122
3129
9396
4299
7061
1463
9225
5795
6978
4757
4509
6916
1985
6689
5493
6210
9677
4122
55
4510
9722
1196
9274
5884
4947
6887
8749
8656
3997
2076
2484
4677
1240
8740
44
5033
9139
6236
4976
3512
7566
2320
6420
6484
3035
5539
8638
6222
4094
9688
2565
1588
6868
2177
5506
662
5407
3889
8595
8854
9503
4608
9854
2828
9197
507
307
6595
305
7013
1882
308
4643
78
4171
6876
6942
4573
92
541
2784
7517
5429
3198
6863
7906
4303
5952
4806
7111
9259
6270
5996
5510
208
7055
4710
7171
7596
4956
8034
1557
7867
4712
6852
5857
6582
5409
5982
6068
1506
4722
3368
7501
4329
4210
144
5526
5382
7981
3851
6813
682
8540
1593
5331
3227
8387
790
1871
5772
9128
2636
3696
9432
9419
6022
3374
3944
3462
7520
2876
4660
9714
6570
2972
4310
5859
7115
4222
4122
4385
3330
8231
2001
917
9544
2186
5621
5820
6866
4245
2263
3179
3458
3211
6132
6847
2828
3273
9926
6815
3046
2887
1591
8849
841
5822
1680
6117
3317
1488
7087
1570
7536
1448
8679
1771
1070
2303
2593
7454
7069
2200
8449
7641
7528
5865
5299
1113
3307
6406
6788
7248
4854
4700
7581
274
3290
1270
8458
7660
1328
1376
7753
3842
265
6438
9502
2036
6864
5127
644
3260
9260
5068
3501
8486
4769
2447
9642
1484
8982
8729
5862
8989
2290
9564
7212
2874
6032
8570
2826
6893
6769
9968
4141
6838
2640
6723
1403
6883
720
2229
7600
3195
5106
1028
3376
5495
5651
8080
492
4941
1490
198
5935
5483
9296
3469
9496
1964
8031
8652
2114
826
5629
7447
1374
1777
1882
4564
6866
2156
1972
782
1275
3294
3604
4965
5966
1022
8241
2432
413
2112
819
5281
4069
8300
1522
7523
8899
2254
5885
5954
5575
8537
8390
1014
5200
3192
4474
7598
9143
3859
862
8949
9000
9002
1061
1540
6811
8033
271
884
2273
7720
6284
2061
7146
8134
3790
2928
1811
8690
8331
6238
4028
2237
5489
771
3016
6543
8517
9571
1822
3468
1780
5023
252
1891
2762
3155
155
6771
6145
2255
4973
4410
2881
6480
4915
3468
7126
6971
9707
1868
7951
7653
3063
4938
7683
7394
4217
8361
1422
4424
9978
764
3209
7535
7578
9020
1095
8679
5969
7992
2603
9254
6580
1082
375
2588
2819
5794
1680
1829
2480
4033
6461
7787
6762
180
8814
8981
759
3579
314
9057
5552
8837
816
9113
4134
7578
767
8948
6786
9301
9329
6300
8586
2843
4114
2407
6320
6156
974
8868
100
581
25
4084
4858
8608
3368
1731
6918
9977
5196
4849
5252
7565
3743
370
9524
5809
5079
62
4274
3580
9975
3845
3108
5346
469
4499
1484
8367
3798
3996
7277
4860
7221
9188
4187
6480
1827
589
7499
630
9289
7870
7273
1959
1321
4829
4137
4628
1986
5481
1029
6883
9073
886
1205
8163
9412
6741
2348
5181
2971
6735
95
5769
9736
3295
1681
1034
133
4553
2665
6311
7540
5947
2309
2631
6513
9422
840
7288
3924
8617
222
3821
6659
4914
8609
7009
4421
1457
7380
9388
8096
2948
108
1361
2996
8857
6255
6017
6689
3963
4612
3056
4194
2795
9722
3841
1677
1306
3285
801
2962
5041
2355
3357
7841
6414
4460
4065
3161
9211
8
1631
1547
444
2314
7944
6829
2165
8458
1241
7242
5014
4641
628
6774
7940
9901
1898
8336
8613
6292
2579
6880
1671
6214
9402
4672
4445
1099
6327
7398
7799
9067
3834
5727
2845
7868
7073
8776
7289
1030
3382
8262
3566
5715
2632
4405
7336
8130
196
8334
4689
826
4241
9761
9085
6939
2613
8370
6771
4033
2870
7200
1657
5202
6785
4384
7147
551
9809
2824
7831
5335
668
7112
4408
3534
1856
9971
2620
6396
2725
5354
4388
3882
6175
7978
9
1944
6195
9260
6485
4034
5683
6250
6469
9889
5080
5330
6825
8109
3451
2691
8340
8576
1520
5443
1575
7686
1039
2019
8229
3073
4336
7818
450
264
210
8926
9981
5695
201
834
8711
5635
8466
3353
7838
412
7172
8969
5947
6404
2708
7818
2597
5254
3556
205
8719
7664
9818
5914
5381
659
1241
1329
1678
1033
6558
1506
4190
598
633
9640
9211
8694
1702
5729
4218
4758
2775
3641
2470
1135
4416
3795
604
6574
1966
1513
5941
2607
6021
1211
2049
1271
36
5075
3100
7488
759
8409
9200
9439
6121
115
9431
9201
2996
8756
6731
7876
5255
5957
1597
2371
210
8322
1646
5033
3649
9083
7612
4023
6915
858
2621
4784
6134
6964
4401
4529
4896
9336
1783
8526
1404
9013
4383
4776
32
6441
3127
8795
679
9715
1028
1251
6400
8890
4159
6030
5313
3639
5721
6012
3865
3100
5308
4724
721
9064
7504
2385
1518
4947
7239
3209
967
3844
8726
5885
3389
6562
6864
6396
1723
9798
5456
8547
2731
9536
8019
2879
3699
6065
5151
8339
6938
613
9252
6805
3355
9075
5134
1234
9125
2813
6452
9618
1244
5362
4880
6358
3744
9251
1275
526
3655
1955
4708
3511
8362
9431
5533
6962
8809
2348
1779
7951
8332
2344
8424
8872
1447
3865
4062
5146
6712
5866
2689
1502
1344
4196
3794
2183
2572
7553
9676
3635
8000
6620
9253
9300
4831
4068
259
9529
2105
1806
9672
645
7632
3530
9819
8897
9849
5390
1092
3501
9884
8255
8772
2337
8568
8703
1391
7026
8183
2352
3383
7761
3688
6854
422
1261
5423
1114
872
7688
4869
9210
3938
2119
4957
6526
6691
8963
8149
5158
7381
5245
2373
4640
2224
7119
4327
6949
9564
7805
9714
1859
7440
3801
2245
9381
7868
9094
1533
6974
6511
9349
1539
1140
6326
2699
5925
8057
4994
7316
6431
1894
84
1712
3718
8784
4440
3083
2033
6412
2715
491
244
3838
9659
1666
7754
1501
4442
7412
1646
8019
5421
8690
2390
7184
9047
3332
4509
1870
3245
6390
8620
4096
6806
9433
468
5459
6897
8218
9162
8614
6275
8928
4079
502
4795
831
3563
1234
3028
985
5686
4414
8583
3300
5650
3475
2426
3495
1368
9442
1816
3374
7934
9449
9262
6925
8130
6239
3264
6000
342
6889
630
113
1400
7903
966
9059
5660
504
8783
5691
5496
6722
2175
7375
1676
1071
7122
7543
6412
4457
6583
3231
4523
4661
5152
9838
2997
8725
3015
4401
4490
8264
1624
1537
8034
8940
5791
2483
5361
2500
2510
6030
697
2404
2330
6455
9382
9513
2755
1208
3194
8982
2958
4255
4262
9320
6545
7122
8369
5771
9195
5457
4040
2118
7421
6884
9746
50
1257
8307
3391
9368
4037
1860
9853
6856
2236
7407
7446
2389
2178
6542
3081
1405
7921
5008
8787
8423
117
9325
7002
8389
2144
179
9990
3785
4634
6494
9084
7732
3593
8055
4089
2201
9305
4547
4183
9057
6249
3596
6687
8071
7554
2413
2875
7139
4196
2167
470
4324
6606
2497
4307
3110
1146
5788
5383
3156
3523
772
2964
6999
1043
5202
66
540
2174
4078
3884
6099
1637
706
181
4355
7495
8042
1525
8380
1483
5160
3908
5605
2130
9524
5073
6563
5564
5584
3663
939
1514
6473
8349
6958
5708
649
3472
5923
758
8298
8880
5155
9219
453
1724
30
598
3033
7466
2859
1849
8871
7887
4412
5061
4473
3639
2863
3900
195
1010
4513
9574
2289
428
3726
2470
7984
4870
8612
1192
8650
6646
5269
825
9545
9192
2234
2739
1260
447
7188
8276
3271
4813
9774
6650
3428
4890
8095
5165
4168
1652
1436
4056
145
7124
2362
5510
9419
9673
3761
501
738
5411
2812
3626
177
6510
620
9009
8553
2232
4732
9374
173
8721
3168
1685
106
5054
1255
1698
1364
2698
5119
3174
6604
9754
3303
8255
5038
2187
7247
7859
9510
8075
2428
9657
5778
256
7433
2932
2467
9080
6055
9020
5965
2639
4388
3835
3486
6967
8762
5249
27
2759
3822
9076
934
7186
4297
8343
4604
1810
5411
5766
6555
9617
2331
3035
2752
420
8851
3152
8558
9461
1320
274
4171
5355
4400
3727
4692
7848
8012
6380
9489
6446
3581
4533
9635
8031
4003
2241
8090
1297
3504
1488
4851
8058
2506
5061
2063
3213
7792
6458
7807
3408
6212
4341
4122
9417
6598
9957
8721
7893
8146
7016
4794
7381
4320
7821
3976
8230
2985
5824
4300
827
3593
4792
9157
4313
3632
793
3298
7775
2434
982
7832
80
7790
983
6624
3134
6812
4594
8935
6916
927
6441
3769
1408
7323
5984
1288
187
6368
5562
1734
6038
6580
6735
1138
1012
7822
7852
206
3310
7150
4919
5263
9527
5883
5869
4783
6380
85
7961
1005
5319
4121
8547
2019
3857
1298
1699
215
4593
1996
3761
6731
4550
963
7723
1088
5740
3995
4114
3303
4575
9161
3409
8248
4425
2526
7482
7371
7833
532
3455
8788
2307
6865
4298
2252
5261
1561
5818
1482
4749
2144
9962
7504
9981
2076
16
7090
5016
6696
4927
7729
6036
2998
3897
4710
4396
5052
1908
8298
472
9871
3399
7650
8427
253
7458
5992
1929
6996
9864
724
3571
4384
6394
8025
6481
770
432
