5872
4524
8610
1750
7759
5348
3144
2304
1080
386
7415
9232
1089
1900
7173
3468
8723
5310
8855
4712
1098
1802
2448
9077
1720
3832
4442
5768
3738
1179
7091
643
7043
386
1183
1186
7380
3352
8251
5412
1453
4153
7794
4643
7740
1553
7832
1010
5140
7394
9443
6818
3482
1585
7434
8864
5545
1966
3270
3871
7157
9023
581
1774
1356
7768
3901
454
3817
5960
8253
6659
9106
5363
9039
8092
9105
1512
4378
4528
4143
2862
1733
8158
5180
2544
2405
177
1148
9234
759
6966
907
8158
9177
2748
5681
9360
5090
1079
4801
8154
1698
6097
9691
4436
4324
3630
2913
3428
4129
8938
215
9575
1134
7825
5059
3097
517
8106
7028
646
4609
4241
4960
2989
6370
7072
4901
8078
545
8969
4801
5392
1838
7042
5308
7937
949
3134
9715
6923
1502
9396
1232
4655
2500
2654
2964
545
5469
80
119
1696
2136
6579
7431
6096
3414
3197
2060
8870
6206
5215
5596
9839
548
5803
6634
6110
7156
4175
1624
4752
4024
4882
7886
509
4346
9354
9315
8429
5747
8408
3096
1444
1777
2577
6500
7772
4183
9625
4410
5149
7502
7646
5767
732
9161
799
1943
8797
1767
3351
2999
3862
4338
8457
7221
1650
3236
6409
6547
4479
329
9605
3147
4773
2783
9855
7868
467
9930
6648
8947
4375
5172
6842
7653
2601
3697
1137
1080
500
465
152
946
6995
4783
7772
4809
2676
2038
1359
3145
4508
1476
7611
4836
2119
1670
9968
7555
3065
4546
7500
4795
9206
3172
70
395
3051
9712
5399
6194
2743
6790
2774
461
8537
9876
6847
7262
3527
8341
7039
4104
536
1815
4606
4166
3647
3210
7545
8348
9124
8773
7099
4134
7809
1298
7927
4092
2982
3434
8117
5655
3001
603
822
2237
4445
8517
5398
680
8462
9444
8478
3173
8503
9320
4898
3223
1840
9120
5853
4428
4935
3157
7479
6328
8777
8003
785
1933
3661
3330
4701
1100
1758
5843
7116
3077
67
4101
4021
5915
2461
9400
6175
5859
4684
3881
876
6954
1374
3995
6594
454
2502
1719
2582
1541
4404
5226
519
6962
4358
8909
9348
7654
8827
9410
7468
1002
1216
7194
4097
6939
7561
3443
9095
7174
5469
4479
270
403
926
704
3289
9775
1396
3551
3387
257
9382
8011
5822
2350
1412
8191
3407
919
2515
8397
2137
1072
5718
566
3548
2380
1333
955
3098
6372
301
2541
894
5510
4148
3153
2681
8858
1062
2288
8874
2288
7841
603
9961
9957
570
4987
3889
9861
8747
1142
2680
362
7401
2206
4748
4754
8821
5683
9083
2767
6095
2249
7631
9175
8930
2036
532
4620
6337
816
5319
8982
7724
5565
1310
1452
8062
6871
5150
7394
5862
4067
9404
3788
7855
4470
8148
2865
5678
5440
3871
8683
3193
6085
6901
9946
3951
7132
2735
5144
967
5729
7895
327
6184
3029
8078
9479
8578
117
7194
9572
3960
3016
3403
7196
2379
5665
3464
5549
4884
6485
1738
9709
7117
8278
5140
6099
2684
7054
4477
8707
5981
1496
5197
9848
6795
1079
4880
1513
107
7098
6073
5181
3446
7799
3782
4939
7360
9540
3068
347
2777
9830
9503
312
2000
3488
4880
6807
7407
1901
8356
6320
3351
8968
9596
4395
4265
8152
918
8231
3917
3482
1040
5827
7299
3958
2052
1087
9140
2740
228
3517
1380
2487
8755
417
4406
5143
7422
104
7019
3485
8661
692
3689
887
8762
9845
6357
9275
4341
4564
2332
3288
2849
4537
8899
9480
6423
6060
3353
1106
8485
8760
22
7805
7850
988
6803
9150
1344
6779
261
2930
151
2355
4519
1607
298
8170
8739
3380
2001
9861
2476
3754
8818
3906
2635
626
9492
5941
357
4773
5057
2560
5157
1563
7527
1388
3451
9835
9500
6468
4640
3953
6636
320
5541
1245
2961
1231
9863
5400
9021
8845
5105
9938
1734
8436
2767
1767
7726
879
3834
2096
8222
5530
1236
9173
2655
3173
4050
6784
3605
5079
1697
6348
281
975
9750
9453
1937
9590
4999
1322
7294
9921
8591
773
9169
2498
4258
4331
5274
7101
4541
5206
351
7800
712
4863
2054
8236
5212
2161
9071
9961
6907
4218
9089
4085
4256
5370
2463
5349
7716
3310
263
628
2458
518
6647
8976
3624
6114
5804
5188
8178
5228
3160
6640
3220
206
3631
2565
1580
564
9327
5452
3346
4396
1321
1622
5318
6394
336
7294
7700
1560
5693
6795
1477
6123
2157
2722
1749
1584
9735
8440
5693
2757
8750
7172
9421
2741
5711
4355
6536
1355
4967
8885
6347
6920
6341
8293
5659
6639
8871
5478
6010
9869
6484
2489
1206
5398
7221
9963
2126
6074
3969
3851
7714
2599
4483
2746
5782
8536
8266
3146
4434
4363
2269
617
6377
6513
3336
5719
8708
702
7224
8114
8555
512
7711
5427
9615
9340
4725
6305
7543
147
2411
356
8581
1876
9197
6516
2259
7676
339
6960
7839
1704
9364
8154
7505
2587
2696
7487
6181
7115
4471
6132
9722
4853
6307
3309
8150
1617
4240
551
6659
6912
6428
2501
985
4289
2430
6200
3625
4372
5487
3158
1700
5670
4479
6205
4086
3915
4566
6914
1522
2377
9385
7234
5979
2192
6836
9129
9005
8552
2346
4545
6326
4100
5014
5042
3860
6802
268
2056
8155
1076
3538
8387
8995
984
7252
6103
6684
9795
4409
4739
7632
349
5152
1375
579
7174
2742
2014
9129
6279
8567
9651
9204
5315
3133
9200
744
8827
2442
5210
6446
3568
3887
4680
7793
8532
6695
7626
7160
2506
1267
4119
9632
332
8850
1966
7414
842
9100
6078
3966
2976
5355
4657
1714
4417
8023
7251
4235
7487
6173
1904
1237
7213
1467
3964
2482
6156
2234
8444
5566
6113
4920
5553
6393
4967
7745
1349
310
2961
8138
3054
5344
1800
170
4095
9172
6242
1766
7838
8207
6324
6551
9984
9940
1614
5321
480
2890
116
7763
2175
9984
6574
9278
870
3438
6965
8467
1031
794
7165
3558
5649
1683
6322
6073
1505
6541
6811
2782
437
2345
5484
2845
9421
1008
5367
8782
3371
3805
4434
7812
6905
1828
6436
9239
2681
1907
104
2060
663
1155
3604
3842
75
5178
180
4411
6763
7441
4463
8997
1614
9165
1708
404
603
8540
285
9550
6367
4270
5480
8627
3133
5838
1639
1095
1951
2555
2710
5678
2859
2343
5481
3682
8497
363
3824
3316
241
2293
3187
7213
9354
6863
8039
2127
7485
2365
2883
6909
8448
5523
812
4067
2302
945
6699
6404
2796
6748
2705
2750
7558
4585
2017
6028
1463
5049
6427
4648
3736
252
7817
9706
1087
4659
2386
7426
3097
2838
4397
9662
7155
7630
6896
1816
8290
5025
8213
1152
1875
3304
7837
6257
1292
2574
8143
8722
7552
2775
4761
7691
9042
6634
8599
546
4369
3149
5810
9681
4498
8412
2783
390
7324
6789
6488
5367
412
9571
4040
9343
2184
3284
1136
8586
6000
7289
1559
9880
1249
1162
8302
6706
2484
2244
5041
71
3011
4321
9657
1312
1852
8737
3934
7592
1662
6602
6794
3602
1279
5546
937
2822
3328
6164
7884
860
3816
8607
1805
4212
7085
8119
6717
1583
1682
7373
6297
9101
5882
4818
2427
7348
6011
1484
2301
8745
2157
9202
2680
5215
1457
922
4090
1865
5247
172
6070
1677
9383
2659
8710
8200
121
432
2507
4248
4497
3114
1797
9545
7498
1574
5486
8368
2099
222
3440
4077
8734
8594
7975
4369
1925
5752
2401
6476
3832
496
8226
4241
2737
1993
2725
5160
2825
3738
9932
6272
8451
3694
3800
6495
469
1631
5796
1943
5256
5901
1372
1944
629
1820
875
1196
2271
3639
257
7634
1071
4356
6868
330
2554
9414
174
1050
1807
409
4372
6827
8813
9774
3030
1187
9618
6099
210
2639
3198
4925
1507
9645
7717
7076
8376
6244
339
7788
463
1952
8713
2060
383
4430
6182
157
4853
3792
146
577
1622
1853
8788
61
708
2056
6179
6532
3132
4027
1065
7169
2987
9489
4563
6944
8465
5293
5845
6282
2846
5338
8346
5868
7929
3743
6521
3155
9135
4302
7668
1078
5864
8026
6602
3887
1765
9107
9212
855
9382
208
2957
6013
8344
8279
770
2899
6747
1643
4504
6534
6594
5603
9589
7671
9364
5667
6503
9691
9663
1849
7769
4011
2972
8071
4836
217
7421
4744
2386
9008
8675
3936
350
7494
9868
8660
7703
4257
1770
4307
4370
723
3807
4896
111
7059
9604
2093
1364
5865
8777
8405
9494
4854
4391
5334
8279
5854
2337
6026
7145
5427
7880
609
9088
4991
1549
108
6101
6509
2898
2728
2550
6757
5018
1076
6459
1842
7199
4817
6756
4082
7010
2870
9663
5721
6220
6061
6853
8322
6659
3390
4084
3012
2313
3317
1367
9516
287
5426
6289
317
1606
8349
616
7521
3094
5396
4958
3690
1783
1299
8172
9289
6717
6047
4983
7370
8993
5519
8020
4170
2777
4439
8695
8519
1162
5650
5351
2706
3748
1483
9406
3795
6956
8120
9453
2938
8295
6292
9772
6909
5761
7064
9038
9779
6782
7253
1378
7163
7128
1824
3175
4778
359
4202
4503
5791
9118
1099
1668
7301
5618
9915
2177
740
9078
5789
6439
5732
5233
9480
2791
8816
4865
6691
6479
3555
9401
4508
6006
1185
3670
9972
5537
292
5407
7755
9752
6770
4027
8196
4835
6679
3836
9493
1629
6613
5081
7838
7483
948
169
8755
8934
3255
8475
9559
9267
5741
9699
1767
4724
7857
1999
1680
1912
3775
4775
126
5821
3986
3443
5090
5078
7295
8934
94
2535
3416
9320
7217
8685
1870
4802
3098
3259
7462
6930
9594
7215
4134
8367
6091
2258
8397
9046
5558
526
4412
3746
9638
1211
837
6395
2679
4274
9342
8197
7514
339
1266
1497
7240
7441
3348
5680
6240
2554
8561
1308
2591
1813
1329
8081
2795
6868
3386
3856
3916
6393
2705
2853
168
8069
6989
2982
6121
8635
7498
7084
4476
3028
9799
1822
8569
2235
8829
3880
7130
6040
2332
7483
4715
74
3235
7406
5004
7709
635
1170
4485
9916
3906
339
4263
3344
623
9306
8539
5510
9078
7423
601
2142
9914
7788
1079
7279
2890
301
1100
537
4442
7252
8704
5155
4031
9416
4962
1298
1862
3997
7829
5035
1537
5744
3288
5311
9455
8345
5937
5989
5783
162
8565
2854
4417
6935
6918
7730
3025
6643
7210
4752
305
2794
8419
994
3994
6054
3265
6071
1742
9464
3328
3193
1877
9136
1135
2839
9537
7112
671
1630
6640
3002
5571
352
5471
402
3866
9750
5990
1055
1015
4385
4691
7250
7449
220
8230
1657
6204
9694
8342
1750
5435
3196
4047
5111
9551
27
1897
4347
5993
2515
8998
2714
4792
5295
6231
2483
8120
1968
2443
1347
2567
9057
5382
6881
2533
9590
5578
8583
4807
8126
3236
2890
9320
2423
6485
8794
7981
7232
6955
709
4691
250
6124
4919
104
9223
8479
9068
1970
4613
8055
2885
6064
2884
8332
1097
4571
9634
9351
9427
920
1065
3930
6089
1389
286
9019
7420
5837
4762
4075
9643
7986
3237
1222
5027
1734
9982
5369
7634
8078
6391
7355
9449
6740
6749
5242
9614
9039
5622
19
2961
4161
915
3278
8775
8365
5749
1315
5938
6579
1068
1597
6146
3801
538
4153
1108
4519
741
9242
1528
8639
4460
4189
9713
7528
5169
628
9238
7638
8820
8914
1269
2279
9089
6610
6279
6524
2496
3300
4415
8818
90
5652
2555
5420
715
1176
6157
5871
8915
9959
6740
4921
2134
3841
3059
3775
6739
1422
5875
1106
3794
87
7076
5085
4055
4907
9855
8686
995
3823
1223
2878
265
9462
493
335
2910
6328
8643
2833
6089
2882
7432
4272
3339
938
6402
3262
936
5132
1850
9753
1539
9686
9441
9080
8488
2173
8017
8647
6322
4826
7342
5197
2685
7765
635
2310
197
7708
5160
7090
6910
4688
4089
9385
6685
3628
3186
5225
7555
4994
5487
5021
5690
5236
1408
1068
6280
5068
2226
9724
2881
2937
3480
65
3753
1734
520
9045
6934
9992
2306
4469
6148
4229
7595
1382
7106
2459
1512
3731
8041
8404
9766
7012
8349
7028
7094
5292
1484
9580
3189
8847
5828
9263
8442
2862
513
3613
6553
6577
9332
8081
8773
7808
2143
8516
513
1517
6172
1197
775
8177
8510
1270
3250
3986
9919
9419
1542
9437
9000
7249
560
6662
7503
2976
311
6042
9658
3599
386
5885
8259
7099
4899
8900
5604
6467
657
4929
8337
4915
8387
4615
6420
6587
9016
8633
9380
3164
5428
2387
3295
7358
4197
468
694
9440
9700
7543
6376
2798
9494
6924
8790
5288
7986
8408
9366
2357
7261
2886
7491
35
4065
2312
1778
9065
700
5518
4111
6155
2661
1793
70
2457
1529
3037
429
3077
8643
73
6062
1262
4843
7700
227
7854
9397
8366
6218
6093
3226
864
1336
9056
3380
3849
7386
1954
1698
694
966
3997
9051
9756
4880
3492
9184
2645
6248
3824
618
246
8577
8325
8275
7113
3805
1809
8496
9131
1332
2256
5244
515
2419
1567
1456
574
2688
6411
1614
9779
5132
1813
9420
1832
2002
9093
6254
7905
3948
5639
8909
4799
8068
3542
1459
1901
5336
9060
4728
9746
2759
5139
7414
9236
4280
83
5113
6874
7609
4008
2339
2683
7541
2375
3068
8872
4847
9054
3590
5699
5099
9533
3390
331
5340
3589
1854
9253
8376
5099
3696
7337
6535
664
8973
5510
1562
4048
9748
6290
921
4349
182
4209
2773
2504
5789
305
1084
212
6493
4865
2394
8519
4723
8348
9436
5173
2938
678
3137
2282
6108
8161
3497
1604
4693
908
5103
2059
4532
9145
2131
558
5179
2122
1856
4156
1205
3767
3084
2747
3559
6494
9934
7224
2495
1127
3657
4844
6985
1667
3223
3175
5057
273
9761
8731
3986
2460
5706
8856
8829
4725
1676
7983
4565
5560
7322
8245
1335
9133
2004
5351
4328
7406
5817
3413
8886
9120
6071
7516
3872
9792
9053
371
7234
7963
9858
3505
664
8841
2767
7705
8691
3207
6391
8884
6010
9281
3287
458
1080
4184
2727
828
7555
3765
3328
4992
1693
234
2825
4602
547
2241
1818
4628
595
4164
2593
5754
4362
712
9826
3908
9979
5670
5048
5873
6076
1767
491
7084
5595
4668
8794
4078
7470
8807
2536
816
295
1482
9475
42
7590
7322
463
2045
6904
5455
497
186
9790
9339
7671
1933
2632
6676
2005
7689
4800
8224
6234
8257
1444
8828
81
5232
651
8953
4131
8726
4504
2499
8762
7696
2668
3519
5569
6035
9782
1505
9303
3300
4805
1128
1666
4487
6847
2230
9023
3730
906
1215
8456
3917
7127
8093
335
8696
8062
3902
983
3881
6357
6027
6529
7456
9322
7925
9092
4697
3984
2526
1830
6430
1990
1505
5687
8054
4994
7488
2509
4558
4893
2408
9305
2706
8328
4931
2056
5449
6077
7945
8278
4186
3024
5668
1134
142
9940
3295
2620
4740
4778
6569
7427
3770
9860
940
3930
8479
8279
3477
7968
5635
6543
9263
4609
903
8764
513
6769
566
4283
8912
5030
6959
4431
6146
3010
7470
7582
9761
2573
5398
8552
6727
5825
7358
1090
4908
4863
7605
5361
6410
1775
6211
1106
9305
5540
5901
9526
4140
2510
2932
523
2790
7817
8235
3878
7066
9491
4324
363
7055
6619
8902
6223
876
3717
3516
2405
5989
8330
5373
6661
4114
9212
7795
9915
9208
9830
4458
7547
8823
3186
5576
1906
3280
357
9523
5127
2000
5189
7043
913
9629
3258
8230
5986
3083
466
3417
1345
3564
9519
2970
9814
4114
5227
9543
7918
2418
7068
5490
8094
2151
5970
6564
2915
7968
