2992
7793
9497
9285
7116
7782
6720
5370
3626
4182
2447
8958
3153
8149
6154
2213
2625
1212
8897
7254
6438
2817
9287
2855
6438
8478
5581
4019
8298
9761
5645
3931
8761
8352
4851
262
1743
358
8021
1382
7532
5774
7940
9833
4585
7851
4058
8072
4550
9266
3859
3344
9567
2629
8633
8266
3437
9293
8295
3929
4680
4243
5551
3472
3402
7451
3287
7757
2959
237
173
7638
505
3281
8060
2303
1631
3943
8039
4661
7189
5840
4770
6905
3831
172
7600
4044
7584
6929
2998
3220
5735
1796
1710
1896
3896
5304
9529
478
2897
7184
7676
7982
8867
2066
9003
8691
4120
5387
1059
5758
6804
4009
5744
2518
5379
7368
1023
4624
3906
6508
3902
3494
1418
152
4912
4823
9415
7737
140
1132
7016
3571
9733
1522
1375
4070
2901
8777
5831
8091
8530
7768
997
5697
9282
762
9286
7614
8699
5561
5384
3060
371
3013
8886
7171
9478
97
3211
4804
7254
603
7768
2793
2157
4054
5472
9887
2958
6342
7856
8013
8825
6663
5500
2332
5293
4218
1413
9682
5975
8428
8182
4092
5833
8293
2718
8824
7302
4138
1512
4412
7274
3184
7525
1351
3863
1822
5068
2082
4298
1341
5736
9539
9115
2655
9695
8606
7635
5433
5970
9591
6072
5310
256
5384
740
3065
3606
2555
5540
3286
6657
4310
1788
9022
4356
8737
2360
9566
4485
7780
9085
3875
8673
6513
1197
9139
7408
6443
8505
9499
6035
9698
5138
4849
2330
6972
584
6549
5314
5010
6019
6553
75
9908
7104
4106
8136
8282
995
777
5696
4504
8299
2971
6177
8540
7363
7609
5636
8424
468
357
3291
6566
6328
6826
6023
2221
6073
2478
9159
1487
3848
2679
7610
7884
8826
7462
2214
5943
7212
5893
9025
7058
8472
9737
5836
8040
5184
5764
4767
5191
7958
6298
8959
2537
6622
2061
8940
3565
9179
1207
5128
4231
2198
1299
8338
1840
3982
9417
5280
6267
9737
2820
1723
8470
1688
4514
2164
825
1528
9015
4965
8542
213
3662
9362
3373
5369
9902
4893
4050
7010
2580
4857
5277
2642
9107
7623
9286
3728
4485
3516
8187
1228
8796
4484
7512
5007
2985
7535
4722
9136
9656
5945
3088
5427
7974
9976
2182
4749
2800
3102
7295
3186
6346
3134
1782
7199
4025
3532
7025
1844
6142
2813
6107
5529
3887
8654
6637
3969
1571
6880
3480
4188
6713
2784
897
934
566
6005
9545
9133
7657
9699
6904
8928
5213
3148
5782
6754
1546
6678
3270
3678
9880
5864
943
4725
1234
4910
7431
8354
1091
828
2366
4671
4415
7950
4709
17
8992
4958
8970
5421
4124
9151
7137
9886
1807
1078
1968
9423
7195
7065
2759
7362
9080
7567
6330
4563
3401
8167
956
8375
4989
1669
9994
558
9454
4775
9537
7447
3754
6694
5853
4291
4396
1639
9247
8913
4631
6321
7193
9881
334
2473
2249
2644
930
7881
9377
4152
6408
3007
3839
6770
8662
593
4542
1260
7803
6207
6487
4494
1640
65
3525
4048
6191
1167
964
8349
3318
1871
1637
4868
4104
1145
4417
8472
6104
407
1175
4968
4467
5336
8308
4856
5105
8563
2558
9358
6679
7833
3213
1577
9965
3379
2806
2698
855
4347
2598
7
5730
470
5223
1541
2109
7902
9426
6307
3089
190
6321
5078
8750
2807
8927
8254
723
5760
2159
3495
1609
650
8342
6059
9069
6865
8774
4501
201
8846
9800
3729
6110
1721
1236
8479
6640
5372
8560
6647
7070
6307
6787
2550
4972
8640
565
1974
2175
2907
693
2012
1204
4454
7126
266
9485
8958
2663
8389
3881
7101
5774
4593
1423
4029
3424
3880
2023
7703
5519
601
8069
1897
1152
6093
4195
9734
6584
1541
5017
1032
6675
9392
9868
8273
1889
6393
1008
3774
4766
748
891
5228
156
9625
1464
5877
7470
177
3829
8707
7891
6301
938
5349
9134
2863
3253
895
2046
7120
7030
3243
2671
3576
5524
9662
9228
4604
907
9574
1518
6545
6211
3423
1798
2222
6334
2613
3251
4912
2397
5875
9121
4008
943
1626
9582
927
1240
8749
5242
5433
762
3993
4202
4071
2434
6450
6601
9654
5921
9353
4396
2102
7109
8042
7408
1493
9444
1761
9699
8025
6821
3420
3355
8892
5691
156
2023
6065
6430
1909
3296
4822
3335
8469
5963
114
4568
8161
1902
4349
5158
667
7724
5151
6213
7872
4911
4832
9646
5725
5857
9039
9455
9554
7959
9679
9103
3935
8011
523
1148
3403
8932
1609
67
8659
9588
8812
3132
959
1598
7060
6783
7456
8161
1265
4374
198
4550
8133
5377
2894
4546
2439
2912
8889
7272
4147
8097
4119
5086
6222
5190
8530
4826
7848
3586
2248
9546
9562
9232
6736
2797
543
2079
3933
9456
9311
3950
5648
8361
4631
6032
1671
4922
1172
2860
7444
8370
1309
4837
3129
1494
625
1776
7695
8311
5781
7575
6294
7888
9392
5161
2071
6463
7650
5883
6821
8061
5054
9984
1074
5500
5977
9008
5613
5884
235
6952
8184
9145
2338
1805
9720
4437
9877
6654
71
2718
4630
6966
5635
763
5521
11
8633
9272
8209
8982
8716
3067
5666
6399
5679
6883
1953
324
1491
8381
2719
7925
4569
7442
9924
7872
8793
6272
7441
9604
9659
834
8686
7348
659
4735
7906
8362
6154
4733
3744
2421
743
8767
8734
9152
2476
2978
5105
8208
5757
6672
4309
6234
2875
9679
985
7167
4111
3418
8935
4630
9234
7833
1248
8932
9672
3919
3590
4250
5086
4704
7139
938
1737
6125
4887
2631
9341
3614
8623
7561
8399
6730
6592
6970
7938
7958
2388
4368
8589
5912
4347
7143
1390
9014
5410
682
5240
5984
2801
2798
3592
2071
8126
4668
4022
5112
9504
1128
2694
3641
6302
4546
2621
2655
1397
4553
9553
7466
5304
9271
74
8734
114
653
4773
542
679
9003
5239
3558
7800
7004
7869
165
4662
4684
3954
5829
8861
855
5371
8857
2226
8544
844
1171
2312
650
6765
9663
7307
1287
3863
2015
3967
7738
9049
2419
5507
3883
4919
4500
4415
9607
9505
6990
4845
3856
9874
6024
7252
7976
9695
6833
5246
3286
8415
4137
3452
2691
3754
2121
5792
532
730
8432
5191
5124
2478
3515
6601
7708
5710
4879
8905
1874
9000
8902
3656
8972
8473
4692
3126
3535
5815
7061
3992
1705
2827
8198
1893
9254
3612
1436
2666
1667
8854
3124
7518
8445
1882
5992
5903
2485
3135
4331
3179
1938
2550
4498
8347
4515
4107
6542
7034
9808
6999
1546
6803
5371
4978
2445
8168
8761
1014
9149
495
6903
5968
801
5799
4762
2367
1920
7176
5255
2286
4251
2504
2876
7822
7140
1610
1241
8284
8074
9521
846
8307
3762
6659
483
3370
515
4073
6798
9134
7086
5314
3652
1642
6313
9654
2063
8642
4694
7432
7208
8080
8372
9685
3042
7461
4994
6922
1123
4801
6283
9890
2687
5054
5235
1980
6546
1287
2588
6779
5930
9910
3957
6311
4991
8026
6880
1024
8272
551
8991
1619
5708
1992
6042
2806
8857
7119
4031
1533
3316
5997
2630
1391
4917
7358
6144
8770
4318
4075
3452
2018
497
2339
1237
1361
8411
3427
6971
9641
5489
5730
4589
4973
4469
9930
8016
2013
7141
2976
5151
8
9328
8309
4223
7148
1094
2581
9773
4041
5627
4828
7894
4515
3767
1288
6786
246
93
698
238
7684
1030
5542
8853
4858
5722
6714
6715
1761
6250
3788
2390
1760
5436
7995
1081
3470
5924
3047
3694
7061
9612
9469
3103
7490
5744
8923
1408
2905
1928
4002
6813
4374
3571
841
9308
3102
6044
5213
9935
3028
5820
4310
1464
8999
8076
3461
745
4824
7652
3418
327
2698
6389
930
26
1170
5904
3950
308
9838
5137
8495
2251
6914
9867
8301
5813
2285
3249
326
783
5466
7198
419
7770
6931
6482
7750
8834
8911
2746
6032
9644
8940
2539
4624
9164
2264
9290
4294
9376
4841
1099
6501
4541
1373
1988
6582
2020
4411
8701
3977
9312
6824
5190
4791
2830
9894
9940
3043
5194
4343
8362
5103
5842
5695
4017
5834
1673
6087
2260
9479
6378
7182
538
4969
55
7210
528
6714
5357
6236
3506
7659
6725
7826
2246
5094
5610
566
1590
8159
4226
4643
888
633
5212
1287
5483
3684
7604
6820
512
3732
9669
8817
2755
8350
2972
2686
6580
5003
1012
6036
2855
575
3044
4203
6804
9219
513
1461
2251
8878
9745
4167
2264
242
6094
5768
2462
2563
3922
3250
4068
4210
9109
9286
1321
7352
3649
1084
6037
3822
4318
2568
4093
745
3823
9719
7586
195
247
8681
7031
7620
3321
2921
8606
9904
1100
8279
2622
1066
7079
8998
6418
6294
7214
5521
7121
8651
3289
7001
8053
1271
7133
1690
4970
9005
202
9996
1237
2730
3489
5124
8431
5126
1487
3290
9437
2453
4938
4870
5421
8397
7126
2692
9679
4945
6149
8518
5149
9404
4729
7096
8681
8714
55
2607
1842
9616
3546
5435
2274
6732
241
8780
3174
3255
9270
1216
1115
5142
3564
4842
6290
9104
6260
1807
2975
3146
8604
6809
6772
6494
4933
5374
2181
8138
6607
7179
2632
5525
7059
2250
827
4220
7405
7652
3649
6139
3524
7391
6138
4023
6359
2135
1870
3512
1861
9163
4118
3683
873
4783
7624
6933
8320
3871
8445
93
6089
6963
6112
9424
5513
4477
4597
6864
151
1647
2131
8806
7050
3834
3135
8188
9501
8066
4391
1079
9244
1197
6408
7890
5215
2522
4621
6518
8032
7870
3636
7797
9353
5209
3230
1222
3023
5847
9539
5146
3637
7459
6096
3341
7119
6854
6383
7320
2372
1693
8864
4868
3502
5369
4953
5161
7250
5903
5783
6116
5318
5711
9520
1831
404
2946
1111
4010
6106
4413
6523
4511
7690
5811
9837
3331
2885
5382
9516
4512
7983
8829
2238
4336
8351
3810
7293
2124
8054
6322
9291
7155
7817
1111
3428
7350
9164
3667
8159
1040
7485
3506
2128
6658
74
882
6349
5852
977
8399
2555
632
9954
7863
8900
1137
3122
9756
839
6113
2095
6216
8877
2727
1355
7498
5027
3767
1015
7502
7369
7548
5309
859
5542
4297
9082
2918
933
6333
3510
6917
5824
2884
8113
5981
5431
538
8652
1164
29
3002
3649
4211
7632
6261
6177
5803
2787
8719
2904
1305
7913
7235
6638
9468
416
5638
7404
1250
3176
8249
617
4922
9759
8696
8881
3973
890
3007
4833
1574
2049
4636
817
5128
1800
2160
3870
8607
8182
8144
4339
5510
3172
9000
2691
4856
9171
3982
2630
8618
9018
2868
9182
5829
3627
5687
7796
4257
9873
6965
2596
1933
5113
7099
7074
1372
8265
7532
599
697
7841
5118
620
3259
5277
6575
2146
435
7796
1765
1723
6034
3776
9362
4072
4360
7306
358
2368
3847
9345
1695
1210
2246
8951
1275
9608
6593
8632
1422
6448
9502
4248
3167
7991
9946
9624
172
5116
1970
4853
8750
7663
2462
7949
2264
3004
167
9262
5817
9768
6761
1885
481
5415
7012
4080
9664
2359
7917
5929
6073
252
8289
8031
1845
4809
9497
6842
9268
7080
1080
8283
5503
9942
5042
7766
6457
3902
3239
3949
5396
2144
6093
7178
6607
5166
9548
7064
1965
6787
434
5199
2865
7712
1127
1642
7621
7332
7547
263
7402
9016
6907
5466
2890
1812
9666
9326
2345
5761
8460
1753
8010
5836
934
3691
5118
1572
5505
2659
4903
4640
7558
2254
2170
7696
8723
7197
6339
5998
3107
5313
1635
9120
4108
4726
4164
3278
8450
7481
7613
7546
5481
4840
2240
4561
1063
5764
145
1788
8104
5605
6482
3043
3643
9835
1529
6543
4266
4892
6259
7386
9847
9822
1441
1814
5377
1043
6721
6246
1078
5612
920
8829
7746
6236
2026
8385
1094
9946
1516
8348
9732
7538
4353
1455
2471
3817
449
9490
9199
5578
3624
5596
7738
7314
8618
1020
3934
3205
2660
834
9522
9194
7726
2925
1421
3178
268
1138
9670
3216
6244
149
7146
9774
2266
5544
1644
4124
6230
3741
4407
2973
695
7561
2431
1088
5553
3319
3238
575
6450
4773
1226
5800
5347
4479
1579
5462
5802
1847
827
9515
9980
1406
5742
4988
9807
3058
1904
153
9117
1491
5110
23
1716
9651
5948
6700
5579
1978
1278
7655
4095
5859
3650
649
6364
2375
8434
756
7463
964
5816
3566
9832
4265
3779
7474
6453
4593
2358
9139
3193
5417
1039
3150
9459
1744
2388
7243
8043
9786
3833
7439
3871
3728
8351
4002
1388
1560
4342
3160
4104
3325
3571
8414
8092
6555
2029
9458
5391
6489
6161
6335
7294
467
7622
7812
3480
4466
2123
5008
9925
1819
2316
3389
1398
209
2771
5990
9239
6551
4490
6837
5473
5894
2447
8621
2605
7671
1617
9777
6115
4030
9287
5296
3552
8244
7984
8430
6118
7551
2085
8784
6765
4432
7066
4787
7095
8184
6979
6937
1889
5736
6611
3841
7158
5892
6960
6114
4654
5251
6339
3076
8675
4069
4331
107
8788
2977
4881
7744
7506
5834
4406
238
6488
8654
7800
8006
5271
6075
819
528
5999
62
8837
7006
2746
5593
394
6270
5123
4320
9526
1357
8468
657
1057
2178
6109
2910
5468
3230
6560
5543
2097
4990
9832
7912
4105
7386
8426
9197
1544
6110
7332
7934
3058
7042
2883
91
3345
3015
6416
7365
8094
3361
3626
7398
3741
8988
2191
4222
2229
5788
851
939
6732
3717
980
3940
4034
4979
5764
386
3620
3847
8117
5436
897
1039
3171
8205
5305
7809
3594
8628
5728
9940
9289
9160
8082
6570
6526
3894
7681
2654
3537
6648
9514
6182
8301
8772
38
4245
7865
78
6316
9008
5524
6411
6932
6122
4639
9059
5014
5871
8436
6626
1488
9962
7188
9563
9382
2883
8239
633
6180
2584
1740
7652
8943
8822
8137
8444
7466
5444
4748
7542
8869
44
2151
576
8319
9928
5626
8161
8316
9829
6499
1842
3777
5862
7648
7012
7580
2344
5685
7452
321
1741
1177
5906
9040
2552
5995
5746
6754
4980
1858
1692
8961
1216
321
6078
9783
3515
9882
9148
2079
9784
2505
8857
680
5134
417
3669
8968
5711
3621
5955
2813
2675
3180
7318
6991
608
6999
6295
2897
904
3903
1046
4198
5359
3927
3610
400
7464
6209
7734
1155
1611
5900
2971
8488
645
3451
7572
6654
5723
7873
9570
9979
8460
9592
5364
6769
1891
8482
4626
9307
8854
4038
2438
9590
6734
8556
2392
8589
4051
548
9573
3980
5458
1216
2891
4710
2302
9585
2276
4994
3489
8271
5660
7216
9245
2083
9520
2170
5412
5342
9125
8133
8608
1725
9826
8983
4832
9156
2172
7010
7199
6902
5724
4990
6946
5895
5214
4677
8366
3049
3161
3592
3348
8258
3062
8912
6539
2031
8703
5822
7416
3906
7797
6851
2027
8630
2670
2491
9209
4227
6153
1076
8386
3533
271
6494
3023
5511
2392
3578
122
85
5047
8916
6841
3711
8499
3709
8008
1057
3043
8561
9602
1375
3830
2136
668
2390
3580
4232
6222
3902
6420
1143
3151
571
9074
8302
4299
7507
6828
329
1476
2250
9986
3722
307
3848
1001
7198
9337
2253
4194
9240
9206
8251
5627
7305
2069
6529
7313
6065
2194
7256
2864
5486
7209
8437
8906
1411
7453
7743
5887
2277
3809
8411
959
5039
4550
7700
857
8869
5522
4758
4223
7733
3705
9993
297
2441
6667
1882
6322
8921
2138
1621
4738
9662
4933
2271
5145
2961
454
9088
2085
7154
6693
8350
9393
2533
839
7252
6458
9334
983
8097
9262
2845
206
1645
6067
1869
6082
1479
354
4614
5849
5849
1118
3130
3784
4333
2309
1725
6924
3881
5009
7749
1028
1541
8587
8273
8841
8861
5662
4518
9371
4450
6211
8004
2986
9003
7342
7832
5550
2330
7204
5355
371
1801
6696
6727
2996
658
5153
3929
7906
2910
5848
6530
4530
1189
7315
8759
3729
404
3290
921
5588
1501
5267
7263
5840
2744
2334
7871
7042
1624
9279
1867
9965
7080
3779
2808
7278
5683
4368
4074
7357
2851
814
2988
4098
6146
4732
6332
1570
3164
1265
8930
8437
7942
6320
7328
3396
855
3207
293
9108
8068
2244
7324
6906
586
6915
2722
6522
4772
9209
3509
4928
4685
1766
9991
8778
9839
1947
274
7536
7450
408
7077
2913
8480
4832
2605
4539
9565
1628
6047
4695
3860
3144
945
8847
1076
9134
9656
7948
9177
237
3868
1648
7871
1141
5688
5005
4386
1122
1886
3216
4961
6643
1639
9358
7856
9814
8024
9385
7036
1426
7744
2046
42
3312
9998
7135
6777
8102
1391
9544
2678
641
6517
192
5629
1375
4291
5150
8189
423
2645
3221
2053
2501
2716
2238
6378
1158
1367
2832
4746
9228
3325
5471
2619
3438
647
7918
6125
256
4091
7826
6878
6042
6850
4276
7612
1463
7003
8482
4949
1085
1177
3604
7050
6691
2823
1334
8802
8260
6892
9910
7035
1391
2282
8236
