7914
532
4797
7351
8906
8228
3492
9941
5164
5960
5032
7925
842
2025
9549
2318
2130
1803
1007
2420
183
8322
5618
2003
6871
8657
8612
8709
8714
30
2796
9187
7876
3858
4897
3400
9895
2012
649
7457
5976
7269
4653
113
8396
3566
885
4497
9534
8917
8965
2437
432
3031
3011
9081
7548
6399
2420
3306
9510
8365
9235
1441
9600
3105
2813
7770
6505
9190
8668
7763
3731
4285
5693
7360
495
7774
4512
6875
7480
5219
6508
6680
728
1936
6540
599
6555
7546
5866
6147
1966
7800
710
2263
1491
199
6612
7760
1252
8615
6127
766
9874
2083
3038
2660
9561
2494
2177
222
9265
4136
4647
4610
8740
9393
1776
9632
9255
7940
5818
195
983
724
8314
7225
769
9893
3433
2463
7373
7425
9145
5238
8616
3483
8882
8306
7309
976
381
3632
7072
1977
3564
7063
775
1197
5460
4584
8612
2996
7176
9120
9571
9734
9651
732
1853
1457
8625
5483
6775
2426
667
2415
9146
4058
3854
2941
1551
4634
3895
8725
5303
4218
5565
155
9012
9306
6682
9155
8360
5916
9287
7852
3512
7056
180
2563
876
1375
2641
1016
3830
3732
5419
8861
9612
1732
3302
9323
5044
7166
9507
5871
7323
6302
3199
3586
4417
6219
7337
3558
485
2240
3853
2060
3561
7896
9217
3698
9218
2290
2107
9705
6574
6980
1245
9477
929
2668
2206
5422
222
8114
7910
5076
239
9017
4214
5855
9170
2356
7986
4900
2640
2533
6956
4579
3514
4241
526
2429
5058
3791
548
4212
2931
8751
5972
3546
6830
9863
5258
5291
8691
5081
2980
6295
4152
1904
5318
9287
4777
393
6651
5985
3516
6927
5290
8871
4879
7310
7569
5977
7473
1321
8688
5499
7177
4199
8916
6337
1031
3560
7454
8806
5654
918
7567
9820
6618
423
3603
4798
3227
1646
1256
4354
6382
9569
4745
1322
9165
3989
7931
6985
8674
9637
6291
594
7653
610
737
4556
6047
6132
7022
4691
7339
4047
6558
6920
2520
209
545
6344
3949
3063
396
7850
1402
3039
3198
7873
422
137
1474
5649
9610
4391
6289
8367
4714
7619
5920
8433
4667
7023
7101
7013
7830
7383
2786
5262
103
5091
7188
5240
3810
2744
9531
2189
3411
6447
2829
6656
4592
9773
3065
118
7357
7313
7613
6772
2764
4429
3733
4820
7535
5676
9761
497
6187
9585
9409
6226
7819
5840
3791
7684
7390
3110
2921
3295
7662
658
4058
490
9918
1831
1861
3595
4111
1418
5037
7175
639
7222
51
567
8926
1007
5116
8235
8510
195
6894
776
6391
2684
664
382
1237
963
4508
9877
895
9102
777
9045
516
4794
3289
9716
6083
8852
7587
6617
6071
4497
8350
576
397
2509
6436
5639
2052
8160
6462
6277
880
1261
6977
3978
9339
1556
6293
6994
3209
3815
4366
5315
6550
6202
281
7333
2238
7827
4917
7041
2152
6257
1819
8818
5328
473
3051
4905
5088
2364
852
6332
4314
5028
80
1758
692
3069
2282
1754
5137
8000
3725
7305
2968
4379
6394
8979
4691
444
7781
3394
4230
9244
9917
3217
1466
9865
198
2068
3557
8251
7077
2642
8488
2200
775
4380
3621
5218
2366
2833
9290
5726
3961
9434
1199
7041
8047
8737
3543
2291
7160
9631
694
9781
648
9730
6000
8590
5721
2813
634
1041
5556
4217
1871
2522
3691
7194
6657
1800
1894
2812
9914
7061
9336
3740
2109
6591
9725
4867
2430
9291
5042
2669
4059
1600
2817
9464
8758
9550
3704
1688
6704
4098
4757
3335
9267
8705
9152
5338
8059
7489
6725
6350
9587
4119
4860
2561
5704
5947
871
1582
3100
9977
2775
1520
7833
8704
9276
7703
1583
5197
2263
2905
2284
3074
4237
5199
2103
3231
954
2368
1897
3042
5599
1996
6793
8907
7563
7374
67
1048
6689
7588
7060
8656
2843
7083
5572
5787
2171
9620
304
2222
5562
6307
8643
4133
3055
3270
2368
8744
237
1266
2639
2864
8121
9832
8625
5587
4647
2887
9874
250
9824
8252
7067
356
1170
4420
1936
3812
5412
3298
7468
7942
9044
4923
4055
9839
240
6670
8114
3009
7965
1538
4671
3933
55
3704
3535
5619
373
5264
6041
1349
6760
8167
2164
4779
2592
8381
1474
2207
75
4037
377
1272
651
4037
8718
1956
5219
5021
2480
142
798
7077
1151
6847
9643
1039
3815
848
9833
9388
7517
7246
5099
1003
9860
6742
3337
9019
348
688
7971
6913
7176
8105
1730
3733
9755
9080
3004
6167
9007
6418
2867
6335
3185
1048
7596
7378
4348
3102
2391
2960
8800
1127
160
1514
8079
8220
2208
4002
9316
8763
7216
7787
2848
3164
5692
1071
418
2943
8400
7806
9394
3297
818
8788
7531
4062
6331
3780
1219
928
7427
4096
2440
9349
8792
2251
6136
3214
4059
1621
9773
6500
6903
805
2179
2614
9070
2086
328
621
2258
2968
383
3136
9469
7367
6384
2083
1950
1769
1055
6362
9745
8592
8072
6540
7929
6767
3732
1651
1148
938
5515
3103
8235
5302
8294
8554
4909
8959
5183
5286
2295
7368
8488
7651
5210
9757
6628
1869
5464
8453
8470
6129
2820
9747
1844
2048
2246
8604
9783
5981
1384
4275
3922
5808
7601
943
8045
9805
1259
5118
8589
158
4882
2627
7505
2589
1771
378
3883
4926
6750
3645
585
4761
8882
7855
5216
3205
1956
4885
8452
6800
6212
6853
5686
6587
1516
9574
4715
4450
5661
9159
6996
5594
2471
9483
4815
6226
2917
7586
5066
9356
7763
1748
1423
4853
7774
3062
3200
5344
662
2974
8544
8481
7138
7827
7484
1876
2560
5310
4196
5150
1079
7645
2986
5724
4571
4982
1270
7592
3868
1433
8579
9402
9420
8350
5258
58
9947
9917
1033
2275
5105
4460
6575
291
4743
3059
4135
4704
2722
4971
4574
9861
525
4837
9906
6345
1777
4376
9066
3920
1396
5826
3836
4539
6796
7119
2543
8043
8238
567
8525
9875
6856
8546
1316
4571
6327
3879
1946
8897
8549
6770
4715
1546
434
483
1329
5190
526
1331
9550
9857
7249
1250
8408
8981
7047
4924
8449
6189
123
4234
7314
1077
7663
2900
2020
2413
3205
164
6011
2044
4654
6502
6400
7073
8268
9947
793
4261
7253
2989
775
3868
247
941
43
3419
6594
4552
9381
5363
7815
4520
1323
5723
4043
4598
9059
860
5831
478
5981
7829
912
7659
8032
3215
1438
6865
8256
5499
7051
4265
4984
1000
3465
5863
7129
3537
6560
1191
6703
2786
7076
8278
2828
74
2815
5949
8244
3964
3968
8280
4037
8065
6127
1621
1888
2776
5995
6504
472
4045
3362
9579
6918
9319
221
6659
2263
9002
7350
1918
8435
4045
9287
6088
794
7527
5888
4060
3916
9955
2931
6024
2149
5858
800
5417
4020
527
3000
3285
791
6461
9601
3960
1797
5277
1365
5478
615
8284
8775
4352
3572
9481
3171
7937
3047
8036
6801
9752
6527
7666
9350
2736
9779
1181
1894
9562
5680
9273
5594
1836
2880
2225
1673
1571
5192
7359
5975
7348
4111
298
1207
9265
3558
9722
9774
3095
1545
3351
2998
1155
8304
3679
1227
7605
8162
1351
4006
5356
2935
9369
2803
9505
2103
2747
5265
784
3524
4176
5237
609
402
120
7691
597
3551
6659
6155
1660
5250
5410
8916
3955
7748
478
7527
8810
5845
1890
6995
4964
6045
8371
5816
4984
705
961
7674
2212
1725
725
3252
3249
9540
1402
4374
6593
833
6152
5981
5845
2328
4331
7502
5371
4095
850
2878
5781
6355
6084
6369
4469
7848
1437
8413
3108
768
4917
3338
4226
9895
5570
3864
2759
3561
276
6365
3880
6800
7118
6138
3621
9134
9429
2553
4784
7908
4128
165
5624
4397
8559
261
787
7434
1721
2438
7530
6394
4525
2276
4958
4293
3354
2517
5672
6469
7722
4739
8078
5970
3289
3876
2226
3929
8067
424
2692
7992
3259
7166
1224
424
3785
9026
9666
2711
843
9319
7678
9058
4188
3981
4620
6379
3777
7791
1432
9021
1536
1676
1000
2201
4060
8096
5918
7387
6603
5263
4429
1726
1016
4733
5401
4809
6020
5085
5655
2981
4632
276
9123
5019
5877
2344
7009
4559
8604
8906
8651
259
6890
1213
8969
5593
715
9411
766
3370
3744
6323
4095
6188
7035
1848
1198
8482
3238
9161
7877
262
9875
1632
943
3084
6222
7914
8496
4659
3247
5610
292
9261
6364
5546
2197
1192
3627
7039
38
1768
6005
9735
2300
4579
1158
6674
5533
4953
6017
7450
9408
1582
8241
6113
132
2646
2266
4838
1869
8652
3805
387
424
4574
7754
9525
2576
120
2944
9081
3913
6331
3696
3312
3194
2506
7744
8142
8968
5265
4187
2613
5293
7315
8373
8297
2071
3854
1245
3248
236
1293
8555
3048
3292
3866
7704
8948
767
3469
9309
7733
6285
7270
7236
2977
828
2387
2619
6242
5204
5150
1143
285
511
2231
7044
7950
5340
8185
1738
5517
242
283
5836
2239
561
7621
4875
4331
7109
1325
6439
5174
1156
7773
4005
4110
6566
6643
4523
4720
341
7013
7672
103
1994
1790
5778
9266
5286
4650
1543
2416
5602
2714
9093
1082
766
6692
9877
8477
8182
4538
1713
2642
3427
3669
1879
9116
8541
9965
9333
8846
2798
2216
756
7910
9778
5614
994
698
7483
1828
1511
445
5232
1261
3849
686
7861
249
2987
5886
4486
6232
5920
7340
350
3344
3293
8830
7684
7783
1469
2750
4772
5501
9166
8831
4780
9832
568
3530
8045
7550
9758
2713
753
313
9949
6847
8332
1242
8497
3123
122
3229
4791
775
9944
9748
5997
5817
4863
2738
5254
4661
1643
5239
4042
6805
1371
7571
4857
7254
1008
2377
6304
4632
5064
8321
8436
9201
7412
8602
9676
3983
7237
7322
8619
9529
2790
3715
3386
1376
7299
8309
7237
1719
2919
2042
5324
9708
4563
4657
9545
7474
2826
6282
3617
9516
2057
2667
6531
3576
4804
6957
7662
6310
8828
1894
7440
1908
4556
7491
712
7144
1491
5026
3869
7144
7484
7802
6807
9049
3880
5223
4843
1426
2846
7366
3941
8060
4696
7225
7118
7608
7615
3095
6252
6445
9953
6483
7817
7981
9070
4167
1691
9587
9203
5598
9202
7116
4973
507
5297
6191
79
9961
2740
2377
5375
3631
7936
9593
9642
4207
9160
6037
1976
876
2635
2616
7306
1286
8842
1848
4832
5428
8279
4504
775
1820
4298
2583
3215
5585
8253
4914
3963
5898
4375
4477
9746
5995
3750
1689
4834
2355
8037
1971
5412
5601
3069
8537
9898
2451
3512
7290
9493
6156
9088
3464
4196
257
1238
7260
2742
8689
5663
8743
4400
7071
8169
3649
6427
7053
5643
9792
7268
5750
5866
2293
1655
7640
3448
6214
8102
2573
950
1188
6706
8293
5435
9450
7037
7953
3453
5969
3718
9470
9467
17
3843
491
8893
6232
4653
137
2099
8832
8197
8991
7275
1873
2437
3895
3166
8691
2049
233
6842
9261
8235
6961
6970
5247
8614
6095
1456
1864
5347
3148
2613
4677
471
4644
328
9207
830
6020
8898
6640
408
2160
571
7321
3617
5681
6581
5779
7439
7562
4709
2392
8564
2198
8594
8333
6899
2640
3958
6839
4176
8607
3905
5142
416
5163
7917
4386
1152
6256
6269
7569
225
7438
4366
4963
6528
1610
3999
9738
8820
6725
7165
9865
4641
1191
6007
6759
3769
4776
9105
3392
2994
4155
3299
8905
4851
343
1361
6078
7576
7699
1942
2393
3348
1997
5945
3889
822
3511
1330
8397
9461
9022
2598
371
4469
5176
781
5986
3243
4938
3669
5208
381
2644
4064
7921
8098
170
7208
5549
4489
7423
6402
4892
5414
9824
5088
5928
5239
8970
81
7407
9637
1961
9123
860
965
5902
5833
1313
8062
9371
8727
3795
6389
6015
1610
1954
2371
601
7733
6004
617
5178
4037
5517
42
4300
5174
3404
8246
4217
607
8053
440
8137
8441
454
4533
6875
1357
8553
3716
4703
4346
8293
8877
8382
134
8129
3530
551
1708
3670
554
3415
2020
9056
9844
6996
3264
3809
8233
1862
4770
8786
2482
195
2491
2215
6441
8517
7518
7469
947
3545
6051
1346
2330
7479
2280
3489
1705
2233
5922
2921
8017
4027
6849
3962
9385
1821
2993
5915
8162
1687
1837
5018
8360
9354
9070
5377
9972
2815
305
6289
158
3518
3126
7326
1792
4765
8500
3895
8358
6915
8587
3856
4130
2664
7681
2846
8396
3499
910
6446
4374
5343
4739
6290
2589
7443
5653
3673
491
8237
5080
6282
9706
9762
5862
141
3059
244
1199
2150
4548
2265
6330
4046
128
4228
5561
8416
4241
6930
4810
5485
2552
5986
2282
749
837
9666
2309
6835
8946
7667
600
3627
6233
5592
2072
7986
2455
7712
1275
7058
7528
5118
2947
729
4289
8769
6731
4101
44
5349
4570
5966
7838
6293
5349
1600
3925
7226
5393
7235
1325
9429
5190
7833
3346
2869
6063
5923
5567
6598
7693
2656
3013
5830
9979
5523
4087
325
9021
7408
4898
6665
6738
2020
218
5994
8120
7214
176
5280
6814
1597
735
4040
1620
7447
1382
5101
6879
9858
7456
2345
1210
2019
3071
6167
5398
7714
6231
7923
1489
3510
8662
481
1748
7762
8785
2391
7879
9563
1594
4392
8543
5957
30
3102
7800
9481
5658
9315
5485
5653
4526
1628
308
8416
634
3363
8711
3576
3813
4239
7149
8730
2620
6818
1127
2109
5607
6607
2534
9964
279
2726
8233
7582
8812
4877
7924
8964
5683
5260
2845
3278
3277
1525
4816
3866
2330
5023
9587
7226
9444
5358
7059
7905
7433
8352
5549
4153
8592
6598
6729
5844
5964
9037
4544
8254
8286
9288
4030
3147
3780
7964
8018
8802
8016
8103
9971
6805
4292
4782
1005
2796
1865
9122
2089
8125
463
8814
7482
1739
4911
1312
9316
4824
6364
49
871
1799
9543
4067
1657
7475
6578
6550
9857
6965
3692
4375
2751
9046
9931
7733
650
9074
4072
5537
8754
2581
7828
9505
99
6133
5993
4305
4827
1707
8779
4040
7970
4879
4285
2226
1320
927
9424
1135
2237
7803
6741
5911
2186
6304
692
9448
349
6416
9381
5758
1905
1722
8524
8317
3468
2604
9554
2158
1842
7249
1806
7044
6614
5544
1682
7017
1393
9475
9202
2202
5723
9400
9167
3932
8406
1672
2417
9354
9163
7881
900
6780
4076
5475
3145
4165
7960
5203
5902
5993
8061
6191
5464
1625
215
9639
4971
7277
439
1492
76
4541
2767
224
2526
651
3785
4545
3752
8528
1943
6419
9752
8242
7206
7361
4817
2990
4940
6640
4928
1448
9440
9896
3325
7325
2888
3216
9596
2145
13
581
6690
2713
2044
2871
9733
4791
6470
9664
7453
1022
4118
6961
5895
9633
1970
5898
1064
9164
1019
5062
7373
3502
3455
2721
4817
962
6542
3607
1081
633
5161
1995
3945
5557
1734
9280
297
308
6944
1735
1026
9479
1132
1990
387
3150
3958
6145
9648
2114
6890
9576
297
5295
4542
2989
9657
7676
700
8400
3637
7865
3486
8361
6932
1395
7474
3841
8910
7990
2397
989
2989
2528
460
263
2016
606
2981
8651
6303
2005
7836
9852
5192
3567
9073
401
7736
8305
2295
9423
2965
8053
3808
3587
9336
8632
5603
540
6520
5665
1408
6067
1153
3885
42
9689
4564
1508
3699
6539
6424
633
8950
8228
2062
4435
8989
1823
7618
7363
9010
2744
2493
4961
5155
542
3751
7063
8254
4358
2058
474
92
9871
6530
2977
2123
1726
5585
7779
7620
9174
8655
4081
8251
4965
6014
8621
5780
5150
491
3718
5426
2862
8401
6401
1690
5149
6823
1734
4807
5076
3002
5156
7623
1669
4805
113
6083
9947
8668
4369
6412
4911
5145
6946
9104
6820
893
5955
5835
1663
840
9295
5418
9271
9028
4458
1755
3317
4540
9526
1409
6952
7530
9106
6852
4856
1533
9648
4101
2692
2617
18
4702
5834
9225
6560
664
1587
831
3096
6262
1881
3516
338
8175
1669
3883
559
7177
7929
7752
7230
2401
5415
5391
3450
8903
3004
318
6628
1221
957
2220
3912
672
7932
8691
2430
1016
9623
9656
2288
1946
2605
8476
9411
6948
3085
8923
9108
472
2318
5153
3280
6154
6917
1436
7359
4628
2246
7549
9663
9
8490
3368
4393
6949
3256
1227
961
3059
1204
9292
6047
4969
2049
1914
3733
478
8004
8725
6781
8668
2854
8234
9217
8225
390
3271
2726
31
4777
2813
8229
4194
8878
9634
5303
9297
5763
7190
8349
382
3693
9534
4761
7977
9816
1292
1421
6209
3804
1168
7678
3129
3560
3831
6580
809
2685
6034
4801
443
2345
6690
4315
6918
4975
7790
6280
4793
1840
1703
4981
8461
6440
2227
4691
6252
3063
8773
5823
3472
5450
62
5084
2483
645
2173
7166
326
6560
4130
3894
9486
9915
4352
6725
7961
9775
2080
6911
1311
9923
2482
2606
2323
5224
6127
768
1031
4817
6666
9774
5759
6194
5701
9081
7775
5428
2511
2371
4142
9938
7259
6551
427
9315
4652
9735
2862
9636
1900
5904
4744
1153
9548
6652
5892
1984
5909
5203
1535
7659
9390
527
2019
584
1479
6187
2607
950
7089
3190
1763
6774
9872
1578
3398
356
425
9812
9146
6240
4709
8591
4824
5597
8904
5778
3205
3974
5643
9138
4582
8488
1093
6357
7040
9024
6664
2133
7400
6849
2568
7420
1401
7441
3046
6354
1108
4642
8059
7633
8081
3608
464
1201
4083
332
5402
2117
9546
892
2755
9968
5634
8780
3571
2213
5449
5453
2542
315
2158
7928
8966
9401
9381
4232
7073
2579
5127
4145
5446
865
966
8449
6689
889
8125
6737
1334
8744
8918
6039
5522
9138
2950
8636
9709
5155
9267
7525
9163
9745
645
2864
8770
5073
4778
3805
933
3266
7972
8822
1903
7785
4349
7309
5196
9706
2811
6000
2449
7840
622
5451
1996
1018
6693
8075
9926
2355
1905
5434
1956
8667
4962
6620
6253
2407
8797
2869
9910
6321
1039
4405
8361
589
4491
4369
2964
682
8031
4782
1454
545
4869
1052
7860
366
3989
9422
9682
