3848
4018
2248
7506
7126
818
8476
1830
2958
5174
7123
1242
9550
470
9261
1146
5312
8408
9928
6514
1371
7524
6094
1129
2422
5124
1614
4986
9226
6183
5653
3820
3827
9989
3097
4596
3603
1356
2450
1393
5107
3960
3397
629
1495
8034
4734
611
8780
1311
6554
9795
1712
6617
927
5651
7054
3212
1848
2440
8773
3110
5440
4338
677
4721
1946
5613
7701
1149
8107
3395
6003
9510
2021
4623
5049
4933
8336
3725
6456
6242
8023
1070
980
1799
4093
3415
1868
4384
7418
4680
8036
4767
9637
5626
5537
636
720
3090
5664
7129
2827
146
6691
5347
3734
6767
2105
36
4374
989
4537
5542
3315
9958
1275
2994
4764
8201
4819
2727
3383
9519
5018
4854
4265
4937
7883
2169
5646
1990
2583
8084
7814
7377
502
5971
5868
9814
5131
9395
276
9285
6898
7806
945
2015
2648
2286
2752
9774
6311
2866
772
1329
9325
6718
2783
4948
9800
6604
6361
5134
6480
6657
6112
4100
4097
4507
5917
7675
9347
7590
319
9003
1752
8446
5814
542
273
6302
8589
2632
7485
3191
7413
4321
4047
5388
4107
2973
2043
4282
4949
2253
2061
3797
4734
175
9335
1406
6779
9136
7957
8865
9673
1617
4525
5818
5829
2935
1128
3719
5672
6092
376
3737
6637
8532
6342
5028
4433
2378
3977
1638
2965
5448
452
3012
2338
6117
5356
7920
9035
2505
3588
4343
6008
381
120
4871
6612
573
9459
8893
2772
6575
3661
9756
1473
333
5940
9610
485
8941
2597
6324
1103
2739
359
8834
5618
7916
8917
5221
2320
9211
7382
3501
3294
8769
8811
8247
6101
6085
1876
6148
7797
275
2975
9141
3061
5649
2222
641
6571
1308
7059
9753
9540
3425
3451
4147
6769
8551
2917
4642
3727
5738
1454
8199
6689
8387
330
5729
3468
9554
9344
9247
3551
9118
466
3638
3612
3107
9224
3775
7400
3690
3368
4424
1883
8838
2932
1850
4947
58
1425
6266
2476
4393
4543
1785
6100
7333
5497
8550
5230
2921
7867
1524
5814
8850
6219
7574
2779
840
4742
582
4958
1706
2808
5973
3430
9495
8215
9852
6237
7705
3020
9585
2554
7004
7391
2646
828
2621
9550
1932
1199
749
1593
5781
2478
3941
4317
8598
3030
515
76
27
8323
2242
1221
9060
1145
4936
5493
5805
9361
5656
5914
5212
3518
5688
9408
8243
2763
5758
5722
5190
5747
3
9086
6614
8524
8393
781
3116
9376
6777
5629
2529
8346
1157
406
2570
7146
5244
5237
705
3557
3803
6928
2302
4668
5473
5207
9940
4438
5083
9715
1128
2557
3486
4846
3453
419
8772
8030
5627
4462
1213
7151
4542
3639
6646
4812
410
2939
7271
7594
8587
1244
2439
481
8795
87
9658
5944
7501
2802
9514
4284
999
2930
2291
3868
5068
9878
5848
9332
2743
4356
6324
7957
5716
1310
5995
365
9864
8001
655
6344
497
3802
9982
6722
7495
708
3256
1463
1554
4322
7150
5786
6165
3797
966
6990
6696
9755
3051
9780
8420
7941
3073
5314
4824
5348
1623
1420
952
6527
7589
5362
9141
387
309
8038
5783
4535
6462
9144
5718
9338
7179
2480
8041
5772
874
6567
9445
2118
8944
5490
8327
1478
6553
5515
9085
8939
3230
1470
4287
282
9695
110
1467
5131
6784
9170
9278
3891
9857
6127
5886
2334
4756
8562
8244
5496
7091
106
4199
9273
3802
8384
5427
7707
8064
2293
2377
9849
179
2118
2640
8678
2289
3262
2745
9398
5891
8408
8448
9885
9636
9311
4574
2402
3775
6309
6220
6960
790
716
4162
7929
6575
4612
2125
4711
1657
5682
4014
6081
9852
9449
7359
4950
3038
9143
4097
3241
1218
639
9858
1193
9164
5902
4186
5035
6255
7468
1668
9942
2455
9970
3657
7243
6882
4082
2551
7439
1560
7879
6417
7
9196
426
385
4159
5195
4061
6137
2727
2450
9576
5894
7354
5020
9967
4533
1404
5032
1132
3488
4719
6937
5822
9345
818
6455
6333
3303
2631
546
4136
5238
9263
6583
5741
8281
7285
9932
5445
9571
5779
3893
3738
7378
8149
3017
7653
85
3432
366
8840
9764
2014
2992
1061
2030
9074
5617
9289
9728
7346
5403
7817
7425
1517
5105
119
7403
8907
4884
5121
9203
6467
3424
4310
2762
8429
6950
3957
652
1077
2549
6293
9925
6504
66
5051
9251
6383
5558
3531
9847
3605
9830
2382
8101
1414
8062
4347
7435
2870
1927
5861
4095
4155
1784
5810
9264
3624
3672
852
1807
8918
7617
9589
8758
9217
1440
6003
230
5869
233
3910
991
6628
1736
2122
1736
4093
354
7598
1470
5993
2922
5719
1929
8397
6063
3233
7082
7863
9010
4132
4961
6720
8934
4303
1660
781
9104
2899
649
3569
4062
3982
5020
7426
5940
6995
6716
1958
6657
1475
5399
8954
4688
7514
486
7886
2603
1048
6348
1025
953
7290
6360
5781
3768
1908
9977
8975
4166
9694
3441
5661
3721
3320
5442
4276
1535
7147
565
6948
7263
1518
1146
618
4782
578
9674
5955
9486
3274
4456
5688
6513
5738
9510
5611
2091
9051
6643
3483
7093
4711
3058
1415
1262
7512
8390
7853
9932
3432
3977
6062
6240
1508
4620
4960
840
5890
665
1887
2094
4460
740
3009
7485
6296
2624
7204
4019
4165
141
6839
3506
6916
335
146
1329
1040
5627
2418
8512
5724
6426
8037
9961
8744
7504
6958
5441
3472
182
6214
9197
9857
1379
2976
3666
2567
6921
2182
2181
7752
2284
4325
1681
8055
1662
4834
6870
8519
4117
5127
6846
6284
1549
1150
5116
2127
8362
4729
9950
3982
9062
9932
2113
1213
25
1816
371
861
8183
5828
19
135
8099
4666
3716
8294
625
3275
17
7598
3032
3408
2987
108
4918
2430
8174
9452
3934
3221
226
9057
2445
8517
5212
8933
299
2030
2468
6717
796
3154
4082
8279
6694
7785
8418
4883
6669
4129
4982
2251
2857
2096
6923
6673
4409
6088
3379
7507
8801
8853
4961
1261
9647
4582
564
7020
5068
3093
1898
9146
3421
8053
3190
7259
1529
1591
8781
3379
5285
6985
3418
3137
43
7820
2209
2188
7434
1488
1120
5849
1590
1134
4945
2774
128
6145
6508
7350
1120
322
8873
74
7966
3583
5236
3752
9905
2184
1193
1082
4399
5301
5439
2805
114
3143
8545
676
9004
3162
9559
5265
5089
9683
9539
3696
3859
5308
2247
5656
4267
3465
5748
1487
2883
4534
2622
4865
6321
6735
1947
3836
3101
2555
3114
2698
8211
6070
6048
6364
5716
4826
2989
864
3719
7417
4093
8143
4013
2666
971
5894
5378
3453
8096
6846
8959
2877
7225
7226
589
1553
2759
9645
7524
9502
6911
2981
785
8493
3170
5848
3270
6388
5207
6073
4091
900
9027
9143
7698
5647
7915
1987
8600
3475
2224
203
247
9960
4810
1544
9689
4706
2656
2000
6360
5458
5426
4297
7440
9055
5498
1579
2741
5901
5959
8689
1041
8744
9977
2140
902
1775
8971
4995
9569
5375
1657
4170
2079
2667
1795
4462
5450
181
6170
5563
5276
7996
5496
1402
3925
7666
8204
523
2967
1672
6066
6890
2157
4344
7729
8241
6892
1262
1406
490
402
5093
4527
9247
1515
1722
1481
2497
4083
4719
1546
9537
165
3950
867
8733
7970
7127
189
3322
5454
5800
8445
3531
2500
3145
978
9724
5177
881
1482
3245
6558
7768
9109
5518
2047
6537
7905
8548
2360
5363
5252
5413
9160
1550
2328
4197
2765
9253
113
3102
6223
9635
6730
3349
393
5054
2638
7983
4865
4459
8770
112
2121
2012
7567
2187
1806
7869
2109
5083
5774
2391
8267
524
2663
2094
8156
2199
3146
5262
1419
1129
1117
3357
1695
6447
9760
8684
8857
8335
1288
1008
9130
9526
4375
8439
2306
9482
8605
4185
2275
1787
9688
4717
4212
1371
3094
9924
5889
3942
3067
8902
1008
1296
5342
6664
798
1162
3662
8983
6184
1729
4322
3124
7222
9075
445
5339
5121
1918
368
8545
9910
7047
6938
1625
1954
8292
6171
3827
93
7911
2278
2915
5139
6871
8228
3465
4461
5916
5189
4802
6959
7895
5378
6667
3898
2396
398
5229
1665
7709
3339
2025
6377
9444
3960
6160
4522
732
9192
4032
5906
4924
3198
8215
745
7826
6820
7797
9247
7624
5915
7154
8145
3654
9741
9769
6906
5204
6062
176
9654
4937
9201
3877
6178
7541
5127
9174
6271
327
994
5101
9398
4188
3479
8310
5861
2325
1042
3615
3175
7443
7236
107
4866
9826
7703
9474
7290
7695
6434
9881
4147
1047
7399
8361
8932
6158
6554
703
4470
5401
8781
3600
7483
5800
1478
3606
3580
5139
4034
2299
6059
6608
6434
1552
1975
590
788
5947
8158
802
8669
6780
2109
7467
9890
1834
4466
7172
5413
2814
7250
6933
2972
8827
9111
7910
3758
2825
2417
2930
1367
5789
2094
2308
4827
2838
7492
640
9735
7959
218
1520
9315
3772
2151
121
7443
283
2834
570
2237
5192
2456
529
9061
3860
2365
5738
915
7027
4793
3748
1782
7433
9235
8242
3330
7457
4076
1947
5685
3114
2258
2910
6664
862
7205
4261
2161
639
8503
7205
6149
5025
8268
5264
3706
4254
5664
6183
7322
746
40
703
9507
4820
6240
750
4572
8597
4260
8322
6642
296
6634
6943
7809
2662
4269
3299
2350
1596
3941
8152
2145
7740
7425
5829
5136
8685
4758
657
134
3008
2817
661
5394
2208
3784
4909
8908
7509
3711
8779
6450
4277
5111
7303
6817
1975
6000
2903
4431
3862
7375
487
7525
6638
5115
7910
2507
8326
2050
6205
1147
4537
3352
9948
583
3059
5135
4434
8742
6277
6370
6792
7033
6885
8891
6107
444
7894
2357
37
1928
4255
9947
359
8742
4186
3983
4149
5662
8155
2663
9438
8989
4843
3090
3190
3445
1216
6313
8977
4046
2219
5856
3774
5034
4925
9819
3278
7543
3750
4765
8081
6893
188
7036
715
5511
5045
1985
2407
7630
530
3659
5112
3217
3720
7571
104
3649
5963
7562
6863
1593
2216
1454
5874
906
8432
4011
5125
1540
269
4111
9726
4642
818
1814
7400
6156
755
1012
9200
3055
814
9169
5632
3210
7108
2958
2726
447
5608
6198
9808
2682
451
6719
3910
6733
5554
6656
2179
8505
5997
317
4065
2938
5748
3661
4241
1290
6967
124
9892
997
5138
4093
729
8156
1956
4263
2340
6195
2235
4417
375
6469
3358
6312
9471
8519
6823
60
9757
7210
7530
2907
7807
8010
4998
821
8395
5891
9639
5903
5959
148
6709
3715
6312
9947
9084
52
501
8688
6873
239
2360
8014
2574
988
5905
6268
6179
6645
9542
4905
4057
6126
9866
1366
6524
9682
2920
7021
6596
5646
3597
4767
6936
118
7824
6348
6816
1542
9759
7787
3941
708
5671
2058
5927
6096
2767
7455
9498
9645
3074
3212
8302
9369
4551
865
5002
3704
7727
7228
2533
4047
9274
3035
9584
748
7494
7890
1795
1715
7653
2744
6114
6468
1433
3276
1004
1064
7055
7605
9873
2409
2614
1607
6253
6769
4474
5985
3572
7211
9633
5347
4780
2710
1218
8828
2578
7544
8797
5042
1386
9887
6634
4635
3062
2115
6994
5912
7714
4279
5876
4130
9450
814
6613
9132
1401
7626
295
5704
4143
3295
677
6645
8046
1254
6088
3206
9985
4574
3865
8286
1496
3454
1860
440
5061
9813
3989
8947
5181
2481
8865
1866
3563
8046
1619
7361
3303
3159
6546
9643
3486
4008
2012
7785
2638
6804
7938
1085
1792
6114
5407
5644
1395
5106
437
6818
4257
9630
7126
5232
4928
1899
1916
3632
4119
6031
7973
7113
3354
9644
6991
3582
469
4538
652
7216
1649
2356
9522
6804
8325
7944
6034
2287
1245
7346
2066
942
7983
4898
3321
7107
5696
377
647
8025
690
4627
47
2648
8536
9631
1474
3764
6376
9674
9784
9712
683
7048
6029
288
3268
6260
9526
2060
5818
6800
2079
1024
5124
7941
2499
2208
6304
5710
6135
3993
864
4896
9331
2451
4130
7777
9726
3698
9195
5194
6645
7148
8431
4503
9271
2101
5231
2507
5728
4742
8911
560
4112
7548
1011
828
504
3180
8389
4975
6736
9940
3830
953
2200
7485
9951
6536
9241
3388
5458
6143
9382
8824
5202
9411
7941
9095
1324
1359
212
8049
416
4087
3289
6901
7136
7433
1915
5690
7187
1007
9462
9613
1334
8593
7679
4154
8241
6456
1045
9302
6050
9085
528
3705
7704
8544
2921
713
9261
37
9333
7009
5984
2888
7278
1248
335
1345
384
350
3950
1635
9213
7930
8230
8046
7198
2030
493
4564
2375
1236
2269
8409
406
50
5556
5427
9479
9664
8088
4417
5463
2795
6517
2248
5971
1617
2196
5209
2524
9293
3705
2542
2153
3709
5929
2547
3401
8174
3238
3729
5236
4505
2345
4981
7148
8167
2987
8608
53
4064
3536
119
1390
7041
2944
1547
6332
2636
6995
7667
3906
4889
6537
1813
3294
1275
3555
5508
7410
7981
993
1858
3870
2683
1721
5079
5703
3132
8737
6298
5670
301
1177
9452
3823
1034
2728
7572
8700
9797
929
9860
6726
1241
1377
1883
9168
1799
7416
7284
8688
1679
6290
9372
8938
7420
1089
6257
746
4278
3849
4485
3502
3723
3399
6034
9838
2263
8943
5127
9897
9055
1505
2353
9581
2398
7910
4933
8226
5271
1949
8649
3332
1945
5917
4754
6012
1648
5494
8088
7770
1128
2136
3430
1168
6525
6751
9054
5134
2206
9194
1226
613
4495
118
668
9034
3358
9228
4742
1050
7741
4388
2918
2404
8110
5317
9193
904
9741
3882
3361
1466
439
5954
1153
6226
6984
8643
5077
515
4178
7116
9278
1493
8329
3974
3963
4930
2252
2471
7523
8154
7310
2547
319
2084
2306
8126
2133
2833
9285
5267
622
5246
1701
6282
1657
8886
5888
8073
8537
4081
2407
9242
5929
9726
8961
2821
3248
6680
6380
5754
976
6664
1742
8461
8184
9510
5033
222
9433
9021
8061
1555
2597
4411
920
133
9331
7089
7145
1108
9919
3277
5778
5272
2479
8914
8683
6101
8161
7889
1074
7673
9616
6598
6704
5830
9861
8577
6184
919
7977
767
7097
8880
1353
8436
147
2134
658
3991
5462
4040
4380
891
3605
1001
5299
4054
7546
3035
7872
3711
3475
266
4679
361
106
3330
8506
6806
1970
317
6538
10
2573
6541
2173
8926
2587
5203
475
8620
6444
3193
8050
9150
5271
3842
4490
9790
6051
9468
4195
8313
6306
5487
6650
1029
8942
4549
3115
6779
9067
1094
1200
9267
156
798
2295
8444
7922
8349
2705
8948
1999
5916
6551
6698
8233
6279
5991
7293
1178
8587
6941
5185
5619
3389
6957
3838
2241
4612
7804
9588
6424
1028
4334
9215
8316
744
4697
418
638
4267
105
9203
8979
115
7662
8388
8017
2987
2063
4553
418
1116
6065
2971
555
8279
4051
1880
7335
9905
497
4
5356
923
2728
7888
5695
5501
409
5461
4787
2287
9559
2989
6780
4980
3370
6063
4818
355
630
8933
5505
7619
8773
2267
5053
1170
5953
1478
7763
3426
6622
6511
6235
433
8324
8475
9353
7971
4106
9576
5395
2062
9085
1718
6413
9298
1617
1215
2080
6019
3807
9364
4009
9204
8940
9814
1581
210
9066
702
5450
6058
3287
5754
5353
4808
7155
6836
3552
6253
2688
7024
5508
3564
6626
2497
7595
2849
6469
3225
8047
2686
5422
9996
3599
2356
1370
15
5184
106
2386
6739
4384
5357
5632
9016
1083
9556
2795
3151
7382
1743
5390
9664
7977
1324
9720
4852
10
2565
2460
3120
1988
2793
9480
1711
5799
3925
7554
7499
1176
9535
5407
4648
5993
959
5421
1485
5748
9547
4352
9520
2129
7485
2282
828
182
531
2499
8785
7182
8242
5721
7385
4338
1224
2208
4978
2404
1069
2618
3357
7755
2133
466
7554
2249
5861
6531
2478
3016
1679
3429
6410
306
7787
1591
1209
8912
7364
6152
5326
3578
6541
8207
1063
5166
6846
4923
2458
1532
6879
8229
4186
7789
4527
562
7398
3299
1617
1604
7630
7484
9988
7535
2227
2416
9038
9
3866
6410
244
5883
8413
4324
72
6020
7134
4666
5888
605
233
7137
7311
9527
1285
2688
6066
8896
5366
1884
4697
2901
7458
8834
7152
3394
8077
1854
5432
8052
4772
232
9911
6751
8323
6382
4777
9995
6131
1164
2370
4937
4212
6408
7457
1668
3474
7354
306
3075
5463
392
3232
8090
8829
7248
4772
8464
3902
4831
367
3116
4362
5087
4881
601
6436
6813
499
5800
3914
1959
4711
8228
7855
500
1817
2960
7366
1662
770
7261
589
2123
4922
2808
8212
4330
5479
1424
2504
1976
8278
9349
1921
7666
8565
8220
5188
9796
2682
3471
7797
7216
468
33
6957
4219
1212
7743
9492
2209
1175
7218
5404
5065
5339
5457
2426
5282
8395
3684
1296
2365
3905
1443
2731
2517
3527
3404
4903
1673
7139
6580
26
5754
9948
4661
9412
7151
5453
4101
5761
7894
9237
4263
9816
4469
6439
3371
227
6606
2773
4336
9243
2753
5653
7258
8063
908
3757
4271
8385
4750
9712
1787
285
1993
4308
9379
5543
1861
895
5654
2896
7393
1039
7503
6548
3348
8179
3912
9636
7746
9593
6137
4219
6538
9204
2478
750
1676
7721
4454
4277
6296
8887
6952
9457
9521
1584
3504
2601
7313
8344
9254
2613
2486
6410
9583
7574
4602
3169
4238
560
2848
7546
1395
4629
8858
6867
9507
8895
2232
384
7096
3721
4666
8826
6111
2298
8391
7204
2895
9840
7462
8412
3113
6837
1386
7561
7883
32
9178
8903
5055
6811
4590
7117
5937
1565
1430
7
9341
8931
4388
5061
9654
8351
9546
1711
5716
6765
2686
7971
9925
4094
6842
1005
7187
1187
9679
4145
3942
1832
2218
5720
3041
7194
6351
6341
3239
5094
5282
4499
7680
9520
340
3293
3271
4429
266
5913
4091
6029
58
5938
7909
4056
3199
4032
1161
5732
2347
8054
3621
2400
7932
7880
1846
9377
2807
3591
2858
2038
7809
5627
8609
6569
2525
4684
6605
4661
4719
9004
4040
2431
5183
3860
3716
2482
4426
6234
8461
1435
4082
9916
75
5693
1653
5788
3524
4850
2523
9463
4430
7872
7737
467
6034
963
8098
3685
5164
1564
685
4717
4895
7894
6002
6079
3077
6016
4302
3822
580
3868
7159
5462
8540
1060
3321
7670
2189
2083
9774
2985
7990
4711
1692
8896
1880
4593
2008
8237
1465
3110
9768
1086
5956
6278
6710
5572
6781
2134
2529
7472
9186
6956
446
3593
6382
2839
8955
652
2695
2520
2148
7616
551
6129
6798
1140
5687
168
5505
8184
5143
2615
4563
5381
9499
4772
7999
6314
5920
56
8165
9732
4892
590
3947
2424
610
523
9105
1152
4245
6660
81
5473
4532
8864
4885
7605
6372
2843
4067
6233
4027
4563
8436
6437
6808
1939
8642
9091
4369
5130
3711
6174
6644
2743
18
7977
6079
1171
5277
3048
4426
7451
4746
7567
1634
1497
6484
1590
7153
1982
2769
709
3273
1022
8525
258
6608
2920
4322
9108
4916
8128
707
9794
5887
2618
8360
4493
5606
1573
2404
5031
76
6594
5298
4031
2084
2720
1726
3339
3715
5686
944
5312
5460
348
5010
8432
1925
9398
3219
5168
1678
5181
2453
1045
3106
9372
9440
1051
910
900
233
1138
3966
7212
1773
6021
2031
1033
6568
2520
2703
7334
1586
669
6048
8368
8201
1571
300
1441
1674
8748
8867
2759
6360
3690
6559
9984
751
1557
5337
9331
4402
5195
4676
2958
6272
8292
1030
6872
9557
3793
4263
1123
1805
9249
8851
6320
9988
5696
5129
9390
4585
6540
2326
1392
8833
5476
5980
4458
9735
4688
235
8
9953
1959
7826
9147
862
6289
2014
6977
9339
5402
1537
2448
1797
9360
7806
7614
3128
4457
1297
2208
3446
6531
1756
1741
2612
1929
3995
9359
7790
47
9481
8709
8315
1227
1308
8311
9179
1200
1483
6728
1884
4376
2175
9985
2972
3453
1479
544
8537
4308
7350
5068
2501
4854
1368
2115
2053
6717
6162
4082
6216
7783
1158
7808
3076
6874
6469
7911
971
6693
2176
6480
3741
5822
455
8027
8136
6333
2098
8872
2299
6452
4670
565
4424
9689
5694
5620
4519
8786
3187
9111
3367
4428
7527
8891
31
4408
3299
8814
595
3747
2193
3167
7026
6000
1547
5105
6476
3203
834
2827
5153
9037
603
5519
7909
5119
1940
5125
7824
6077
7300
6067
7409
4082
4848
5883
4274
1433
617
