4614
4967
1078
768
7630
4632
3828
7019
6724
7351
6594
5029
1178
8466
333
6491
124
3122
3317
3637
4443
5786
1385
1660
6818
7081
9114
2892
7303
3535
7823
8581
9375
7467
725
6699
8958
5795
5793
6526
7851
5693
2979
2308
2716
7386
936
7441
5890
8691
5388
3001
7235
4523
7018
3116
7968
8116
4131
9552
4115
3453
7190
9485
7464
4089
417
8689
532
8315
5445
8404
8518
4381
7967
5573
9960
8160
6376
1811
8593
5598
7371
8809
9547
8683
2798
2529
2013
4106
5023
7513
1892
6988
1356
4290
6003
3939
8479
1733
2771
8900
7812
9536
632
6187
7065
1150
3491
9240
3633
9317
9197
7704
4740
9817
3831
2351
6407
2622
2971
5168
9507
8010
446
1519
8853
2665
2708
2029
9985
4650
4480
7027
4100
3015
4727
3691
7957
3778
2400
7975
1030
554
9578
4932
845
2525
3466
9833
4841
6343
1807
7818
388
8169
2372
7546
468
885
9025
9533
4797
326
3646
5147
8647
4860
774
2144
935
8260
6515
3216
572
8551
9548
1128
2393
5769
6328
2304
6730
385
6941
1276
3908
4665
4922
994
8478
5147
2221
8341
3190
7403
114
4512
4705
1556
