9560
641
3866
1691
316
5577
812
9818
6075
3592
5704
9971
7407
7105
9028
779
3090
333
7065
9371
2061
5948
2855
4088
1966
3139
5204
9530
2040
1158
5813
1803
1508
2690
6341
3262
8662
8039
3442
4793
5754
5185
8247
2368
1133
9939
8116
8223
8712
8479
3466
6228
1111
2819
9282
8231
8729
6819
5501
1015
7503
8638
9078
3043
4119
1984
3252
5937
8402
8405
5564
8398
5105
7157
1523
9171
8719
7440
5168
1936
1192
4678
7792
1480
2215
8003
371
3640
4940
3766
6596
2293
237
4653
247
9201
3171
6431
9754
7802
7717
1749
7613
191
883
3350
7918
8080
8201
9549
2734
2401
7891
2841
4239
1626
783
2545
6575
8686
573
914
62
8998
4148
5782
8074
7562
5166
4883
5532
2203
260
6909
8443
7264
3636
3481
9903
3450
302
4639
8528
4630
8718
3834
2781
9695
3092
864
6360
4590
4320
5193
3870
3343
216
3662
4869
6753
9692
5055
9246
1641
3568
4640
9145
9187
9608
3457
2760
9047
4579
6041
316
7732
14
5518
7195
8604
2409
8996
1667
3051
8263
4800
5689
1332
7823
2999
5130
4938
3807
9303
6675
5865
128
4162
9243
207
7284
8387
2829
3226
7868
1535
9172
3598
7590
1673
1360
7619
7476
6849
5573
4873
6344
6634
9634
361
4955
5350
9151
4522
269
337
4127
1405
5334
9223
6821
3333
8763
3619
4707
950
7117
4101
7934
4777
4651
5422
8189
3065
3655
5227
4112
7757
8566
2684
2206
4818
2769
9536
694
7764
4121
1391
2023
9786
3383
9843
9131
1819
369
100
3950
4592
8297
7519
7213
648
752
3314
6713
5090
8199
4166
7482
1434
1702
8122
2624
7475
7957
3352
5045
6205
3127
678
3743
6356
7495
1691
5505
6181
9851
1547
625
5213
5109
5937
9172
1839
5513
3897
9221
3010
1704
9687
9045
9269
4794
1991
4109
6176
3115
34
9375
56
1164
4889
874
1438
762
4785
8731
8598
1052
1340
7425
3567
5525
7344
4409
2003
5258
4246
9128
2252
2046
4561
7495
4497
7512
2184
3336
7260
5046
3314
6183
9642
7211
6157
5740
2926
4979
6315
7917
6386
9640
6634
3089
8763
1773
8302
2943
8775
1703
1934
788
3526
3436
1143
8451
6578
6947
1377
8006
3213
1883
2764
7299
6806
8
4294
9259
1191
7272
5356
4412
9326
9139
1386
517
3125
993
2593
9257
7504
5333
9412
1917
9939
4439
4575
7452
2061
96
9013
5291
5
6254
309
822
9184
4791
6263
7960
1916
8475
6296
6378
653
2482
4704
5603
113
9204
5708
5917
6993
823
2077
552
2694
7459
8989
7928
2982
5474
1417
2986
5834
1043
6207
4164
8221
5565
4453
3641
307
3777
643
1020
3539
8456
5407
8860
211
5947
1363
3118
5182
2690
1453
1081
149
3412
435
1370
7887
2429
9024
9783
3070
253
7152
9217
8976
1341
9476
2994
9438
7821
8226
2758
2309
6377
1916
7911
3646
6954
6571
5872
492
7448
8408
6579
9218
8941
4582
725
6750
7701
2560
5415
9974
6930
3707
7008
4750
5212
5543
7286
7410
4901
5143
8108
902
8362
1995
9925
8
1829
8854
4423
8639
2351
673
5754
18
1524
5723
4111
1335
8735
9035
2622
86
1716
3636
1095
5258
7260
3763
8250
1348
1723
9224
7459
9723
8061
9583
4925
1172
1647
5546
5943
2281
9819
9325
8771
3801
1579
6085
2683
3789
9774
8581
3711
434
7528
2687
1257
5848
5027
5436
1314
9254
676
2232
6253
9735
9705
4317
9168
1125
750
6170
6628
1680
206
2399
1458
7771
4358
8088
5309
2708
5526
3812
8814
254
8513
6672
394
7821
1332
8805
3281
5069
1203
523
5775
9407
6303
1656
8325
5328
1028
3258
9794
2648
2030
8412
2042
6844
6955
4328
4441
6481
9500
6361
7793
8398
6069
1132
1854
6828
596
2851
3707
6173
5326
5973
7934
3621
4517
8534
2622
5338
9589
4494
6949
5636
654
5128
7904
6752
5212
6857
6211
7623
6258
8667
5721
3142
6310
9462
8073
3322
8869
9258
7077
4089
8439
74
2348
8960
5165
1368
7311
4725
2567
1402
401
4696
5250
3638
519
5163
9279
7712
9967
8170
110
7516
2028
681
3785
3217
1535
1210
5069
2365
9490
2103
739
5471
3791
2705
2030
1365
3101
9190
4060
5714
8842
3113
575
5115
4884
369
1766
6159
17
6879
9604
6481
3214
6973
3938
2643
3268
5728
6048
4337
4519
7962
1094
663
169
5647
73
3247
6620
5521
4874
6059
4340
9850
3496
43
9834
7045
8325
8012
8829
2074
5750
3646
978
8132
8980
7615
3789
8577
848
8569
9800
8085
724
5797
1680
8475
8308
8443
7199
2730
979
3016
6211
9839
561
1882
2846
5245
1650
8010
8663
6301
5930
2934
9469
7956
757
3402
7932
5104
8931
5482
9144
4030
2032
7983
8742
1163
9250
9820
4506
6628
7179
2860
5099
8861
4911
1579
7619
3499
4239
7101
195
4751
5299
1550
6051
6703
663
6710
246
514
2172
1960
6460
7751
5359
521
8401
4994
6791
1000
6146
3877
4152
5086
1360
7544
3412
5442
4254
8932
8241
9017
2277
6545
8342
1833
2134
3226
2911
4793
2511
4474
8816
6007
3175
1957
2773
3285
7619
2037
6072
7216
2587
8528
1628
8479
4599
3730
2071
4805
9506
6892
1356
8226
1393
1433
630
7596
8477
4025
2144
3078
7227
5692
3217
1274
6653
8188
726
7160
578
1047
5288
635
8280
9928
9420
7588
1026
321
1785
934
8692
7592
756
8941
491
7595
1799
2987
7706
5520
2512
7617
2415
4893
6597
1526
9411
2816
9622
9623
2737
8925
4219
6395
1998
6643
6476
5730
214
8649
4143
1609
6856
9562
7532
8205
8327
7673
3069
9354
7793
9603
4737
8766
5901
3168
9808
7550
4733
8069
1432
6133
7267
8602
6453
1349
7952
1859
4128
2027
4263
1101
4862
7668
6049
1878
1865
9221
1017
5801
1517
5708
4519
5238
2072
6977
5514
2378
8180
9544
3086
847
2465
6325
4478
1538
5499
2460
8707
5629
1019
1477
826
3745
9962
3785
931
8738
9791
5931
8566
6495
777
2597
3936
5916
8585
5358
9707
110
6503
8293
3179
338
5813
1549
3605
5834
9312
8021
9946
5893
3986
9859
8545
6314
3237
9228
5203
1857
6914
3362
5488
7374
2968
4043
303
4235
5512
4218
6786
208
9724
6300
8280
8834
968
721
9483
4357
8584
8532
7850
7279
1561
9913
3778
7851
7413
7571
3397
4279
6422
7343
3580
8218
4331
2064
248
9493
7240
6023
3636
8805
3783
6063
1767
3106
9341
2115
7942
2952
744
3917
9270
7743
1668
3179
5823
5001
4701
7056
924
2951
7822
4580
6206
4664
1160
5625
7937
2416
8062
2475
7638
8625
4877
3587
1599
4520
2489
777
1481
8790
8659
1475
7219
6633
5463
8638
7342
5015
9281
7351
429
2711
9855
8455
7307
8491
4978
1225
6459
4782
8558
2809
9834
7974
9793
9051
3058
7814
5296
4565
24
7859
5053
6394
2805
6945
8197
7956
5857
4361
4598
1421
4379
5385
6013
5179
7461
5944
3405
4261
2940
6996
8156
2326
1430
7066
87
124
4068
6865
8214
4061
5735
4356
4330
7592
9775
9002
691
7411
446
8148
7167
8374
9626
4898
6940
3907
1970
8178
5694
3921
808
9750
6507
3220
1405
8897
9220
3258
2442
2766
2703
3684
890
3804
9167
1647
4565
9274
3365
5598
1399
2571
5200
5078
6320
1014
7199
5206
6804
1630
9479
3312
9298
5384
9153
9160
9218
3934
6235
5737
2984
6047
190
4094
9941
1728
47
5588
6252
9667
8991
7817
4130
5475
5501
8624
9598
2857
3644
7365
9409
4974
7615
1367
1199
7934
240
8519
2539
1253
4160
8540
49
7705
9768
1216
988
5107
4974
1418
6472
1963
1652
8952
3345
2511
8827
521
6715
9183
6133
5
8187
2361
3511
922
6882
2748
6701
1476
9802
3355
5895
2663
1033
9776
6577
9244
6851
330
1185
5030
1260
20
6313
5728
8634
2483
3645
6069
3161
6540
1742
4587
6024
5120
9269
7500
6448
9510
5019
5651
2389
3779
9413
6256
3429
120
9053
8520
6494
5687
9867
4972
4492
6179
1762
1107
4096
5460
2695
3703
3404
6196
9565
4217
2362
8809
8668
5346
3693
3887
1344
6552
1759
8529
5853
617
4569
6884
8623
4550
2401
2257
3696
6543
5949
6380
2403
7255
4791
4661
1726
8708
9689
587
7108
7413
391
7784
1184
6864
7371
5165
3118
9255
6076
7466
3283
5254
3176
6106
2733
3788
5600
2025
84
5748
6643
2179
7072
3215
3586
8411
4676
9471
851
2180
1881
4930
6306
6992
9925
121
1457
9922
8650
1380
5439
3154
4299
8157
903
2765
1385
6093
4751
757
1020
6687
7697
2428
2108
3983
231
3977
1856
4589
1087
2933
9981
9604
974
3061
592
9890
4449
8052
4680
7172
2142
7915
5642
6880
7433
9440
535
1934
9363
4457
8491
4339
140
7259
9692
2411
2713
8771
2803
5218
5089
1440
4471
9264
3681
4492
8820
6623
1455
2933
6347
170
1292
6460
707
8627
163
4776
8061
49
590
568
6501
1733
8247
1732
5844
8039
7196
1678
4851
6386
428
5275
2506
9000
2862
3720
566
1795
7088
5834
2328
7930
4573
8598
9610
5484
3800
6970
1293
8092
7109
1958
5151
8728
2983
26
3688
4168
2948
9854
4611
6384
8884
9256
3193
7458
3384
301
3448
6595
3832
8935
8035
1688
9093
8351
6612
3357
6301
3160
2413
4417
4108
920
1179
8018
9807
1059
7323
3616
6789
5653
9623
3233
686
7964
9753
1537
5413
6784
3840
8739
8522
5408
2912
5368
9240
8683
8740
9722
7557
6807
7295
4870
4520
7025
2464
9093
5636
5585
19
3797
4291
4569
7523
5576
8510
9595
1326
7817
5352
6516
1394
998
7003
2585
7683
3998
6330
8972
3662
3065
6181
2731
9511
9774
7019
6757
1679
8485
7594
3786
7602
5754
5090
4110
1724
2538
2503
2297
7323
1582
9061
6158
6480
7601
1486
5830
2991
7007
8687
7176
9574
3132
4448
8248
8603
4029
4506
7817
2974
6215
4436
5280
1581
7107
8598
4631
4613
715
8846
5498
5206
7028
6464
9057
5200
1655
2440
7387
570
3629
203
2019
9873
4647
1467
210
3629
8360
2058
865
5231
2975
8822
9624
6519
1796
1939
2056
915
8238
6502
8178
5137
1423
6541
5218
2581
3966
1292
5803
9702
6846
1346
6224
4306
895
730
4492
2754
961
765
2975
5385
5409
2389
998
9974
4546
3821
7014
2216
4217
1156
8612
7249
3284
1824
1188
6179
9223
5902
3164
9607
4837
7704
3427
6797
1704
4128
8684
9870
3006
2937
3257
6685
7536
8837
8910
9388
6591
6984
4100
6122
3485
9227
934
7674
7078
8813
8427
7055
3721
5092
2896
5363
1910
3553
6129
2455
4006
9537
5332
2789
4546
9536
1939
1489
2161
7113
4852
5070
5441
7400
8502
2108
6609
832
2346
6111
2072
6952
9708
892
8422
6752
3500
3516
1542
1329
7326
6659
444
6498
7578
1178
2513
6152
2432
2648
9239
5445
6860
7551
4827
8529
7217
9299
727
1878
3510
534
4065
821
6698
5806
2867
1366
7445
5576
8759
3292
6828
6165
1503
1943
3456
8770
5343
2275
8884
4006
1528
9806
9897
8197
7745
4087
8569
9058
5651
4290
4988
3297
1122
4536
9353
9353
2419
1003
8685
5912
1119
983
3025
6753
7443
1315
9883
3553
8880
9927
8340
9376
21
4296
625
5138
759
6815
9968
9501
9867
775
1457
7093
6928
2885
8126
3042
8236
7362
3593
8355
5377
7684
273
9244
3755
555
2608
3051
8088
1943
1219
1689
2901
8662
7991
4347
4914
7515
332
2120
6369
9482
4681
6085
4368
3040
1757
1580
4351
9760
4973
6252
864
6920
3614
6649
4668
6306
1249
9476
5324
7846
1814
7797
1562
9501
1726
8612
612
4688
737
5864
9225
9679
1544
1351
9540
5581
3289
2332
4531
9465
4077
4998
4099
2199
7247
3340
9225
509
3955
911
2655
3850
1696
8040
9337
1424
4091
5425
2883
1730
9730
4960
3753
2729
5314
9613
4130
689
4374
5860
5418
2208
5708
1558
907
5366
8421
762
8119
9695
8089
8593
5333
566
1253
519
6357
836
339
3589
5889
4598
531
5268
5523
1260
3035
6412
1853
6478
2392
3978
2281
9753
384
3744
8973
2679
2518
5158
1338
429
6889
350
2018
7421
8730
2837
9683
9804
5128
630
4308
5406
9241
3432
155
8349
2375
680
1497
9545
7620
7937
4579
7753
5116
135
1550
447
8022
2788
4677
7562
7558
3786
6154
7621
1986
2326
6183
6189
495
5270
7600
7312
3991
5377
311
2064
3657
3748
3914
6966
1454
2366
9533
900
8419
9761
6864
3667
1720
808
8958
3355
7219
1848
3153
5217
3986
5375
548
1034
588
7881
71
9790
4290
5026
7929
7320
9719
4358
6677
4026
1033
4755
6587
2605
2187
6064
8009
8933
9344
7399
3510
9283
2070
8269
3324
3669
4781
8067
4176
2344
5250
7077
4094
2622
9421
2239
1781
9450
819
8912
6205
5287
7625
3398
9744
1848
4134
2393
5692
6715
8195
4852
5076
1415
5329
1741
6013
9221
6279
9574
3900
8699
5911
8732
7098
4738
3388
9213
401
5081
9139
4215
3909
9506
7762
2763
1746
91
1705
1904
525
9527
7092
2851
154
363
7450
8076
5034
8469
7973
8620
527
5733
4654
211
5358
832
6212
2447
8430
9321
2105
6270
883
1536
5433
2724
706
6295
1016
4264
3713
2431
887
121
3581
3042
3363
8398
3414
5337
8282
938
6395
6109
9498
5262
5342
2954
9064
6825
115
2016
714
6155
3642
7251
7970
6183
8471
4595
7255
6902
2682
6598
7025
856
8800
4288
4689
4502
8485
8597
5915
611
5444
5861
1793
3169
8078
6102
2109
8911
9986
304
7498
1952
9486
4401
4752
1351
6147
1136
250
6702
7822
607
4774
1286
7064
6762
9800
121
2780
5149
5899
8891
8672
721
5221
3167
5666
3382
5238
3174
1504
8493
3261
466
5620
252
6903
9849
1226
9925
421
8820
9696
4000
9208
4663
3737
8004
3564
3947
9725
2901
3870
5959
3025
6935
5292
2174
814
7056
6103
4849
2897
6940
5223
2293
2350
7866
9804
9343
5538
6772
6380
4316
2772
1260
7869
2861
6358
3889
1169
5856
5150
1297
6793
5562
1099
280
5720
6832
3111
9975
5509
2900
1896
9056
2044
8428
2882
7277
2946
6591
3965
6961
1026
8425
446
3462
3113
7102
1572
6533
3514
1243
882
7797
9231
5304
1572
5002
4478
4409
5487
191
7523
2324
3082
8398
383
6717
8947
6251
2605
5964
7519
6433
237
4944
4946
3060
3487
942
9223
5894
8445
2209
4157
7413
3349
9941
9486
6353
9442
8831
252
9611
3174
9380
6010
1049
9158
4298
3029
3239
7394
5547
8126
8439
47
9493
2052
1049
4451
3199
850
1221
1789
7671
2771
8197
1758
8438
3757
6816
56
8388
3425
3121
6161
5224
1358
4438
2628
5304
7372
7204
2852
2495
6940
8312
1838
2412
697
7961
826
1271
4410
809
589
5038
504
8969
3967
4846
7111
412
8596
349
9586
8100
1336
6932
7847
6985
9420
1035
4988
7768
3512
9484
6957
4648
6140
9721
7380
7367
343
6393
691
1587
5203
6109
8416
2869
8507
7665
1470
8792
4745
2654
5028
9816
5072
1517
9900
4997
6611
9846
7450
2214
3185
9606
8342
6714
8782
8303
3705
6857
7295
7273
3120
7834
1825
8294
1824
8686
4198
2900
4966
2841
2477
8043
4121
1809
285
6518
1599
2286
3518
462
217
4706
9891
5874
4395
9218
1320
3491
5084
4098
4325
3916
3990
799
4700
7231
315
4358
485
6537
3332
8642
1186
5272
8583
4851
6993
4403
9493
7033
3247
8647
5564
5071
7251
5651
240
3301
974
185
9729
630
9037
2645
3945
969
1592
8377
3572
4610
2571
1671
8444
1784
7246
9928
9825
1842
242
8009
8065
2186
4779
1765
7641
8851
4981
6045
8504
295
260
8133
1644
4137
7804
1192
1532
7594
4345
6475
241
759
1980
9503
2194
3327
8051
6112
3515
337
6260
1802
2280
3236
9286
8588
1475
3265
7739
6805
424
8187
6254
7914
4850
3983
613
4041
5204
38
5411
6568
3414
4647
8141
7831
6569
9385
7430
2180
8857
8311
4218
4061
5502
4940
1443
5231
3167
3629
8620
3485
2180
5318
1311
2157
4181
9004
8781
7149
4309
866
4058
2067
1045
1111
1873
5169
1766
4397
7068
2759
4671
6597
4344
7571
8135
8933
8632
6211
2271
2859
1673
1643
5711
1243
5181
3682
1099
1956
8167
6311
3602
737
7601
2497
5699
9164
2605
7764
7805
6109
1175
9551
4785
1872
9875
1378
9750
5956
7016
2572
9017
9663
7448
355
1118
2255
3163
9821
8775
3643
2423
8683
4864
6936
8670
166
6517
4408
1140
5073
6881
8717
9068
30
1988
4556
1710
924
7471
6140
3622
4318
8175
2525
6620
7703
4484
421
3900
6498
5709
3701
8226
3358
7442
59
9380
7462
9566
8289
4267
9902
4759
7858
862
3177
2235
9821
3261
184
6904
1074
5304
3437
2359
3321
7450
4781
6342
3506
4037
1060
9698
6471
8779
1443
7790
1501
9654
4708
4066
4105
4101
6062
66
9152
4723
1348
7417
951
7061
423
3907
9593
7344
5820
6564
5783
1461
4232
2856
1241
7099
6760
2088
8115
7287
9790
8870
995
7049
3365
4293
806
4678
6213
3575
6714
1006
4578
4740
7566
9802
1775
9733
7926
6244
2016
2954
5355
7410
6493
3998
7071
5584
578
3205
9646
6121
6931
1134
4128
5186
7085
2763
8011
9635
2648
7274
8053
7826
3736
7360
8902
2782
4275
5249
860
5798
3101
542
4969
8068
9631
8091
8823
3641
3510
1836
4028
9605
2663
9851
6136
6515
6096
985
1515
4431
4602
9647
7988
6229
7051
3519
6548
5256
2519
6764
6448
4523
8215
8882
9381
2463
530
9700
5926
1194
2439
4000
8242
8720
653
9537
2977
9105
4161
545
1916
9663
8511
873
8012
6905
2780
5062
7642
5065
7088
7162
4310
3799
865
1948
3539
9304
6970
6588
2720
3111
7178
8488
5778
493
7657
4484
5964
4112
8870
2585
8305
1622
331
5997
1024
36
7026
1738
5773
2183
4177
7822
3953
8174
9600
7903
5992
8434
2812
9208
1960
8067
2740
3557
449
9185
96
2055
6528
916
8017
5028
1309
1240
4323
5310
1637
8568
4031
7582
6802
7653
7406
9501
6693
1796
5560
2703
3622
9826
2314
5484
9010
4212
7718
9468
5220
4991
7237
3023
8862
240
3911
8198
9446
1226
1194
1761
4430
26
5401
5926
619
3672
8780
3051
7463
8076
2637
5952
7650
8971
2971
8252
8931
3709
5079
290
4109
2651
6460
8063
2829
3050
6603
2531
4943
8751
1892
5578
1424
2702
9794
6358
8782
19
6285
5451
4939
4412
6403
7878
6497
9553
2064
8811
6959
2193
5529
8953
3713
6634
4057
7900
2991
9317
3971
1280
8972
8219
6166
5100
5870
376
1662
306
5245
9739
4423
274
5076
2023
2813
5734
8149
889
4447
5021
1881
9813
2353
1463
6853
7296
6353
4074
5880
3508
6257
2479
257
3236
291
4700
5005
5884
467
5999
8509
7523
7598
5219
3911
5440
9328
2386
6563
8054
395
4568
1990
6366
9651
5295
427
7951
7
4172
2717
5229
3002
1318
9313
2299
3343
798
9248
638
9747
31
9571
6527
1972
1380
1063
9692
3104
2448
8512
8541
88
1822
9209
1534
3107
7893
4457
6701
8047
2408
2929
8594
5122
8248
5122
1814
9934
4022
4956
9217
4099
3032
8578
2356
191
4167
9673
9152
3489
1411
5406
3489
6539
5412
519
2058
4981
4766
4385
5518
621
4527
1369
1224
8685
1017
8503
3768
421
4999
8085
2747
3991
5453
1757
9125
9026
1376
5408
7598
4166
8799
4627
5446
9478
2093
5667
6710
3388
2268
105
5845
1350
4424
7273
1027
8302
7981
3204
726
2295
6165
7758
8158
6851
3810
9882
9991
3666
5620
4481
4411
9732
4328
8529
6113
8640
2142
6642
2662
5933
805
7300
5110
9469
5205
6788
4487
7626
8040
6525
7379
6216
6390
2635
3536
3162
8123
6059
7053
1153
4839
4383
8587
31
6195
9438
6965
9066
3883
7207
6142
6684
7436
7269
4342
1095
9130
1022
4504
1349
9966
9414
5635
5933
1612
7185
2179
9778
4141
5878
6539
2357
4477
5519
5922
6219
3314
3948
1751
154
7031
9607
1650
7372
3237
9202
344
2630
1069
4012
9738
6067
9428
3395
1803
265
3707
1572
5324
4589
6890
5246
6198
7682
441
8260
3203
9180
3339
641
1866
9555
5047
5797
997
3955
7492
7150
5200
9776
8240
6082
2689
3591
685
5208
1902
1552
2665
6039
5471
7472
5368
3158
9729
234
1840
9955
2868
485
3681
3455
7122
5401
79
8678
7261
7267
2045
4988
5059
8552
2408
7251
5504
5014
8813
5450
9889
3462
8744
8095
9312
6366
9370
9460
3425
8403
4629
63
72
3947
6552
8348
2228
3264
5842
558
6668
2689
1540
3378
4357
163
7544
5092
8301
2500
9304
9515
4951
7152
6316
7711
9379
7612
5828
2123
8089
4816
3150
9021
1170
8770
2420
3035
548
7917
5109
4320
936
9441
8414
8227
5673
8820
9941
1688
7786
4661
3602
3488
1716
8545
4731
4380
6236
4255
1626
2223
9390
3894
5276
7809
2728
2478
6537
5423
3316
6995
5004
7232
2947
8758
3774
1283
435
1519
9203
3284
2173
8845
1200
4093
7773
4909
7334
4201
3039
3193
2400
9380
6450
4839
3702
9486
4764
8018
364
6894
3690
5943
5962
291
3826
7238
3032
3990
791
4424
8981
4443
1800
8639
8484
4534
7622
1609
1172
3163
639
8414
8763
4766
4972
1337
6238
5080
7235
8068
6879
8859
8826
267
9572
9261
2409
2707
8240
768
4218
6739
8592
2194
6864
3824
9684
752
3121
8151
247
2341
9522
8484
7437
5649
605
2351
6841
500
625
7030
7144
5114
4087
2597
9005
6657
6108
7970
6250
6373
9040
4709
5320
3740
9225
3780
5379
3565
9428
2654
7700
4828
9706
237
9132
2912
8619
5726
122
9686
4490
8477
2634
8286
6229
6361
9275
5427
2415
3430
7098
3753
2939
8642
8416
9694
2951
5103
8645
8530
3779
63
6015
5395
7357
2142
251
929
1930
8553
9414
2305
8226
1228
7881
5853
6825
3193
9263
9112
2614
3941
1861
5856
3202
9116
6621
8044
2718
1733
8766
740
4353
7040
731
943
3005
3739
1342
3239
1901
3860
3729
522
7901
3449
7945
1882
1142
4267
1696
6404
1668
8177
5325
2526
4406
8921
6434
8233
8114
1177
6098
37
7394
595
3133
164
2959
4055
3161
3286
1976
1363
6383
308
1791
7398
8079
5769
7136
3586
2992
5706
3023
7775
3544
7703
8925
7004
5669
5161
7687
9600
2870
7659
1707
2447
8200
341
2199
2328
5697
19
1376
3723
6291
8996
7388
6664
925
9406
4492
