313
9190
2560
2973
1726
7095
2573
7882
1594
1518
9352
2517
8794
3160
7368
7763
2718
1484
6008
2445
6485
8060
2021
9812
9703
9988
1541
8273
927
735
7122
8954
9026
7464
8498
5521
9296
8190
7284
8726
886
9697
8169
3581
2750
5993
7901
1610
7668
4711
9889
9289
1525
4546
7926
618
7958
8531
9495
1817
4110
2125
3235
3916
1489
1875
4870
1893
9002
7182
9620
1975
757
6966
4177
438
3622
6477
5984
9847
5001
1163
7109
4599
3415
7588
1225
9607
5105
1478
714
1428
4461
6223
4220
2133
5274
8491
5873
3149
6561
1370
4912
6561
1066
9600
1364
7700
7096
9655
9092
6829
2642
6607
6282
9658
2639
6197
8579
7438
29
9681
4962
7925
2878
6489
3601
2169
7904
883
4453
3773
9752
2536
1820
3222
7434
772
9302
8218
4663
5290
9357
6192
4003
7461
5203
7127
8945
1001
278
4659
8270
8599
7555
8482
1143
8239
1268
9532
7176
0
1511
5033
6114
8331
653
588
216
9318
2970
157
4935
4508
6320
8741
7263
4657
9955
8802
690
371
4521
4666
8663
2493
5712
8525
8859
4981
8123
1059
5862
3941
1243
1652
1093
3191
8166
2486
7034
1289
1158
5537
1740
463
736
5135
75
2088
943
6783
1636
1577
8126
9752
7149
3254
1007
5211
6207
3471
6202
3121
6269
5943
7844
8339
4549
591
5131
8057
2433
8689
7404
4090
8810
8521
9250
4130
8555
3230
5788
4337
9053
8654
3641
3568
8628
9095
8658
6991
6085
9058
6244
9946
1074
9561
120
570
5828
4825
1201
5799
5572
5459
9522
8587
5718
5997
9305
1970
754
1286
2796
3822
3984
3542
318
3031
1391
6931
2798
9343
1123
6096
3453
8595
1177
2064
5562
9565
983
5880
4555
7718
1381
6179
5178
7242
8642
463
5866
164
2661
2100
2244
2536
3505
2997
8642
287
2307
1919
5063
4701
6427
7838
9754
6878
4421
5023
9757
7183
9363
3024
606
1050
3401
2020
2537
4873
628
3026
7303
7115
5031
2477
5400
100
5284
9583
4137
9534
2820
4334
9153
8558
7203
5856
5182
4977
523
4875
5143
3126
4107
3253
1709
3733
2931
1178
6019
3036
3839
9356
1463
3547
46
5733
2428
8357
8718
6808
5797
8487
4757
5493
3184
5301
3998
2587
3069
7424
5790
9863
2378
3812
5795
4795
7004
9229
2424
1146
3468
3385
5895
1088
764
1784
9612
895
5204
1857
1
4564
9085
4703
2363
8055
3544
9272
4576
4353
6124
9725
3236
5064
6603
2749
1759
7366
5968
3317
732
8168
1144
2690
9152
6738
9370
9767
1733
4544
9827
8154
1203
6007
18
5608
2378
2921
4653
2729
1534
1160
9950
4286
9775
8386
6190
7047
3955
1946
6557
2945
1651
2183
9307
3933
8527
5830
5749
8923
4062
9003
655
6933
6919
277
2890
9736
4933
6735
1171
6461
6666
4130
5704
2039
6931
7352
2855
1892
6148
955
8005
710
5264
6252
5496
3516
502
640
8114
6777
1739
9653
5658
7878
2097
5586
8137
4499
609
4092
7997
2712
3786
2548
8301
7834
9573
5918
6026
2810
2484
3485
6462
6791
9879
4170
7589
6435
4331
2100
3620
8819
4304
3057
6954
8432
5685
2866
8417
2331
2769
9668
8945
8862
3697
8547
2002
8845
9097
313
8571
6955
6201
1748
4332
4760
2990
678
3604
3800
7121
2374
6672
9711
4192
2324
9137
3017
6391
7897
1209
9734
1723
2092
1441
2610
3027
2209
8714
3075
5459
4909
6782
8539
6886
3525
562
5790
4839
9987
1291
5725
6524
8890
41
96
2416
705
1716
8355
2379
2107
3250
1159
6737
3272
8147
6025
8996
4452
4745
7232
1894
6173
1719
3168
9071
9474
180
5659
7238
2310
2700
9287
2848
5988
6164
6395
6771
541
9480
2275
4022
4685
3266
8371
2583
5947
3657
2039
8856
1135
7444
9305
4023
3006
9401
6428
5480
2800
8423
1237
5937
4115
8412
9018
5122
8840
1124
5267
8174
8555
6015
4844
4235
9713
5725
8428
1362
5626
9880
752
1619
357
8398
4961
6921
9747
8714
452
3493
3779
9518
9760
9178
7325
9583
5290
4692
3226
2461
9292
9525
9328
1518
6628
9982
1788
38
8904
1430
4392
4740
6296
6346
6652
2188
2428
3057
8272
4380
4732
2747
5696
2766
6510
7926
2248
2345
7946
3724
9471
612
1786
2572
1472
6456
6701
8787
6786
6337
6187
3495
2874
3201
9858
3536
5399
3329
3774
5491
59
3317
6664
4876
7529
8810
9077
7816
6745
30
6879
413
4809
4172
7426
8374
94
467
7532
8990
3816
339
2087
4760
8547
7027
6099
5913
3321
6065
1964
4515
5445
6871
5531
3582
8051
1318
952
8181
884
1394
5149
4379
2749
1498
7542
1176
6558
8050
4341
5011
5840
1951
9762
110
9368
5102
7487
425
4744
8833
5385
5220
4757
7255
1626
9540
195
6151
7932
1857
2428
1129
9992
6202
7215
3425
2861
341
1829
6664
3212
1079
5263
4857
767
4172
7516
6005
138
5988
2855
6036
5193
1082
9324
1881
5161
2930
6955
528
5748
4895
4165
9206
4484
5246
1796
7733
8328
8530
5223
7163
9780
4301
3594
8086
2242
8663
5764
9518
407
4334
9562
2607
3905
8475
1665
4465
3964
9869
2977
3206
8740
1524
9364
2511
8980
7035
4846
6619
797
6051
2279
6621
9634
9033
9715
5721
9824
9539
179
6603
2043
8364
4005
6005
6804
8265
4614
7683
1911
2807
7671
7483
576
4419
3533
2470
381
7286
6738
8614
1503
9691
3450
6212
9290
4239
6704
5895
7980
4963
990
3730
442
9952
8715
6410
6
8089
5967
5426
1549
9430
371
5222
9661
7650
3491
513
4947
1586
8629
7035
6930
431
4611
7826
3216
1203
6435
2515
4186
7677
4377
1333
1112
800
3490
7059
7691
1022
321
9188
6515
5516
3367
8153
2125
5747
5451
2226
4346
7395
4185
6781
699
7395
279
5740
7095
585
6386
5329
6063
9938
2295
8249
649
847
1501
67
6936
9389
8176
6876
1917
5359
3465
8440
3975
7210
8520
3934
8773
7101
8244
2816
3964
8922
6761
1622
9845
4422
1392
966
8702
9225
8764
1234
4752
9729
416
8751
7248
3082
6831
349
4383
6146
5755
3831
4460
620
991
9737
7082
564
4904
9017
5900
4473
2606
7284
8092
2876
4080
1238
4827
148
7021
1397
9570
2155
7519
8138
8391
4088
3954
7021
2780
3546
6979
6524
5906
589
1923
6375
331
6140
7019
1403
7148
4468
5337
5242
2241
2289
1080
787
3514
6311
2878
6659
1027
2799
782
7512
1282
8108
3886
1246
3321
5849
1108
8504
1116
4433
5513
9628
460
2954
5119
667
8082
1902
8191
1739
9591
1752
2491
1060
6208
7320
962
8307
6535
1347
6641
9262
820
3322
3911
9781
3322
2836
8033
609
5470
9755
7236
8412
3331
8817
2330
2988
1665
5548
1379
6509
3508
1669
9020
9834
5760
2201
3517
2744
6577
7050
8317
9759
721
8133
7728
9606
5827
3328
3664
3466
1885
1680
7241
9466
530
468
1422
8130
3005
4930
522
6883
5050
1916
3073
8155
6542
3391
1957
6390
4087
4504
8948
6544
7709
4178
7134
1829
5592
6512
9476
2152
8827
5587
1868
6220
4606
1225
561
3122
2698
3235
2439
4992
4430
7394
1405
1882
6638
8077
9339
7552
2747
577
9867
2132
2173
5605
7252
534
7692
1832
9825
4622
4847
5978
8768
4597
4955
6356
8486
9696
9437
1060
4463
9321
6691
4937
7956
4156
5573
9160
4533
2508
3217
8089
8278
4128
68
7265
919
9597
1268
5612
8714
208
3194
8822
6633
3816
1597
4103
8384
8942
9241
1865
9222
3939
8031
2343
6361
3556
1414
9924
4599
188
9919
4292
9001
2774
3046
939
8378
4445
4820
1520
3381
1763
2274
2878
2044
1434
6904
5255
4853
8098
8419
8949
7535
2896
6468
2143
8306
7639
3541
3860
6276
7557
9511
8807
7640
6701
5240
6951
6130
3548
2176
7769
9221
7994
2538
6372
9981
8912
7103
6729
8600
1712
2333
2509
3134
4197
9511
2213
5890
7576
7367
8077
7329
9003
3583
5
4984
3398
9340
6392
2978
4973
7307
7338
7886
9450
9078
6173
6175
476
5255
5328
5181
3995
3309
3621
3736
4342
9692
6541
9965
1947
2959
1987
7938
9123
2905
9905
1883
600
9208
8867
3343
4307
5227
8582
1188
102
6202
5980
2054
627
3188
6464
4183
7575
9750
9120
1105
4327
3575
6475
7895
4213
4673
393
3018
9647
2377
9409
8198
7796
4480
3547
1420
8723
1730
1443
59
9875
1355
5238
6120
6825
6665
9533
6092
4937
3581
835
9356
7980
4987
3892
9988
7577
3873
1044
1629
2339
2005
6505
334
4192
7238
6566
3550
7810
6517
516
263
7235
76
7071
6150
817
3164
1771
2303
3812
9717
5586
8606
1752
6190
379
3592
9068
3476
2807
7440
3333
1391
3995
5541
7615
688
4549
5080
5010
2455
4670
3980
3805
7602
1403
5014
6913
9359
2415
1060
9724
3042
1424
9562
4145
3394
3748
4919
3585
2877
1144
7222
2616
4732
7372
7649
2694
8002
9903
2607
5960
6334
7043
3678
9842
1503
2637
2844
5372
7319
2635
5599
1414
2824
7346
5349
9289
91
9618
5829
6348
5648
8792
7572
3072
8384
6801
6724
8104
1406
3174
9895
9192
3052
4425
6321
8921
9081
5225
2811
5317
7960
373
9972
8262
6396
9243
1442
8406
2031
4108
3750
9906
8434
6334
7902
4672
1759
4781
164
2138
7802
6223
9171
5494
6838
7826
1753
2787
3219
149
5032
8306
6725
5408
6263
3982
9457
272
1078
3530
7424
9571
7503
9414
7334
1740
1655
8222
2556
3204
6899
1119
7321
7886
8808
8821
9423
1620
5067
7990
2866
2931
8663
3301
7348
272
8540
565
1995
1925
2420
5466
9491
5228
6258
7069
7120
6967
7444
8844
2620
3514
2087
2363
5711
4214
9081
2219
3485
5634
7609
2693
4681
4328
4826
4884
9847
5049
903
3068
2590
1406
1201
6842
4364
7196
756
3994
9828
1779
6520
8079
2595
2611
9378
4579
2369
8380
2554
6107
2098
9456
216
4437
9436
3623
5032
5697
9187
7071
4156
1961
5631
9710
7825
6559
7679
2454
4953
2097
7127
5555
2999
3835
37
5380
8266
6458
4082
4211
656
4408
6291
6051
7788
2553
4991
6229
6771
3889
2763
5447
6448
9839
1505
1418
2647
7578
9232
7630
5334
5143
5708
3500
4887
3668
9974
1199
9138
6356
4294
5872
3119
3048
8484
2173
682
1526
2135
2134
3663
3032
8549
7779
9957
1219
6056
7077
6663
1522
9970
4552
8893
8159
3623
17
8793
7550
1497
3562
4093
5574
1857
9287
9962
3453
377
9860
2852
895
647
4189
4673
4330
9363
2537
5072
4008
6537
4468
7670
3898
7050
3320
4195
8638
1533
1895
5459
3149
7875
6248
4657
7316
6120
9707
4454
3964
2389
5659
9519
1512
2003
4415
7869
235
3210
5500
7909
8515
599
1643
8184
4374
4876
9314
2045
2423
3137
5954
4377
2485
808
9901
9025
9249
5150
7377
9686
7193
9997
4582
768
2806
1231
4736
5830
1422
4334
6448
5448
967
1782
2493
9648
4857
8667
4203
989
1519
4039
2854
8399
9082
8204
3405
9601
6209
8535
1229
1407
9752
6341
8969
889
2060
2704
6675
1264
7881
8450
2506
7406
792
8859
3968
9474
857
1437
4534
7976
7400
1683
8070
8263
1215
6098
8364
1140
6632
4136
5139
5413
4285
4433
4088
8383
6335
8857
2653
5088
1471
1531
2796
1385
2539
8968
5941
4243
3352
4308
4198
9251
9897
2778
9975
9000
4714
4095
4735
8240
2651
2244
9510
4971
6700
4693
7575
7927
6402
830
5425
5530
7187
7230
7868
174
4259
9203
2739
9383
8540
2005
961
2752
1571
6383
6028
1652
9965
9543
5913
6136
6750
1807
6362
8085
1113
3028
2907
6643
745
2164
9125
9009
6842
4205
4892
2194
5941
1984
4476
1489
4439
8163
2267
1701
7677
838
6890
3231
3069
2398
5918
4496
6548
6765
2453
6680
808
5059
1303
8825
2393
8062
203
9082
5913
2220
2354
3399
9812
7937
4644
2406
6190
2164
5110
8740
3496
1764
2293
7534
9439
8952
5090
876
6145
9987
2249
3863
684
8310
7663
7532
3925
288
7271
936
6450
3425
4033
3971
5413
5276
353
9721
4693
2954
9783
2211
9834
7547
8608
8645
2357
712
6121
6352
7482
3668
8939
9335
7483
2305
6695
7471
4498
6942
8142
304
5994
4286
8830
1048
2762
1268
1381
783
6640
8986
8499
8389
6022
7793
9808
6247
6692
4851
3063
6096
18
7204
8942
3948
6903
6503
1315
168
6931
6797
5764
2389
6069
8248
8123
5436
6650
1149
6484
9483
2355
8920
3421
5037
7425
7370
9305
2680
4992
5341
1616
2256
1373
6248
8103
2281
389
8157
7591
410
3852
2160
9469
5340
4919
3507
8030
7873
5494
2652
6756
1154
1505
2776
9577
7153
5870
3416
6126
2749
9548
4714
9689
8132
1696
7347
4090
8963
8809
8824
8312
5928
3218
2779
7948
9960
1587
6914
3785
6573
1204
8100
7991
1991
5680
9389
5291
6852
930
8897
9140
7162
4014
2861
2885
64
9934
5529
7770
301
3911
2553
2153
8360
8296
7203
5654
3150
6127
5835
7138
8915
1848
9289
113
8479
6002
8908
2087
1801
6016
2760
8447
354
9353
9163
1080
8856
6540
302
7148
2363
4915
9223
9709
4605
6899
6251
1871
7586
4798
8832
9516
7110
3557
8176
2904
8510
7741
4297
3058
6854
732
4754
6579
2074
4752
3544
5462
7024
6317
1767
2036
4371
2881
4948
2426
3243
2502
167
4970
6887
1267
5126
3739
8028
8767
7644
6078
2631
9955
3288
5166
1518
4395
7794
2275
8885
6393
8968
8547
173
6757
679
7765
7590
2917
3045
2852
3109
3669
3419
3932
5265
6580
9361
9620
3336
1931
8897
1079
2398
9306
2989
5553
3333
400
6876
8787
120
358
1103
1699
1489
985
1330
5044
2379
4163
9374
1437
9633
3477
9532
4232
1717
1475
1492
7161
3805
9804
5411
2633
6024
788
4123
6238
1679
3519
2708
41
4822
4348
8480
4939
8481
9964
1085
4260
595
1263
7411
5610
5218
9129
6269
4387
5047
3701
5508
5536
3937
8134
7031
5782
8553
3574
4151
4713
2896
6285
5535
4966
9492
5296
5232
3310
1073
3779
6378
2283
8053
908
3928
3632
4556
1574
1794
6177
8026
2398
7045
3308
1687
8590
9808
4450
7444
948
6501
9286
9484
1006
160
6177
1285
5780
4451
2704
4646
2177
2671
6539
3283
687
2640
6946
5875
9775
9296
4581
8738
8290
4299
8896
2163
1015
1394
8066
9981
8178
9497
5721
1559
9925
7387
3980
7550
9053
7645
485
3490
5131
864
1592
9857
4077
3056
6500
763
7817
1769
7621
6469
949
2426
531
9001
518
2177
906
4202
7187
3286
9575
501
1958
6660
6620
7170
2047
354
161
5691
9012
2127
7335
5156
3960
1756
266
8984
9366
4323
1570
9364
6459
6645
6438
5372
9070
210
2894
4476
6333
9169
7123
3098
8517
9840
3973
6
8749
1029
8968
8291
9136
8386
2636
4447
8645
3463
4728
2814
6733
8402
419
293
264
6129
7230
2546
8980
9048
7713
6025
8051
9630
7392
7882
6727
5106
5706
9086
9677
8907
7743
7535
9684
4861
8715
6823
184
8199
8514
8129
927
2713
8122
6236
3248
1186
5824
5374
5723
8568
7096
2197
2424
9009
84
1017
8208
7406
5600
1837
5490
4200
9112
5876
1059
6370
4327
1984
1413
7278
4461
8661
1859
4187
7804
5868
2870
8396
8607
9924
6983
3156
4870
7156
4978
6638
947
731
5123
8345
5739
6775
4815
9984
4329
4868
8145
4759
2437
7933
8128
5393
2060
9838
7642
2943
4572
8106
3072
931
8734
5208
1053
2066
6497
392
4979
6968
6687
4132
8276
3302
3342
993
1626
998
3957
6597
467
4799
4232
3170
797
6132
6579
2016
394
1862
4463
5882
6528
474
9731
830
8864
9845
2827
9352
3376
4052
989
6088
3287
8121
5582
5935
8709
4959
8016
1113
8909
142
8278
2501
9648
8986
3846
7888
8438
6406
3353
8302
6491
7030
4866
5898
660
6098
4760
1990
429
9366
6418
3195
705
5734
5150
2084
693
911
1870
2406
3265
4105
8768
39
9292
9800
6425
1168
3235
8354
1053
8045
2869
6683
3181
209
3726
9100
5901
8518
2846
8450
6481
4530
7846
3170
3939
997
1278
9146
6036
5663
7302
5219
8925
2318
8487
7298
7216
6629
6244
462
6320
649
7891
7245
9546
3173
1922
5911
7742
7549
1559
75
4526
2767
4441
3216
5585
3669
5556
4387
5508
7783
7469
6544
783
2110
5907
8460
6208
6003
5102
1535
2454
3766
1415
6447
8523
5835
6275
2823
3918
6830
9132
2342
7389
3975
6494
2692
9772
1529
9243
5264
1940
2836
7116
4340
7419
1402
933
9978
2891
8879
2564
6056
8402
7241
1365
6134
502
4279
2917
8529
7811
9326
3089
5895
5746
8719
4890
9027
2695
2004
4759
9747
7223
8745
4487
6852
4276
7111
5042
9503
6423
9467
42
5053
7753
5030
35
3590
9886
5181
1132
455
158
7537
4410
5010
289
1705
3024
8975
103
9547
9756
7697
6401
8234
4448
4339
5631
280
92
9329
5911
4717
3093
5298
9455
9840
228
3459
6359
1938
6861
2880
3670
5050
4650
9323
831
3818
4596
7407
3919
2865
5198
1261
4438
5466
3886
37
3808
3554
7096
5266
3855
7351
2440
2316
8439
2187
796
8433
1861
6584
1852
3613
2109
1613
6471
8965
5823
4455
5147
7284
2260
5035
4000
493
9867
7759
8114
9663
8123
4024
4714
3494
788
4846
472
8206
5142
7708
4718
7139
1581
276
1916
6244
2856
5568
8195
341
9396
6114
7272
6196
4794
8876
9352
7891
6754
1356
2850
3732
4691
3279
934
4371
2936
4279
3400
1389
3040
775
7648
7022
7953
5227
4353
8936
9354
7092
3539
1663
580
2257
5936
3010
5269
6025
760
3444
6129
3909
8962
6536
1500
7547
2591
555
9329
276
5244
8459
5208
9887
6036
3478
439
3311
9199
6205
2440
2335
1852
5479
7331
6342
5702
2146
4792
7750
726
2244
1387
1150
3716
639
572
4911
907
3987
7329
1675
9113
8910
7955
9369
1391
1407
4658
6133
9515
9960
3446
4837
2576
8257
9091
9543
3471
6088
6743
9462
2788
7318
3972
2971
6575
6270
3749
7215
6621
8943
4910
4799
6914
7369
8884
9320
1285
4652
6486
8114
4553
8923
1591
2297
1044
3312
5113
2598
6781
9033
3384
7789
2903
5728
5744
4512
660
824
1803
7280
1144
291
2299
2867
7180
1409
6625
9985
6490
5282
9975
7384
3036
29
9504
640
4972
8905
3066
681
5863
2680
3277
8640
5843
4
3507
433
5945
2193
8116
4326
3665
7010
5772
9197
9434
2408
1339
9783
4866
6165
2938
4301
9192
8319
2213
9901
2283
4400
697
9699
2063
6553
5819
659
2220
151
1042
5010
3650
3278
258
6596
9805
3490
3526
1935
9504
1044
8665
8703
3265
8793
6481
6820
6194
2343
1433
3637
8567
520
6026
7495
7321
2353
101
5897
8646
3565
1535
6359
1410
7490
7913
2190
9742
2565
2875
4607
5843
6649
4557
7245
651
1698
2082
7136
2349
760
6977
1100
8819
8615
1409
6491
8265
2963
1008
5063
4996
6585
5760
2836
2365
3681
8703
746
2489
7279
7649
7936
2326
3209
732
7891
6532
8707
9904
4247
2941
5510
8993
1173
2338
8607
8018
274
404
8883
9648
6336
4684
3024
6872
2621
4200
5711
1286
1433
5170
9670
2315
6790
6526
874
1018
376
4255
4145
3839
4251
9287
5125
9084
836
5434
9605
3250
3392
5997
4982
3720
9576
6625
5142
3787
1958
1974
5905
4610
3697
8317
6636
4669
980
5406
5983
1130
6766
9618
5040
371
1858
3438
9194
375
2686
3885
6365
3955
8872
3913
6430
3037
7877
9398
7135
4829
2803
6443
2330
2425
4310
7118
7
8651
6720
1082
1196
8289
6569
7983
1348
1584
2463
231
2968
7526
630
9440
298
3675
6112
331
369
8755
8968
9680
1071
2531
1017
2524
7134
2301
6219
6920
3688
9497
5581
8471
5910
738
3678
4828
6704
5515
7317
2965
1364
5564
2753
1480
9170
973
7435
1560
403
461
1272
2052
5337
8015
1258
3244
2482
9922
2773
8337
7846
7260
335
6648
2176
1698
4145
7627
4490
5238
9962
7500
5808
5966
5187
8247
1079
2717
429
5811
8710
496
6150
8484
7298
9111
3243
9248
8360
3166
7512
1883
2740
1590
1258
7634
1038
4853
7557
9281
5364
3543
2353
9041
354
9792
2207
546
6446
1295
1786
6144
9104
6256
3865
7445
9406
5342
4832
6619
694
6162
8262
7884
7829
1373
3650
3352
9781
8991
4783
2882
6467
2561
2126
7208
1709
2533
1802
3117
634
7591
5030
8852
4052
2432
1267
4443
1409
8536
7294
3778
3216
9509
2342
7670
7022
4676
8651
959
6760
2291
9314
8962
1146
1816
8613
3107
7590
4258
295
8475
2561
4250
565
1938
8183
6645
5896
426
5887
5593
3751
1288
5048
3033
9706
3566
3523
6255
4329
8105
7275
8469
9442
1381
6703
8529
122
9976
4400
4170
5147
6674
549
1995
6219
9167
6572
7715
7229
6086
2715
8069
8993
8977
6644
2131
2614
7593
5543
7267
3712
9405
2434
1755
517
1919
6436
4446
9841
3115
5935
6818
2217
6581
7691
1773
7148
1502
5047
7453
677
2258
2266
6369
7870
6786
3192
6663
2431
713
3376
1586
4980
1884
3650
3591
2492
1875
7694
341
5838
9871
5191
7310
8502
3079
8919
9830
1772
3043
9740
9560
7925
3524
240
7231
5876
6574
7318
3288
921
7155
848
5153
6585
1517
2702
1006
270
5895
704
1752
3205
2440
3421
3586
277
8494
540
5898
1663
4483
4192
9207
9073
6014
5824
3125
5733
6841
9268
3195
1639
9275
4748
6645
6547
4401
3098
1171
6748
6445
3408
8621
4074
3419
1348
1345
9419
5468
4880
795
9225
2001
1109
5391
1932
9366
7840
342
1575
5576
2725
6915
6637
7492
264
1041
3030
8894
6874
6811
3005
8763
9776
5223
6945
651
592
9680
4187
8534
213
9726
2975
7202
4385
4788
3259
6526
8802
886
3596
607
1757
5349
432
4420
5335
4521
8023
1447
8099
5914
7667
4563
9541
5066
3886
7533
4293
4770
74
9840
4048
4168
6963
9785
4008
8250
8897
5003
9547
8346
3130
1728
9761
7061
6708
1358
1023
6033
2424
817
2888
2291
1650
7162
4243
5963
6229
8836
5240
7117
2283
7342
8868
2156
3338
4090
7581
5412
8562
3138
5551
516
9011
4801
2228
4487
8636
8981
5378
4526
5182
5855
3294
5035
5615
8068
6446
1004
1658
356
7916
4946
4755
7028
5815
6222
2568
1898
148
7223
7780
3349
6513
2234
845
1398
7050
8174
9101
271
3332
6626
1005
8022
4055
6934
2781
6869
2441
9715
8977
1250
3333
5624
7174
310
4475
5266
1394
44
5217
6582
3512
2297
343
2254
7083
1234
6759
8175
5482
8702
7259
7283
362
3961
9577
967
945
9761
5674
6867
9678
6545
5080
657
1095
2872
3317
8540
2090
2533
6792
7031
3301
593
7699
3990
1888
2857
8304
765
9880
1383
9082
724
4407
7260
6599
6579
671
9612
8803
6192
7190
1526
984
1410
9722
5854
9881
7216
405
984
2606
9419
8092
6723
6346
8405
6818
1712
4760
6781
5658
1918
4948
7209
7609
9332
8854
9566
9034
5610
3912
3390
2923
7108
5865
4638
6676
1195
5259
6307
9272
2410
2950
4873
468
1586
9711
1840
4804
4698
2819
6227
2133
2807
7678
5510
9077
2308
5528
9851
8726
6206
8655
5921
4594
735
9088
2506
2057
6613
94
9576
2133
3438
2469
2083
1023
6177
9848
5865
5562
8332
4918
34
2876
6630
2715
2127
7805
9169
6307
175
3529
702
7706
4798
5807
156
8607
8778
4796
7566
4055
2098
2994
1048
253
4542
3793
9894
5543
8421
3048
5289
7012
7967
5812
9599
1985
8936
279
2238
3051
9966
2788
6956
9342
5047
8855
4478
6172
1249
9602
4139
5882
3927
1489
3277
8436
7517
7135
1155
6465
5225
7170
3733
3953
