5885
594
6948
7324
5639
5844
9849
4537
1748
7664
7316
3740
5420
6873
7000
5621
3517
939
6201
4400
4378
6428
4569
7115
4023
1138
2557
341
9705
6638
9920
5906
5630
2405
2612
3083
5673
416
7632
7602
1591
5673
5722
9091
1555
3430
1650
2726
6210
6738
1193
2720
4605
7014
4765
3466
9529
7303
5218
2953
3236
457
6606
6700
3917
674
4881
6533
656
2585
7150
4190
3086
3116
4715
3661
2229
913
5777
7746
3617
884
4400
5357
9230
4608
899
6076
6761
9689
3323
3874
7698
9285
794
4900
2496
1883
8175
3580
7329
1667
1017
8848
1996
6541
7081
5454
6646
8414
5480
9198
6477
9622
4146
6361
9523
6700
7758
263
9211
5946
796
4052
601
1349
6970
9116
7225
9077
9282
8630
7728
9779
7811
2173
9030
9568
5034
4665
3512
9042
5436
3021
6489
9993
4675
329
7456
2336
7060
6751
2018
6847
8185
8547
3485
3566
9855
3723
8926
8452
5726
2902
1183
3628
6512
2745
1953
137
8336
8756
3713
8896
7137
2244
1050
3908
3736
9665
2360
4928
6423
6887
2836
1564
9526
3746
7761
6434
240
6755
2929
1883
6200
560
6436
5827
6358
3783
3551
3867
2593
914
6597
6989
9706
8454
7605
3897
6915
4901
2127
2798
2795
5124
2420
5509
1352
2279
3321
1047
4415
4873
1047
303
8658
5159
6627
3514
5574
8668
117
5355
9904
4167
7367
7371
3228
6776
9564
2141
4890
5562
8202
5120
1078
5049
2053
542
4721
4741
4570
6129
561
9344
6708
3956
8722
3905
8735
2727
9063
7531
7927
6525
5090
4295
7147
7616
7483
1837
4420
2004
8368
4082
9708
41
1785
3627
5165
6794
1287
5472
7463
8130
4281
6508
8045
3374
1019
2225
3324
5614
9675
7304
4569
5493
9561
4870
8742
6799
4138
5482
721
1202
6889
9330
425
6573
6747
1694
2254
9694
4957
9612
6548
4192
9324
8194
3203
65
1905
6155
6031
689
71
6360
7327
7206
8314
968
2363
7133
574
2642
2775
5467
1673
6831
2198
8545
9118
8197
4477
7662
4071
1629
1254
8974
9086
4854
2669
7920
1480
8691
5579
1350
1951
31
9372
6357
1610
2305
6927
3212
7291
2602
442
3026
2325
1291
2007
9608
8855
7860
6894
5821
6473
4999
7712
5296
723
1355
3806
1504
5909
2061
6372
128
6678
7888
2758
9238
9900
581
3333
4098
8708
6662
7725
7820
6639
8668
9246
9366
4266
7184
5909
4161
376
1598
6055
5003
6398
7382
7946
597
3754
3149
7615
3091
7873
5552
6639
7181
9796
5304
8593
2883
4846
7545
3622
9757
5213
9460
2082
6096
7130
3053
7190
2524
134
9542
9726
9986
9843
4954
2404
7155
2621
8487
9712
8100
3635
146
413
2334
9510
1934
2888
6513
9101
9671
823
4777
6449
4377
2116
3288
1324
9422
3317
6403
3225
612
9322
9785
5464
7852
4914
9214
2385
8623
5305
5094
8722
1099
6674
9740
8294
3099
7597
8514
548
4949
4102
9939
1777
5821
9082
4548
8531
7815
966
9690
2948
842
6558
2181
3695
7343
4998
9225
8858
8537
5025
9293
6607
5534
5443
9868
8873
371
1541
889
3288
9303
9125
3984
4913
7030
9383
7848
1108
5773
5933
804
3275
5165
9246
6584
4445
4152
9397
1097
6748
4729
8681
5485
3137
9952
7269
3794
7393
7227
7379
9179
1132
9312
2841
9140
7683
1750
2768
5302
3923
3572
5117
7670
2258
4273
4511
8664
9365
5099
5508
7074
8459
1875
6583
3467
5594
2853
5834
9778
4740
5269
9867
6570
2165
4181
4295
9347
4492
3331
7320
1492
6868
9023
9868
5124
7454
6474
3012
6009
1388
9627
9685
7912
8668
8987
5486
9978
6063
1760
263
5199
8069
7174
8738
9276
4055
2281
2417
7024
3345
9760
948
8245
2826
547
2636
354
1793
5421
8705
1245
390
1692
8973
2894
2722
7845
7363
30
9267
3077
7999
5422
2632
1955
9916
2037
8294
7617
9788
5313
5381
6352
1063
3246
9018
5491
1475
5236
4177
2828
9611
3626
582
9091
5120
9497
5536
6341
1865
3788
2123
7289
5368
6003
8545
9646
2171
4759
7077
8160
5131
7096
2043
9801
9813
9826
7319
1316
8659
1165
9569
9772
5878
5236
5921
9780
5537
8301
668
7744
6197
4599
7515
7808
8837
3842
4197
1020
9413
6584
4521
8571
1780
6666
3466
5406
1283
8693
9974
1209
3505
7395
2997
9330
5332
253
1707
3874
198
1326
3401
408
7738
1763
9095
8813
1257
7087
3526
6850
5710
267
4165
3973
1226
8298
5299
6483
8708
843
9563
5143
7553
5256
3873
6976
7148
6139
679
9937
2770
4544
5900
578
3132
8101
3010
8628
1386
1149
8314
5714
5001
212
8110
9875
4528
990
3115
3307
5421
2409
2601
3601
2999
5072
6105
4908
2991
2337
7066
7766
7688
2054
23
7523
2960
2127
4993
8442
2154
7249
6100
3122
1786
9064
6904
9496
7868
6584
919
5308
5937
7041
2933
5932
7143
8145
2993
6952
883
9139
9591
3829
1470
9973
4096
7165
8281
7863
1927
1027
2223
6127
1224
8484
7318
9834
4839
3721
6768
3933
6969
8073
5236
8474
1331
4892
3732
5757
3454
1050
5596
4070
6212
7537
6310
5505
4378
8053
7228
6545
5945
338
9803
1451
3386
7742
9600
7406
5870
6441
1890
8337
7495
902
4539
5077
8663
8515
5732
2569
6675
436
9996
5725
9571
5711
1573
3966
745
8656
2652
3135
2875
9228
6243
1225
2974
8434
3356
5577
5889
6301
5252
2551
7716
8359
3513
136
6084
1960
6874
5961
676
636
106
5948
5944
3410
272
6399
4241
1328
765
279
4288
8164
4587
6188
2969
550
4751
5358
214
4777
2491
3765
7924
480
4387
2230
2446
3837
6393
8001
7669
4212
2983
4999
1385
127
4377
7977
3302
571
708
9756
3901
4639
8711
3385
3966
1452
9724
5169
5535
4176
2027
8749
8892
4277
6140
7683
7915
2519
6198
5252
4138
7682
5625
5059
4871
8697
5125
7808
6572
7827
3349
7730
2854
4528
3915
8612
4016
3066
2488
8518
2625
9271
5672
1204
8430
9306
8840
6899
8317
8825
2166
7432
1367
4425
9396
2131
7849
9701
6615
4936
6968
2334
6546
4798
2302
7916
4442
4032
5109
5843
5878
2882
8911
7089
3446
2686
7536
67
7932
8043
9352
9495
9627
4031
7041
8812
3579
875
6177
8454
8181
469
1516
3230
6817
6179
7466
1206
570
4675
1888
4986
8219
6888
6270
6690
649
8686
6612
4228
556
6494
7074
8934
1226
605
8234
1745
6354
6896
3876
1137
7218
4826
4206
3945
3814
9413
8990
1123
6270
5503
2422
8869
3802
5868
3410
2511
2916
9801
3168
7681
8298
3537
7277
8090
1671
328
4536
3883
3133
2900
3062
9994
786
3004
4609
2434
7684
6793
8589
3111
9273
1017
7433
2535
823
4898
638
2284
7053
1011
2295
6366
2668
4342
2925
4310
7558
4386
6206
3806
2193
430
5546
244
9560
4959
5049
3692
2767
8002
5532
7973
7936
7317
7247
3268
4823
5743
983
3932
1734
5104
8622
3984
3478
6131
1432
5631
5035
3873
9760
2110
5906
7343
629
1603
2313
6711
715
8125
9708
7492
2943
9393
1448
5750
3418
432
4045
7510
4769
1636
341
436
8343
121
891
3868
1856
8744
1593
8758
4003
5838
211
8173
4682
7868
3690
3863
3849
8536
8366
7475
3049
5920
6963
3490
9968
1022
2062
9451
3119
7223
5420
258
840
1566
6735
1539
6425
1398
294
5656
1721
5332
5096
4699
3150
5699
7917
3957
5353
273
7385
1188
1439
3830
5366
5819
8356
3012
7037
3827
4102
7082
5408
2735
1443
6739
9351
974
8328
6716
4469
1722
6296
3987
3318
6685
1637
8635
407
2307
2350
9051
5506
9066
4724
1878
2197
6166
7466
3589
5422
1857
5914
7105
4613
6047
7182
9661
7830
6240
4769
63
2969
9231
3155
5967
128
6487
5890
7608
7996
2902
4108
9228
6700
7769
862
453
9092
5142
8407
2485
3110
7849
4590
7742
3823
7014
9340
3390
5328
8285
7240
4179
1431
6172
606
7772
3130
5710
9803
463
4368
8193
5559
695
2588
1302
6527
4374
1207
9217
2301
9256
3976
1951
519
8040
4994
5752
7105
8539
7866
698
7056
9690
7732
6693
8349
334
7609
4661
2433
6900
6823
5962
2131
688
4085
6867
1739
7517
7041
4617
9378
6466
216
7432
424
5057
9266
2776
3442
6665
1511
7466
3390
7419
1570
4861
7940
1577
1040
4929
7515
9722
7285
3059
4756
1515
8572
3638
599
9200
8712
7347
1049
1543
5611
2807
1799
5229
3650
8619
289
9546
460
9969
3174
1592
8246
1802
1063
6545
4148
5572
1979
7046
7485
2705
8079
6028
8052
1667
87
4144
158
8435
7750
5355
7877
1456
918
7345
1992
7781
5988
3476
2556
4340
7963
5669
8452
7214
8811
3530
72
6084
3446
8923
5557
8664
1543
5239
3777
4780
8751
3396
5801
2460
2605
3923
5705
1368
5193
2865
1767
473
7438
6729
5708
3333
6194
5559
4960
9550
531
9657
7377
4852
2959
5870
8687
2843
2736
7328
7272
3495
9810
573
7947
500
6258
8865
6779
610
9109
6224
3394
5181
5427
4623
9983
5866
2526
850
8029
7054
7458
6928
4946
6969
7627
4514
8945
1791
8206
8923
9708
1911
7669
3666
3833
2701
5642
3562
8592
2930
6254
1410
3630
8067
1991
9640
1417
4839
5284
5193
417
4753
7551
5028
8703
9558
3102
2444
2461
8248
3829
4940
385
161
8027
277
6823
5276
391
754
1179
9084
3176
8525
2288
6848
9054
8330
7039
7902
4632
2945
9343
1245
1579
7289
3997
5375
2315
9232
2728
8074
4409
3399
1676
5304
5049
298
5482
5236
9551
7869
9008
8293
5686
386
6682
2456
988
6792
660
9349
9662
1309
7114
9796
7723
5299
2511
8520
2167
3953
3606
5881
2831
688
8609
3312
1187
8390
323
5083
6741
3536
2084
832
8749
8999
4001
1390
6566
229
9885
351
2697
6978
8712
1002
9188
7495
8361
7606
5654
3475
4555
8616
329
8155
2210
9373
9469
5644
8569
6179
9261
9245
9850
7233
8000
9360
1401
584
367
2039
1181
4913
4270
5443
3563
3285
6664
1927
4384
9964
8299
763
3819
9869
9837
8205
4662
6708
3978
2945
5631
4657
9435
6793
8775
5789
6613
416
2134
2008
2635
8721
4280
2286
8016
1157
3208
3304
1117
4776
184
2494
7195
3133
2074
8346
7870
9016
6446
1815
6447
8921
1769
8841
3412
5209
974
9367
1085
4316
8587
8723
1294
806
4771
6042
2724
1435
2339
4086
6006
6687
3076
1792
4474
6876
3900
8963
3008
6065
6256
9997
8207
7831
2906
3791
7610
3711
7459
659
4143
9975
2174
9980
1468
2188
2241
8793
3230
8378
6672
4020
4295
4030
4568
7143
5147
5484
1604
814
9272
6732
4656
3783
143
2864
1080
8182
51
6737
4187
1205
9389
6822
2018
1289
7289
998
5799
5200
4001
1701
4195
8150
2196
5979
9608
8326
5731
7762
4168
6797
6216
4542
4144
8811
8947
4903
2693
1955
8258
6753
6377
1554
1180
4749
7786
2588
2970
3480
552
7105
9810
7953
4064
3855
9586
7576
3257
881
9126
7906
7594
5669
3798
8249
279
4492
5838
352
3702
890
2171
1157
9282
2493
2607
6815
4844
5162
2386
5638
8760
611
2613
2401
8875
6260
7971
5915
9183
9709
3799
2639
9440
7514
7604
6915
6486
8478
2533
657
720
3711
9042
3183
873
2010
9643
6400
8138
5591
4532
5300
1948
4327
7405
1770
9304
6954
2429
294
172
5661
8411
8430
3932
7984
8984
766
9811
4982
4268
5595
8229
8949
6043
3253
35
8734
7044
5349
2185
4918
6422
2774
4039
9571
5232
5184
4698
7154
2035
8447
4935
3173
9797
3186
323
4202
4469
4399
5074
534
7238
7332
7130
9618
8507
9865
6675
7451
5821
9266
4125
6621
1852
6512
1806
794
1391
2310
8743
4067
7913
2968
1505
7241
3691
6144
5353
1198
8336
8475
4422
1845
6872
816
2099
6008
3172
9041
9229
8407
2475
5562
5706
8030
6792
9126
932
4432
5521
8768
6609
1680
595
167
2480
6974
2447
4939
962
942
9995
4692
9763
1908
3094
3299
8516
7115
3420
7903
5846
2326
8978
6897
2932
7726
2415
9356
4797
1513
3096
6979
829
3932
6886
2895
5784
3767
5381
4520
2338
975
7099
208
1661
2809
9251
7375
9968
5601
5862
6809
4721
1914
8038
9132
863
1920
4742
6278
8878
5034
4344
6035
5823
6796
628
4723
6444
3480
834
538
8509
7524
3605
610
4634
5015
4388
5035
3565
556
6214
1026
8242
1801
7354
3855
2559
8698
7328
6632
9754
2166
8231
1603
8571
4612
6499
9993
8496
4182
6250
4582
5159
6322
9900
8941
6203
5938
7293
633
285
6514
1937
1902
1694
7783
1858
3533
3175
1934
7057
7094
9606
2866
71
6616
4165
1559
9590
6148
7768
5876
801
6592
4451
4270
468
5863
6950
2414
4017
9341
2326
6613
2393
3936
3881
4374
2244
7595
9021
5089
8381
740
1797
7904
2588
3877
1153
9403
2609
1000
7625
6870
1562
1819
4375
5274
6577
8563
2430
1504
2453
3836
890
121
8484
4990
4197
2620
1474
3020
947
7383
7832
7382
1004
9782
8715
4863
6483
6594
2392
1337
5591
1184
8586
7803
1445
2218
1783
4580
680
2379
5101
794
975
8836
5204
9691
5273
1740
6640
3973
9055
4308
758
9985
781
9288
9592
441
9983
3649
4975
4698
101
2599
7172
2117
1170
7828
4347
3312
4295
7604
9708
7514
2007
2168
159
7739
166
4554
7044
3241
8899
523
1036
2247
5679
3176
7959
9672
3161
11
107
1553
8263
2446
1741
5661
7283
5178
2464
9850
5391
5373
3511
240
5607
5834
4872
1762
674
3227
5728
3661
84
3569
1117
9437
3491
204
6875
6751
244
2470
9598
1585
1858
4041
3257
4966
5082
7105
8169
22
5141
8444
66
2481
6371
6398
2995
3844
1952
5010
9128
3108
7174
7130
5052
7815
7600
2871
9113
6163
8005
7892
9710
5790
7049
1805
9196
8980
7196
1741
7836
5063
7949
3205
368
561
8831
6712
4149
6885
9189
1139
4642
3123
4749
5114
9279
7178
2967
9277
8357
1383
4305
4810
3854
2684
8816
8780
9769
4045
1693
3170
9324
3027
9385
8954
1286
9171
2158
5451
7232
6521
2356
6674
9135
2989
5853
4468
714
1176
9646
5283
3778
9088
5290
140
5554
9503
5324
1677
6692
5234
8833
99
9502
6989
527
1921
39
508
9030
1069
1258
6116
8546
6068
6198
8263
4458
2334
9087
1575
5224
428
885
7730
7797
286
8078
4683
4304
1473
2803
361
3947
6005
2068
8233
8755
5837
3161
9759
7770
6320
9302
3130
8738
748
5273
5701
4968
7466
4835
8521
3962
1324
9521
9040
5814
6435
1751
8980
9505
7902
1384
4806
5313
7292
6564
5291
488
9138
814
529
541
8968
2680
7743
5672
1358
6829
7226
6682
7757
2859
9348
407
5288
8956
7422
7553
6000
2399
5166
5378
3270
2824
3724
5318
7516
4976
6199
1202
4949
7226
3909
4693
6715
9188
9079
873
6735
1174
7466
8950
6618
2906
9610
1332
1442
1063
2273
2122
2969
4652
7309
72
2736
2742
9552
4861
9496
5070
1073
6566
7817
8370
4784
9332
7355
3326
7462
9000
5650
9783
3162
6686
9111
1236
6433
2276
5584
8713
5613
2213
9682
7441
7686
3014
5805
6503
9590
9291
9974
9425
3437
5319
2290
8458
7189
6815
1405
1531
6976
6890
7867
4613
8846
7528
1398
2557
9499
8763
1702
7780
8741
38
1166
8818
2331
9856
7939
8031
8880
2037
5800
254
3631
6922
4
8278
553
7706
3605
9389
4874
9922
9166
9235
5209
9350
5484
1353
9758
7534
4550
2605
814
9280
1971
275
8817
4843
5141
2177
4117
7069
3491
9111
8267
7426
500
7753
8639
6057
407
7514
1414
245
2720
6071
4816
1181
925
9021
364
3392
646
3063
8203
9353
9891
3081
2668
4058
7831
5986
7431
8
3962
6849
9061
4451
3253
6696
316
8160
6470
5749
2777
8805
2676
2610
3078
7313
1692
2155
1691
4309
3017
8856
2000
7555
2323
5062
6001
7985
1230
7158
138
9818
4403
6705
1234
1458
4380
2614
6548
9859
9848
4146
8183
9241
574
3867
4816
8326
6495
5833
3166
3778
6260
2705
1027
2595
9510
4816
210
7653
557
464
7443
6439
3312
7626
596
4770
8075
5640
5690
7206
639
645
8197
34
8307
5572
7969
1792
5192
5210
6344
6139
5354
5241
8389
5070
2178
6361
5476
9146
6392
8661
2150
3603
5510
1552
4544
2472
152
6994
1362
7693
6576
2563
2645
5830
7685
898
6414
8003
2188
5762
1295
99
9247
3378
4365
7542
3353
1351
7964
7235
5668
5001
1094
9346
9497
4711
6330
8887
9830
4567
4033
2811
6670
2206
9853
2553
4795
1576
4522
8082
4158
3733
7734
2270
87
5793
5661
640
9984
3358
5596
6436
5651
5647
3287
4407
7228
2739
7015
1875
1866
156
7883
4022
9903
9948
4415
5198
9878
7004
8122
5363
3812
6984
8657
8208
7223
137
4649
2400
7115
4304
9770
6593
8971
8284
1854
7512
8389
5353
1385
1121
1526
1109
563
7344
8325
7648
1008
1321
9308
575
6257
1848
3520
637
2372
7934
2257
3695
8502
6330
7949
4050
1992
6831
1632
628
3903
295
7766
8491
9925
996
8832
9158
7294
1230
7093
4254
261
7199
1456
9416
3940
4295
4039
1242
6899
5308
7116
4839
1127
961
8492
6457
4572
1330
4772
7834
6893
5465
5364
4127
2864
9953
364
4482
5023
6837
674
4330
9712
8739
9926
6745
3815
6322
2973
322
2897
125
1273
5220
7713
7179
2538
9544
8
2524
6717
5219
5773
8259
8802
1192
7436
8139
4796
2365
1995
7927
4226
1592
7911
2361
9746
4119
701
6494
4933
89
1668
7589
238
2763
3832
1498
7596
4147
4306
724
654
6354
5666
2071
3734
2410
3839
9654
5062
3453
9141
9401
5607
4429
2525
4278
8345
3477
7754
6895
5781
7603
7087
6985
4142
2688
9983
5492
341
6414
2636
1963
8828
1885
8033
2794
3026
7657
8731
6679
4365
5524
8642
5583
7158
1835
7125
5150
3950
3656
3619
1449
4095
5684
2614
1372
157
3798
8810
6443
5579
685
5404
5111
4249
886
7789
3680
4907
3226
4726
129
8694
9814
4309
8076
5411
520
8341
1379
8774
8468
1324
5552
7672
4033
7773
5410
6095
1986
1406
6037
9456
3636
2885
6268
811
7665
7675
1741
3397
5855
7554
7593
483
9801
9267
2310
3266
535
4384
4491
3267
5724
8984
2744
4419
4396
4168
2576
5945
5352
1695
8516
1465
1384
5802
6877
4438
979
750
4549
5940
3486
1797
5906
3370
3583
9919
1072
2806
9372
2185
8906
1515
2293
6843
6341
8406
3243
4620
4969
2942
1003
9088
2157
4474
3259
9889
3854
3580
5984
5547
9515
1563
1722
769
4784
4446
6972
734
5789
580
7292
374
7923
7697
5507
8827
3514
1123
1185
6427
7922
1875
2656
9222
3172
1654
6915
4621
5059
5347
1436
6774
8165
2463
1607
5788
5912
308
998
4627
5619
6352
5705
4506
1626
986
8025
2185
6221
1551
3554
3162
6382
1626
2619
5540
4557
8739
3619
1346
9618
2734
7610
6786
2885
3540
8521
4185
381
607
5647
4035
756
9598
2201
4617
4884
7865
7980
9083
9984
6030
7730
9645
2449
8841
5391
3679
2908
2227
3935
4643
4524
9377
4191
6131
9489
6174
2388
8587
7940
2691
9787
9346
2613
2306
6862
4902
1732
9234
4464
741
6825
580
678
9224
1856
5348
6721
2106
180
1163
1836
3206
1383
2577
638
5934
5083
9952
7245
7528
8240
100
8272
6387
1867
4111
2398
2071
2687
4937
2888
3387
2394
1956
4176
4112
8079
5885
2389
9082
1531
3918
3788
6526
2390
3025
8284
9351
8104
6879
8342
9203
7542
8503
3456
3850
7832
4554
2044
3247
3848
370
3801
6079
9960
7763
1206
8023
8096
8650
9614
4242
5523
3954
9797
7583
2670
9157
8685
3793
9884
5296
3333
1152
3769
9135
5535
6125
7601
1319
3980
7826
4339
3218
8871
4808
2247
4229
3547
1058
6601
9790
9265
7319
2994
713
4954
3101
7266
2674
9925
6000
1340
4516
5453
6739
3373
6976
9314
2541
8394
5594
9747
772
1077
2269
7621
1976
2011
3038
1603
7701
222
7069
1506
2300
8282
6664
6591
1564
8262
1515
9175
7882
121
3650
5250
6479
6551
8191
1549
3792
4950
6246
2131
1753
2689
949
5800
531
1288
8657
1666
5301
1826
1132
2244
742
6544
9475
9112
816
8319
9412
4280
3312
2890
6668
5384
890
1562
6894
5540
170
3915
992
9634
181
8188
6464
4628
7006
7618
1892
2700
4724
9433
2286
1260
3097
4249
3982
8201
5053
6097
6545
4171
3000
8178
7064
1140
7239
7402
4835
2778
8862
9612
6380
6755
7852
6425
4721
5196
5548
9757
9465
694
2440
8040
3943
7485
3784
9271
4828
6230
7751
9982
2183
1013
1254
2357
2408
1304
5930
8284
2162
4548
8481
332
1246
42
8562
3132
7084
9285
6402
7788
4293
6866
179
3218
1708
5836
8871
7135
3362
2580
8706
60
6665
5898
3517
4566
2144
3818
5383
2820
2045
9637
3590
7089
2506
7131
9787
3338
1158
4386
8084
3541
2731
870
619
3979
1695
9565
3723
5781
612
5158
9586
7439
4427
7901
8514
2859
7990
29
194
6900
986
1059
6466
3693
2659
1674
8508
6646
1633
3257
5765
3514
753
5141
3346
6600
9094
8628
1624
6476
4646
6703
892
58
4609
2227
4809
4710
7564
8309
4143
2098
2844
9007
616
2005
9630
1132
7463
3557
7748
2395
650
1425
1561
3171
3198
9469
5141
1684
3185
7034
1180
9717
6610
1265
9872
2656
212
636
1575
7910
9186
6002
9624
6352
9773
397
3727
8691
6369
1818
4576
335
7446
3004
5784
1765
9825
4301
3262
5186
3898
2802
3161
8876
6505
7577
5627
8487
7370
6642
4235
5957
7535
8071
5857
4952
2293
2793
1530
8997
2622
9225
2699
4983
7293
4192
1346
45
5041
7564
7415
5025
9081
87
8194
2886
5285
5685
2887
1197
301
7194
1692
2916
539
133
683
860
9139
9165
546
8821
8851
8343
8056
4296
9733
6177
6730
5841
9633
4622
8643
7158
7647
3710
1163
3017
5755
7578
3286
4774
9137
2313
2877
3785
7128
9697
1770
3055
9163
125
6204
8023
9010
8615
8411
4246
1887
9107
405
4483
3364
7608
4647
8085
5170
8748
3879
119
7901
7738
5150
9413
7451
7075
131
9639
2587
6958
7747
3895
3378
9453
2316
8975
4976
3918
9064
2004
4114
7370
7160
9449
4448
9790
7702
7010
4950
3699
5468
8326
7504
6700
7954
4175
3311
7115
7778
2194
2424
1921
8008
5669
4764
9777
4006
1810
738
6687
9636
9943
4495
1658
9780
4470
9496
6370
996
560
943
1496
1404
3593
9609
4658
5127
5960
5632
6423
7646
494
9268
6157
2800
768
7884
1596
3982
3538
8970
7486
7522
5794
6285
5302
2112
3022
2944
6251
8725
132
5183
2879
3420
9860
7178
2512
784
19
4258
314
3483
3439
4865
9142
668
7130
9574
8292
5863
1237
3325
5616
6887
7274
541
8340
9343
7398
603
4810
142
8145
6941
9372
4416
59
3545
2970
5617
437
874
7047
6908
665
1460
4769
8082
8936
5791
7051
7206
862
4048
7993
4325
8403
6182
7606
2372
3392
4447
8597
6417
9628
2027
8627
6939
8259
8280
9893
1310
2274
9868
9092
374
1153
978
4193
1829
9069
3995
9558
527
129
245
9883
2770
1920
6298
8338
2116
9986
1519
7392
8629
953
8173
312
5731
2318
5101
2293
7755
4365
1915
6803
8141
2074
3709
8859
8985
7758
2765
4010
3078
1618
5362
5804
306
7174
2573
4378
8835
1935
1503
2637
7867
5659
8808
718
2074
3906
2122
7517
3261
8507
7516
2569
2245
1592
5498
5394
8851
159
9530
1353
31
1701
377
4976
4519
4105
8932
4483
9508
6411
6403
6083
2697
7431
6671
7915
3157
786
6165
3553
1335
9296
4194
3723
1201
3791
6446
5146
5973
8355
9173
7576
1133
2527
3728
2346
695
4461
8563
8177
7660
4442
8063
3843
9554
8401
5575
5617
5815
1186
2928
6053
6686
3871
2706
3211
7350
2147
811
1944
2566
8655
4531
2795
8757
8754
842
3358
7557
6405
8413
408
2864
8160
5095
9731
7098
12
8612
3958
6
1254
1217
8126
6981
7853
5023
7278
7624
6888
6423
9087
2823
599
9399
2741
6715
180
9450
6049
7669
9061
8006
6700
2818
6498
5759
4951
7845
9213
7081
8972
6532
3
3979
7424
5584
7533
7806
1719
507
9955
9188
5508
4750
7614
3558
5420
6130
7352
7222
9590
8092
2339
1139
6977
4166
6690
2139
4354
1992
4504
7755
6280
3686
5579
3393
718
995
7316
354
9740
1699
9383
632
1978
4958
4793
6659
1795
8176
9298
705
8401
3933
2097
2840
955
7650
5174
2031
7176
1350
2720
6269
3486
2608
6324
1833
3884
4562
6246
6160
2032
6915
7639
8646
3782
8139
204
1299
5293
343
6135
2815
4471
268
9652
7320
7614
9416
9697
6719
5278
8052
7562
3443
2178
9797
8561
7814
5726
5714
3303
7180
3863
5280
7497
449
8970
3161
5082
9674
