659
1877
2013
1815
1767
8733
3298
4110
3700
2793
3304
9093
9301
9334
2557
2382
6167
351
1806
5702
4628
7448
3898
5408
6735
3976
9621
1728
8830
3636
7084
8002
3023
4357
6351
7035
3273
4860
1760
5704
4752
6828
3367
7315
20
3733
4511
8804
4615
1713
625
6691
8297
5943
7978
5723
7506
1229
4572
8490
3275
2331
5342
7926
6985
5099
3553
7402
1015
7484
2512
1005
2047
965
9106
5715
5684
1878
3728
9757
3663
9547
8109
1548
2052
9050
5655
7859
3553
2571
5993
298
4051
8263
2906
3183
6612
7593
870
5351
6965
3442
86
674
8819
3401
7790
6380
9385
4462
1076
3311
8850
5823
4312
4454
4714
644
5620
7277
9712
2677
2865
9316
6938
9036
6979
2066
261
5301
7843
22
7526
2114
4727
1577
9970
1738
95
3455
6615
9057
3375
4093
7493
7107
5364
9460
2365
8554
4533
1867
4484
8928
2872
2907
355
542
8685
1811
2239
5282
2715
3260
5296
8895
2485
5975
9776
8239
2057
499
5153
2387
9269
8154
8715
9275
2614
8891
5410
8960
9566
7810
7456
8047
7537
6323
3652
3169
7388
503
8358
277
7923
7501
5861
6799
4662
321
1584
2489
3375
6794
1869
3223
5498
1020
8025
4169
2561
3470
9693
1338
259
295
1257
262
1793
2
639
9544
3493
3072
8703
6464
8111
892
6059
324
8541
3481
7670
9678
934
136
7438
7731
7155
742
4738
2035
6586
2354
1874
8732
9881
2940
7282
4569
620
7753
6298
8472
3306
8627
5101
8601
9794
6878
4564
9219
174
9045
9879
1953
2193
7650
6903
5561
9970
1308
4890
1292
2421
3259
756
329
9746
6679
3375
2333
2821
4846
5895
4869
5217
7285
1349
5428
6385
1142
5829
8287
3053
4471
1494
8902
2165
8475
1805
5565
8477
2002
1590
2201
6357
5196
7337
7606
4804
4506
7861
7524
4705
5221
924
3187
1581
216
6378
691
5808
184
3522
9662
6942
8789
8135
9233
8246
6376
4628
4965
8903
764
3562
9884
1663
2121
6340
6423
4066
5819
6471
709
6307
5889
2043
4133
2738
6370
6400
3500
6994
906
143
3010
6246
8897
1519
8999
8759
9629
1041
5555
8884
798
1128
9227
5975
2023
2824
9856
7712
5677
9274
9665
2929
1415
9785
288
2276
6997
9180
7938
860
1949
3312
9152
423
4545
2369
8187
6653
8125
6342
2301
5561
9292
4854
7370
4896
4090
1098
8052
2690
7171
4145
1998
4748
9098
2138
8664
4424
8743
2689
1066
1106
1336
9177
668
1111
3672
2546
4801
5836
1404
2408
4500
8600
9386
9048
3611
9984
1445
4239
4104
1341
3443
7536
7903
811
9775
18
4049
8096
4410
484
182
7607
4093
8974
1322
1417
8185
2677
958
1032
2015
9786
2047
8903
1676
6033
4084
4824
6428
505
3425
403
9968
6252
5992
6496
6618
4084
2815
370
6068
7816
364
6928
5360
3394
7069
4497
8346
1711
8229
1092
2634
3938
609
4121
6950
3397
7480
8206
4148
237
3728
218
2845
1112
4558
9952
4013
390
9397
6609
2055
6225
9376
1777
662
1179
1418
7140
5822
2915
7834
4884
2976
2851
1085
7970
3996
8488
1083
9846
3169
8831
9212
1605
192
2569
6019
2959
7279
1019
6888
17
8217
8052
6500
8525
5298
1867
4005
3572
5225
853
7250
6174
1414
7168
6920
5414
2290
9408
9618
6036
8118
9251
999
2120
9404
4562
9518
9808
8674
6262
5708
1494
8573
2949
6990
7321
4553
8184
3650
9559
3502
5754
2607
8372
31
9807
2166
9065
7053
670
752
4203
2136
1565
5430
7159
3061
7495
208
5080
4378
8141
981
7972
1846
2678
305
8377
7615
5284
5573
5087
3219
1557
9399
3562
7904
2546
1050
6735
1887
8888
9769
6448
3946
3776
2957
8678
9759
3229
8719
6858
4124
2754
694
8352
1210
1309
7745
4496
7719
4228
2961
5458
7339
2299
5198
9766
8076
2238
5466
2093
8253
1233
6434
1047
3009
6978
544
522
7229
4599
7182
6011
1660
1274
8917
2509
8940
5710
6579
5315
8709
7852
4587
3667
6138
287
3510
1530
2504
8456
440
1062
2651
526
5486
2115
112
981
9139
3253
1333
6010
9073
5503
8941
7881
8852
8718
4288
9548
6138
3190
2414
1552
7719
4838
9140
7205
6005
2282
6231
5346
8345
381
8750
3794
2977
9001
6172
5903
57
8301
5450
5849
1980
8473
1972
4579
1080
5097
3562
9355
2426
8908
5142
2132
9785
1952
1069
7954
9518
139
4126
6689
6625
3672
872
8401
1775
189
937
7058
9271
3365
9392
9977
2420
1759
372
2956
9748
4049
4237
7872
2808
5530
3232
2380
9796
5507
1065
5529
8598
881
6849
6105
9667
5195
9726
2720
2781
7874
6249
8644
6017
9025
4251
1629
6284
9250
4129
1880
1118
6139
4111
5678
4615
6515
7601
7356
4061
8005
9436
9582
2960
8032
1139
2349
9604
7464
2197
467
3550
7053
9219
2359
3770
7557
7583
3209
393
8681
3953
8491
184
7913
7187
1993
7483
9277
6524
6407
9896
3305
8618
6022
9536
1867
2040
8691
7737
8324
5135
2540
870
5281
9129
5760
9320
2822
5472
5442
621
8374
7989
7960
599
9969
3661
118
7848
3962
5654
6899
7145
9987
6263
2997
1194
8359
6869
7502
9347
4708
6994
642
5209
4116
5071
9331
2317
7894
2227
6651
1134
5534
9444
69
8895
1797
3937
8393
7171
9422
5202
8258
6756
5815
5239
6158
8290
1512
2750
6225
6441
8427
7920
8262
2764
9591
6378
5860
1982
2011
8714
4808
5599
5444
6783
3605
6595
1467
6739
388
5838
9006
7189
3961
124
9033
5758
5717
3245
6577
9670
1138
2925
8781
2159
2766
3970
8849
4846
4070
2527
4184
6570
2414
8693
7741
8621
539
3112
2774
1255
5086
9984
1646
4450
5853
8886
6174
3473
1839
8894
8423
1569
2611
2309
7198
9985
1069
1375
2964
8686
6319
5731
6257
3751
7792
403
6989
4832
476
9107
9242
9729
1816
5866
6546
5934
8976
70
2104
6994
3711
3386
9965
2948
1817
7843
9506
60
2760
8568
9701
5567
8786
7647
9930
5957
3811
5213
7879
3980
5948
1573
9244
4085
3304
6098
5741
6589
3335
5472
4957
9622
9657
1684
8457
3635
2456
587
4830
5779
8706
2112
1527
212
2082
3399
391
8457
5722
439
4608
6294
7039
2229
9598
3944
8065
8971
4852
9889
3462
9911
6688
7665
8226
8208
9948
7057
404
8163
3060
5817
6160
8059
2608
9202
2469
6111
4861
2965
1834
2150
9340
113
9562
2901
5014
1372
5496
7865
9946
7665
7617
6416
7701
1208
1133
7714
6205
9507
145
4125
5306
9492
2997
2542
5649
2092
9965
9339
8687
5742
7894
6717
3214
9298
7150
1643
5063
2438
9248
929
708
2559
1147
8527
7232
6061
3663
2030
734
3852
5475
3438
7379
2663
4805
5051
3137
2567
4239
3758
2704
1689
4306
640
5371
4237
1378
7609
7813
7386
3422
1782
8902
7791
426
6824
6726
8037
8683
6793
6324
3297
2526
3162
5443
2229
7461
6616
8418
7670
5631
2638
4502
9656
7059
1667
4647
3685
9561
5715
1124
1261
5285
5084
4771
3206
9057
687
9913
4885
3525
3094
9810
7701
6934
7477
8350
9156
9848
9033
3065
4366
1249
7101
5
1056
3244
9947
6453
6686
2215
2895
2360
3025
7033
2183
4400
5912
4787
1575
479
6895
1554
4666
365
2781
6158
4146
6601
215
6659
4272
4905
6882
3369
5711
4495
1446
6770
1291
8682
5198
1983
3055
1174
9851
4079
3388
5825
1672
5862
6133
8187
2345
4581
9847
8409
4572
8652
1799
7990
3666
1209
1427
1511
8679
5739
2778
6665
3644
5832
599
7514
5974
5863
1064
8944
720
6154
4094
7866
7371
3484
2573
4481
1733
6451
2867
9114
4887
4530
1350
11
1897
222
181
8823
1552
4891
1104
2920
3832
578
8212
232
460
2417
7198
5884
6946
3055
113
2430
7748
8442
531
5605
2265
6527
1665
2883
7570
2149
5411
2459
9760
519
5339
2524
8418
1116
7110
3887
2700
6309
8309
3481
7460
6882
6965
4669
8502
4017
3338
9281
8744
3716
4203
4251
183
4350
4086
3945
2096
4426
7508
9498
7979
5783
8007
1851
6065
9988
8384
2129
7950
1204
1998
8528
289
4094
2337
7271
2673
4564
1068
4537
7818
3950
840
3320
7941
6083
7909
639
9733
3763
3611
1116
1566
3347
4191
9800
2400
8949
210
9237
2657
9716
691
5619
7528
8233
2821
9262
5797
1581
267
4200
9935
92
6047
7262
8277
8354
3842
42
7990
6725
3613
3093
7645
7534
1799
1174
6371
4453
2639
5052
6744
2376
8633
4388
7436
9575
8070
8135
4520
4784
6427
8722
2410
2658
5380
131
4077
6720
465
4286
8567
8260
526
9
2876
6668
2353
9738
1567
7814
61
4523
6217
5604
3955
663
3138
1708
3848
36
252
6543
2641
4493
9888
7460
9226
3914
1488
576
3079
2286
9947
9188
2322
1229
2175
6514
4771
9688
1544
5261
4142
4807
87
1709
773
5681
1598
220
5070
5115
4903
4464
832
8923
7364
7253
8327
9927
1522
3638
5447
1151
1607
664
7037
2756
2442
2916
7488
691
4241
9406
6566
4578
1285
774
7796
2630
531
8331
7614
7631
764
4071
6588
4480
4155
3019
4589
495
2214
6279
6261
4885
7454
9078
1330
1122
1233
1812
8060
6304
6367
7613
6907
9010
2697
8020
9987
1018
5461
1164
6250
8196
7070
1543
1690
8898
4153
7640
3361
36
1970
727
389
8307
6420
9808
4198
5851
8552
6568
8412
7843
9573
7326
5695
6954
694
4938
262
7424
7545
7909
7831
9150
9779
4804
6716
2563
6081
978
9111
4684
1705
4472
8492
5438
1215
5884
2253
1251
67
9972
5795
7983
248
3701
56
270
2032
492
8833
8797
3298
7208
2360
5585
9086
2771
4745
2087
8279
5579
3634
4009
3583
2897
6829
3098
704
1036
9338
6782
2502
4491
2917
5225
6507
9606
4407
643
1898
9743
9881
6468
4149
7611
6483
4914
5442
2951
4434
6468
1600
8248
2136
9393
6664
5635
5437
8154
462
358
5827
9457
4918
1665
9319
3621
7043
6164
7379
2315
3434
6055
337
8250
5190
5024
5930
9507
4261
1796
2317
5899
1424
8605
891
6391
3863
9332
1086
1747
1403
3468
8602
8463
1349
8939
2860
534
7171
2021
5679
5836
7587
8966
7885
2195
8344
8748
2146
5994
2890
8815
2589
5763
6842
4574
2784
7391
2050
7783
1318
1625
2123
5411
8964
7356
2040
8332
5032
5201
8496
4091
5934
6905
2553
2130
6482
4787
7440
4515
5983
8442
613
5323
8934
2446
6258
3791
3610
3678
748
1297
9608
3471
4739
9935
3925
108
1444
3368
7455
2618
4013
5148
789
9877
8144
4895
274
9853
3105
3529
5701
8327
4698
4125
4668
1633
3806
4644
8015
8726
2217
3317
7961
1978
9014
9684
1776
4851
6699
1620
4902
804
9535
5594
4728
2599
7852
6784
1267
5557
5919
6498
1911
3797
8525
9368
4100
5600
1231
1601
4305
3613
957
4504
7931
2798
8105
1478
7402
661
9234
9971
2080
1764
3258
9498
6986
7904
7729
3865
8217
9409
3168
9202
6010
5721
5761
3681
3969
5806
5195
9097
2677
6358
124
1373
3668
8830
4480
7560
2807
2727
2254
5498
8017
6637
9889
1984
6897
5381
9315
591
8326
3107
3717
7644
962
6677
8187
8807
6256
1798
7010
5839
8917
1019
7800
7848
1855
9214
8288
3739
7035
4049
12
6909
9956
1976
8992
6191
7099
5734
6357
176
4592
6501
7446
9219
7551
977
9802
5563
8505
7459
6574
1282
9870
3004
8382
8681
5796
2407
9968
1530
4391
3681
5630
8329
4573
8500
4878
7513
1013
1839
2127
9451
1691
2657
4578
6640
2730
8420
1411
8368
6623
7031
9650
3252
165
5684
1010
4541
9923
1568
3198
2791
2062
7888
9539
1192
6508
4313
6030
3539
2678
224
706
8601
5673
8448
3990
2607
890
1129
7561
9994
963
5558
5731
9879
1983
6103
4953
8583
2733
45
7164
807
6644
7540
6959
4382
9652
2378
9491
8528
7476
2238
850
2144
8286
1012
6052
8018
1683
1109
3856
5214
5548
5378
4051
144
5934
4425
8150
1932
1193
9089
9039
2894
2669
9088
5191
2896
9322
6732
9491
4262
6675
4861
4081
4819
9517
8545
769
6654
5434
9562
7405
4366
9788
1474
3575
8706
3272
6526
3662
6046
777
2545
6763
8512
8782
4615
2206
6177
3089
6482
5329
2871
1045
1633
4405
1862
8027
8604
3457
9958
369
1181
9076
4496
7336
3096
5251
7731
9264
1547
739
5283
9794
3408
1253
2529
2489
7711
9033
4677
7758
5120
816
8647
1279
7695
8018
7550
5004
7432
2776
2480
2046
9890
4104
3272
6707
8104
1195
7653
2266
3394
2348
1599
4647
6658
9295
9108
6948
8059
1275
3073
5253
8044
485
5804
422
633
507
446
5155
6346
234
7902
8548
8557
45
8712
4306
8183
6274
2109
3274
4632
1898
1076
2078
6669
589
5470
2674
3614
5240
3591
2074
5511
4644
8857
8509
2740
4868
8682
7605
6438
2043
325
3158
7330
2951
8054
2057
4057
8382
7215
1045
7970
9139
7192
5864
3587
4405
8851
3175
4206
3333
7885
7664
3688
4034
9905
6520
5429
1602
5590
6630
5871
6911
8025
6587
6070
8187
7829
8380
641
2866
2430
397
1890
6075
1438
6172
7944
7674
6983
3623
4606
5813
8887
5403
6657
7665
6649
4427
5998
7864
7255
5817
1722
2665
4221
3956
8107
5949
506
3646
1251
4833
2944
808
238
4869
554
8636
721
9999
5549
4391
2546
2637
7559
6977
6518
4038
5540
5722
2917
8571
6640
9491
1834
575
2087
4870
2566
8591
3031
1811
933
6432
3639
5225
4184
373
8545
685
3265
4698
4442
3977
3630
6384
1651
436
8924
6484
8376
7930
5212
3038
3414
5672
5683
7555
5945
9190
3548
5368
3010
2881
600
1188
5528
244
854
9920
582
8546
4557
4861
178
4099
4709
5138
30
5161
470
1761
4023
2301
2265
8981
3051
9003
3370
2555
5768
5063
575
7209
6783
602
6658
6015
2823
1917
9738
8809
8173
7840
216
2750
7113
520
1453
1048
3613
4163
7753
5600
3590
5849
4062
1109
5157
8049
1987
697
7863
3485
2261
3512
5008
7347
1431
3814
4359
5624
1306
3876
7163
1211
615
3263
7523
1452
2617
5189
9298
6119
169
3268
5321
801
1857
8961
3895
4190
9985
2546
9804
4172
1232
2489
2987
2463
4602
5757
2829
2522
8808
3702
5923
1303
7086
2629
483
9939
5677
1758
3075
2729
8025
8035
2804
857
7396
9342
8582
3253
681
9370
2361
1736
6869
4463
9427
7811
5344
4024
7550
2757
8634
7842
4745
4551
7232
1172
3262
3809
2941
8566
5188
6876
3453
3695
331
8517
5389
1519
7204
507
8478
8933
275
5749
3769
5214
9821
3939
1932
4235
4091
2559
4803
9869
5297
7487
2929
8464
568
5963
1597
5921
5543
3413
2986
5949
3329
4746
7247
792
7399
6499
6805
7287
9214
7592
9903
250
2859
8978
163
5626
2859
7147
1062
9562
4928
213
2839
9037
1845
3987
3425
52
8354
2376
8468
1490
1355
1466
5229
9294
4003
850
7954
1092
5086
7540
9562
201
7939
7365
1961
1864
64
4813
4425
2430
4809
4267
7603
8590
4536
9295
9389
6674
6072
8600
6798
7696
3453
4507
1645
3396
8650
2428
40
9583
9542
7564
2352
8892
9225
9264
2913
8667
352
6825
3599
7564
9968
373
4155
5353
9047
8290
2822
992
2685
5658
8957
7340
4314
448
4802
3759
418
3701
4923
7070
3371
7334
5203
1609
5263
5350
2575
1109
3581
5796
6027
8232
5177
5993
9059
3697
6020
7520
3150
8657
9830
530
7044
3898
5512
3789
5296
7394
3102
3360
9728
4131
6897
3094
5849
627
4475
1484
5592
4220
8795
4336
899
7159
7193
985
1774
4793
6260
989
794
5994
5910
19
3176
1053
8345
5318
4715
3441
2594
1362
9194
4884
7452
7854
5669
7279
2416
2262
9231
8546
1408
5011
4282
5484
9203
8489
7089
2230
6618
8622
3550
8349
3569
4258
4636
1739
8242
799
86
9889
2787
3870
8110
7411
2911
8243
1291
9536
3970
1751
5385
9132
9326
5040
6580
9116
8923
9455
2879
9133
9340
8773
3326
5953
8284
4659
6421
9607
6182
6397
4263
8598
6980
7225
800
3909
6768
9834
9214
1402
7446
4996
3450
6766
5130
9595
1301
7002
5254
9549
2445
4016
1148
3656
5999
2487
1658
7065
3558
9220
2619
1586
8529
9506
6873
4391
8115
4943
5745
6422
5540
6194
7119
6576
3205
6156
6248
9032
4257
9370
6823
7015
6766
8964
5663
9754
9043
4694
4079
9481
5412
9496
1939
8804
3848
1259
8007
5836
8652
9763
5302
2379
1424
9740
5921
9121
3983
9210
236
9052
428
8961
9906
5747
5927
3837
152
8447
5935
7519
8431
4054
8002
2213
4147
6118
688
4661
3729
1259
1118
8038
4853
4365
4582
3818
9281
761
8427
8764
4409
9513
6794
1282
1883
1875
7628
2799
3853
9739
5496
8408
7631
4454
3589
2016
4255
2044
6541
3491
1963
4681
7406
4811
3696
2464
2874
9522
994
3228
5246
8485
6117
7125
3647
8674
9607
8411
2160
6878
5088
4434
4352
1732
6050
331
8529
541
9707
3386
3907
857
1321
7673
3855
3352
2077
7976
6640
8152
120
911
1963
3099
9122
3827
3759
6228
9657
8816
7303
8845
9958
8473
5421
7768
7468
8937
9081
5681
6714
7925
8678
204
144
8784
2533
1232
1198
1578
4060
2031
4503
5958
2198
4785
3332
5655
8142
6924
2437
2262
9558
482
2659
1251
321
6407
8673
2069
7377
4974
2481
8367
3450
2671
9347
7330
2470
1462
5527
7193
1618
7323
1796
6101
1061
2730
2529
4469
5200
5919
3824
7825
7185
400
6299
2323
7682
6358
5126
1923
4526
4136
4708
206
8660
2886
9142
2562
1716
6048
2302
7993
7590
1489
625
6767
9658
2379
8139
5569
1881
5808
6061
1316
4987
1418
2769
3983
1042
8008
9438
8631
6452
9717
6983
3541
8518
1926
5917
2613
2195
3648
2501
942
636
8020
3733
7673
1369
665
5479
1952
925
228
2432
5508
2792
4037
3930
1402
3463
3793
4749
9540
2406
2296
4973
3400
6661
9651
6637
7055
8088
3308
3361
8876
6824
7705
4209
3830
1703
7158
8873
676
2001
2894
5901
1237
141
5814
6442
3929
4435
2102
920
7343
6216
292
1340
379
2005
6911
2457
995
8758
5942
6134
7479
3646
4467
8987
6315
1799
2279
5589
3171
9751
2274
5049
5546
2910
3183
4261
430
8092
5978
9138
2651
1152
5135
4150
1538
1610
7136
8102
1846
7106
3651
3624
6148
7058
6790
5430
6636
6462
4944
7710
7776
8564
2645
5863
6120
6142
8245
2895
5791
5477
897
2175
9197
3743
8795
1312
802
1993
6970
2214
5052
2463
5031
1898
9285
792
7367
5302
5453
5712
8213
5530
1503
2365
6186
3531
7346
6930
9884
6043
8622
7297
864
2116
649
2299
8350
9325
9614
3668
4272
767
7768
674
8310
1905
8656
7876
4681
8064
5713
992
5321
6171
5924
1124
2406
5498
8077
9037
2552
1982
4849
5206
4523
1027
9106
2488
9946
9939
9673
3328
3542
6036
687
9663
3188
6081
3464
7259
2817
3431
4733
5714
9122
6566
1460
3342
1308
999
9261
1220
4796
6108
1435
3559
5125
1810
2638
3018
9924
4772
7001
3842
6817
8506
7813
9481
3204
398
4321
5215
8738
5967
9748
3291
8259
5998
1073
1600
7536
8086
1382
7162
3694
4041
3281
7944
4034
1045
7070
1219
8992
1493
3489
6348
1988
2707
4381
9605
2348
7756
7520
101
368
7180
1595
6671
7695
4073
9793
9484
23
9019
9067
5588
8081
1832
1333
6892
9030
4846
473
6842
1666
2426
2486
2884
6596
7621
844
8950
9358
7630
8727
8242
7680
3171
1734
2657
571
4601
7159
776
37
1387
4688
2934
4040
5918
4556
3065
1686
3891
5665
1153
6062
2950
2810
3932
8100
3844
534
5840
8160
8137
636
3160
3765
3559
5640
3269
4284
1139
4679
5414
7308
7465
1707
8771
8376
1807
2299
6674
3062
2391
7995
8028
8952
5982
2211
3674
2456
6258
3390
9753
9636
5985
9089
4188
5956
5836
8726
8113
724
4106
5269
8540
9154
7545
5246
271
1510
2639
3349
2155
4009
3535
6682
1168
4003
8007
2900
9344
9045
6053
4185
8546
1295
2618
3164
2883
9888
9239
2964
3910
7096
9428
405
7388
4971
7984
654
4831
1060
130
9726
3304
5555
5229
3187
5056
5029
4019
1120
2756
3086
9312
587
1937
9222
7303
7376
2463
1725
5931
4405
4107
9004
7811
204
6668
6426
256
8350
7270
8631
3499
4586
9901
4841
5015
1386
9473
7264
1190
1502
520
9816
5768
5591
5050
4267
6414
1490
9654
9552
7932
6814
3745
3300
7436
2972
5310
3971
2159
2067
7769
8099
783
1213
9150
4782
1633
3826
8567
7994
7798
7199
2786
3446
8720
8034
913
7827
4113
8804
5898
2236
3246
4307
2655
8612
1875
1467
1832
3515
961
7025
860
9804
6370
6940
1311
4694
8589
7088
2533
9797
4645
1304
7029
588
4172
8415
3032
914
9364
2044
9089
38
5030
5639
9447
8335
2236
2956
125
4949
8568
7035
6098
7190
8216
8282
2036
2886
6961
5928
6688
9622
1624
270
1300
2111
3840
7268
8806
3755
9757
428
1149
3633
3607
6559
8157
8603
3594
707
6560
4485
1482
3302
1424
7589
3860
9114
7953
5617
320
6525
7611
1169
419
5075
1589
7698
3856
6130
9229
4100
3406
8938
3300
3121
7749
9215
7718
3307
4018
8340
9415
3312
8170
1206
6569
5324
3548
8178
7066
5324
3358
9460
3034
8762
1529
9821
2283
7770
3569
7552
3217
7936
3212
1465
6361
6267
821
7050
5829
9506
3160
2772
6773
7354
3933
2430
8210
8145
4850
7045
1587
618
6288
3553
8931
5349
3664
4415
7098
2826
1926
2032
5399
674
4603
6157
5903
8610
3353
5685
2831
4357
9792
149
398
5237
5078
7907
9630
6918
8858
8232
5585
8383
8473
7671
1975
8342
6634
1981
406
9206
7604
5063
4051
7104
2927
3707
7036
8219
9544
228
8344
4441
7278
5789
8214
4536
5993
9625
370
7585
6122
3773
9526
2112
413
8811
2989
6881
7564
3068
5378
9443
2125
168
4264
3692
7036
3365
3219
9609
2067
7754
1427
8240
3269
3455
7216
6340
5530
6899
7681
1092
2388
8537
5175
7745
2385
3681
1158
3289
4121
9166
6180
917
7671
153
2202
2363
2517
17
936
6897
3520
9740
5268
3855
1930
4991
2162
687
2638
8806
6080
7348
6670
2113
5496
5876
9544
2780
2889
548
5655
4793
8735
1934
1526
7179
7294
7441
5711
2625
2046
3286
3474
1550
9168
5274
4033
3889
5759
6797
6840
2022
6946
7973
5594
7320
4094
3231
9094
3521
488
2068
4184
9823
2023
3156
6972
5525
9160
4194
9134
8331
8475
1676
269
1875
1403
7525
6877
1914
7339
512
7836
1174
6220
1435
8316
6354
6827
9558
399
5027
9127
4782
9521
9446
1472
8459
5423
1401
6123
9602
4981
9683
2690
8904
309
992
8312
1332
1140
8716
9258
6430
9134
5419
257
9562
1114
7203
8500
140
7976
9959
1883
2775
598
8962
3822
2902
9586
3564
3868
2837
7338
7515
4983
5565
8447
7208
5340
4762
248
5453
9200
6539
7155
9417
8966
86
86
3104
7134
213
7428
8145
1159
8689
4699
9845
2325
5545
3145
177
1214
799
4223
8856
6670
4063
1278
4833
4298
8973
4926
9632
6561
5178
6126
9715
2511
6099
9765
1451
9659
2166
6151
1829
9136
2033
1011
5124
4233
1257
4441
7277
4150
4179
3881
2239
91
3187
9766
333
8807
4591
266
185
5553
6047
3987
4462
1647
9652
1595
7514
1681
8290
2389
1654
10
1739
7491
4260
1454
1833
9237
788
9687
471
4428
9795
754
9965
4780
8256
6086
1254
6080
6604
9685
1887
3143
6766
6218
6863
6684
3008
6642
3613
5411
7097
440
83
9343
983
9721
5293
1137
2969
8102
2910
5163
8775
2759
6159
2771
4271
9628
7780
5315
4653
5791
1614
1277
9622
5397
9862
3707
5953
9188
4284
4980
4929
6254
9917
2699
9699
1052
3546
2034
8641
1222
3659
1116
6897
14
5823
4495
9982
924
94
216
8849
2964
2958
4313
9899
3380
9310
5677
6209
9817
8739
7356
3892
66
8796
3434
4843
1084
3636
3850
2192
7340
9283
7489
885
6139
1953
5637
2033
8427
7897
2083
8810
1976
7029
2271
9296
9658
1996
3750
8644
1719
9013
8832
5635
5269
886
7666
3396
509
1005
319
2729
411
7754
47
4245
2866
552
8583
5691
2860
1911
1480
4142
543
2023
7012
6250
7324
8994
1658
5758
2673
246
1203
2693
8125
2237
9141
5760
6915
6475
3573
8945
1160
452
6345
5542
775
1096
7179
8257
3412
6109
2858
1424
846
5206
427
8461
9597
3381
6237
5924
6426
330
2073
956
2574
3719
72
6148
6147
9570
9134
1180
5431
5701
5605
3197
1358
4406
8853
5062
2983
6046
4350
7028
183
5001
8040
829
9106
4985
466
1209
9016
8694
9799
125
1371
5558
5342
3221
5951
2981
2896
7917
9723
3649
8485
4301
7644
1509
3367
9887
7016
6768
4552
3806
4831
1329
224
9549
9726
2802
1662
1761
94
5230
7855
7723
9961
479
5565
4694
9964
9736
9199
9353
8568
3628
7390
3738
3443
6138
5431
4320
4219
3990
12
9955
6091
2420
7189
3378
6710
3507
9477
8704
3791
2820
2903
7435
8427
9270
8919
1387
3167
1376
2781
9044
35
3802
5732
8136
1288
2936
2856
9644
741
6739
5118
7285
3181
8934
6062
9295
7613
6818
1755
7370
8113
143
4979
6417
4422
4127
81
1464
8490
3552
7248
7217
5776
5871
426
2011
623
2819
5055
1448
9882
5981
9985
8842
6443
5482
9836
6153
2328
6002
2899
8099
9399
2528
5973
4353
6878
9838
4287
6945
3139
4397
7403
3925
5554
9486
7942
1448
7517
4048
7086
1224
9037
7398
1690
5109
8455
3124
8549
5556
1210
7942
8338
1024
8965
2157
2947
7710
4341
3687
4836
9595
7004
7482
9986
8452
9965
781
3578
785
2868
578
7564
5152
8403
2052
669
8618
4390
5609
4092
3427
7848
116
556
179
5631
7386
7024
9388
3154
1310
8438
5176
7019
379
8154
7617
6695
9662
7819
4268
7417
1406
2234
4595
6911
249
6942
9853
8525
5644
4405
9628
9798
1838
8517
3490
6905
8441
