3452
1774
397
9033
3860
6733
3930
5791
4364
1513
9949
6956
3279
3009
7564
8276
2447
5371
6163
4671
8281
1896
2944
2591
2231
9845
5032
8894
706
7597
5380
4049
3985
13
2172
1209
4002
4848
9933
9544
9172
6776
5498
432
8287
8686
5357
343
113
8321
9496
583
7813
8010
2989
162
1010
1168
326
3570
1485
7223
5729
3230
7020
8932
2940
3049
7273
1499
1113
3781
5806
9225
7166
149
8163
1902
4780
2880
2354
5922
1609
7089
435
7480
7756
4202
2953
1264
7573
5481
888
9846
3254
3507
5361
2263
3858
3069
6555
8052
5649
3354
608
6352
5533
3599
5233
5891
4156
5762
4951
2593
7626
5808
2119
3701
1090
829
4673
2726
4072
6214
7990
6972
6166
8915
1555
8651
1186
8985
4334
62
5561
236
8124
9968
2250
2305
7004
4691
3281
5361
1700
8963
942
6489
2022
2244
1009
3151
5566
5624
2661
5887
2971
8894
486
4035
4631
6996
5552
7489
2213
8605
3206
5198
2038
5853
8043
8016
5656
9713
7184
609
2812
3083
8747
8352
7170
699
5680
9826
7219
810
6367
4166
6827
8384
969
8309
3793
7109
8176
6392
2644
8548
9659
5876
3987
1724
226
368
2425
480
684
8327
3204
9758
2579
7673
8513
9757
5137
6460
5397
2335
8905
8272
9594
4742
7652
6079
7636
467
9398
5683
5503
3449
7756
1538
9639
9552
9941
7973
3299
4742
2314
9766
607
7104
5755
5879
8005
7502
5624
9072
1016
8908
392
720
6076
9204
3354
3077
3973
6273
7814
8246
7690
3743
3374
3421
6310
7022
2678
5570
7595
8278
8221
6291
3571
404
5959
240
708
482
1449
4994
8159
4452
1729
9580
5622
6239
6799
8761
4103
6676
4419
437
8522
9802
5012
5288
9603
8058
2858
8253
6083
436
8010
8976
226
9550
6459
7894
7105
685
3225
8551
5679
5820
7718
2118
8458
8905
3864
7697
656
1887
3715
7731
3553
3694
4323
3335
7250
599
8181
5400
3889
2883
6099
3011
2352
1892
731
4110
3952
3763
5260
2402
9484
7847
2508
9891
7966
2807
3624
1360
1506
807
8056
230
6085
2159
5886
2543
8073
1562
9916
3448
2808
8809
5023
3056
6562
3255
171
6715
886
9640
1220
6247
5705
154
7415
4646
325
4110
5235
5466
2801
3312
4375
528
6153
6529
9689
3314
2858
934
3648
9312
8524
8857
4239
2585
6316
1677
8863
1235
4613
9776
9080
9562
2667
5753
6603
3909
7396
4384
2318
2068
4418
877
501
5094
3553
1976
7449
1047
2122
3055
5288
886
8066
4807
9002
1492
4578
1066
619
5592
6163
8575
5961
2512
4677
7751
2316
770
2509
338
1820
4593
4521
3330
7492
7067
5649
1944
9874
8559
5788
9739
4695
4412
3100
4583
3921
372
135
8513
2946
2943
8419
6985
6861
2652
8269
3400
7965
9026
8421
5913
386
6709
202
3940
3465
5269
6510
5557
6694
6048
7045
5163
8209
5415
768
9469
7530
6717
3616
5191
6122
2316
3065
242
7048
882
2965
5297
2660
5225
6545
4663
7091
485
2632
2519
3304
8406
1642
83
4123
2141
9881
726
6105
154
5760
3597
5880
5908
5281
3599
949
9010
2409
3214
2668
1175
2737
1686
3587
2283
5508
4514
9908
5667
184
4974
5397
3475
5947
3798
2373
4234
7275
8013
7061
1451
4530
3883
6448
588
6285
8398
5273
2935
6023
5297
5168
1566
1862
4042
3360
9323
994
1980
6776
6373
4173
8173
2500
2191
5508
9314
5063
8987
2001
1863
4023
8684
2505
347
5541
2953
8889
887
1880
349
504
335
1205
5147
8888
2689
1693
7422
4911
6747
3235
5375
813
1257
7608
3504
5177
3660
6933
8581
1852
2358
5204
1346
1673
529
8716
1775
2840
9775
4343
1657
4862
6908
9905
5026
3115
7120
5695
4408
6783
1377
890
5667
4841
9558
3271
3064
126
4230
5204
5243
3843
8670
5537
9473
3879
1585
5640
3283
4479
4650
1418
7199
8223
1757
3848
1304
4594
8811
1659
9213
8119
7604
9728
6119
5720
4023
5779
1612
4951
7029
1127
3297
5400
8324
4192
205
837
4591
7021
3128
4594
8571
9381
5442
8558
996
2925
9056
2178
7797
995
3393
3465
3287
458
6158
3740
9601
98
4912
1337
9837
7891
2316
191
4651
8102
6889
7161
3951
7872
2211
9940
8774
5756
1879
2783
7990
9108
2110
494
1875
6732
1383
3627
1357
571
9005
1402
3719
7910
7880
1383
4019
475
6847
7182
6840
7767
5131
2806
1590
4
3590
7291
16
4499
7618
8966
3608
433
3239
5916
376
8745
5092
7328
9436
3255
551
5525
7374
2628
8631
3140
8553
1043
5358
5255
3711
7302
9493
5824
3542
6398
3255
9128
4397
1757
5975
5992
7724
7786
3790
3213
5977
368
6412
5036
3319
1795
1936
8402
3481
2240
7538
4646
9061
4400
9534
6606
83
1369
8219
7243
516
4801
8329
6466
992
1200
5114
8295
5687
896
3383
3096
1209
6564
8531
2179
7362
4114
3436
2389
4317
8990
8909
32
8105
3573
9953
2745
4169
5395
7539
6251
1668
1313
6433
731
4669
3566
6798
6169
750
5257
7158
9487
1117
8888
4348
1817
2513
9161
1104
3410
8925
5138
4156
8727
9674
870
1181
1401
5668
4439
5871
9397
6939
8739
8833
8056
8489
381
9432
1953
2275
136
5920
9447
2377
1074
4508
6579
6647
9787
942
4380
4078
9200
6515
6733
9405
8
3366
6741
7592
7243
3156
6315
1659
3978
3807
9932
3272
3647
9100
5571
3564
3858
9240
2963
5983
6932
775
7476
7962
2060
5149
2135
4387
5436
3733
1944
5332
4655
1358
5887
6219
9857
1718
5955
666
8299
6623
6396
3581
1593
1118
7715
1803
4650
4162
7144
8982
9700
9025
2800
8909
3777
5758
4153
5025
8538
9607
3291
6277
622
347
9004
7342
686
6969
5680
8330
1369
3251
4508
61
4863
8769
5077
2230
8884
514
1098
5296
1940
5694
4843
5892
7517
3063
2420
9948
493
6061
4873
3458
6489
7120
2736
3495
9831
4112
2630
8912
3448
705
9487
9819
8757
1611
9582
7119
2053
1821
2636
8305
1481
6673
7641
3155
5733
2379
3580
4615
4539
1499
2985
5153
2340
5266
8142
8282
9710
1041
9849
2017
6877
8524
1962
8700
6047
4606
8848
8044
3617
4710
6483
3470
1431
1423
8766
5134
7676
2878
4343
6790
6822
6052
6348
2821
452
4115
8475
8971
9992
5470
5486
2959
9371
8521
5169
787
5713
4127
5121
256
9866
3794
5251
3515
9874
2236
7806
297
6342
8420
2215
9263
9491
2029
1959
2977
7053
6089
5915
5388
7576
2731
9591
9872
1079
4858
3799
5077
2255
9249
1780
8574
8087
579
1920
6491
1070
9660
526
9800
6568
9506
5152
6051
7158
6922
2255
9595
370
1560
9905
596
8868
6990
9402
4087
9924
3333
6321
9509
109
6394
2909
8924
8729
7855
9549
2755
9854
1314
2545
335
3957
1691
8424
2296
1956
7023
1654
1430
6231
5634
930
6101
4527
8521
2218
1719
5174
8157
3539
4872
6750
2780
1392
557
518
7161
3566
1990
5656
3092
7755
4626
370
3492
8497
466
1967
5232
658
694
9009
4349
2241
1555
5565
3474
5819
3942
2946
9831
5216
4178
9959
9708
9938
7573
4769
3622
1161
5625
9839
5636
9904
5046
3074
7919
5087
1060
139
9728
4854
3950
6467
6428
9603
6291
6385
7930
7425
8582
876
4166
7405
1094
7549
5470
3461
7351
8735
89
544
1055
8070
5095
5268
7709
5865
7970
9288
7875
3742
356
7830
5300
3601
4324
4652
8040
2944
9864
2080
1229
6486
1454
2430
2904
178
4437
5343
297
5587
9718
8263
3149
611
3616
1195
3340
1964
6817
3502
2226
3483
336
5351
8139
7680
6487
8848
9847
4079
927
5805
1310
6614
6787
3222
2525
5819
5910
7619
9070
3426
5969
1796
7430
7496
469
4922
375
1711
6414
9349
9158
8582
408
3435
967
2275
4203
226
6052
7136
6946
58
7677
8640
7818
5722
4105
7308
2662
1525
1018
4447
1855
3833
3375
4474
7496
9076
8483
4740
7167
7251
2482
4210
5471
6760
3660
9663
595
2503
5522
9480
4614
5565
5518
1015
6374
6574
1327
6953
2886
1977
9153
3262
4978
7386
8443
4781
1550
157
9858
5073
6007
3161
4507
421
6363
6497
5086
2343
676
9682
7478
651
3359
5561
4660
1951
7515
8885
2131
2470
2797
5108
3623
3492
2641
6109
9519
7893
7610
185
3513
3514
3770
638
2020
5201
5070
8473
1057
6575
7905
3144
2931
397
1521
4754
8261
5517
4334
6932
5067
4439
5326
8792
5376
8100
3549
2723
4142
7894
5234
9436
3821
3778
5453
3572
5890
1723
621
3351
3753
4908
7454
6813
478
3714
6767
3244
7348
5076
65
7038
4888
624
4060
9883
3024
3411
3372
915
9149
3284
1224
5050
2048
525
4355
8032
7049
7959
3691
4540
6890
5314
3151
3044
7578
4590
8110
5212
3989
4136
1482
2936
2497
8164
7756
3616
1899
9572
9601
8031
4640
7346
1857
8968
6616
7472
6400
6534
556
3193
2958
8141
8712
6739
2889
8482
5499
4740
402
7028
6796
9006
6893
3654
6823
8041
4674
3243
5365
4827
2016
300
6986
9014
4161
9848
8231
9294
3753
473
2399
3253
984
1439
4375
7365
6079
7803
7735
4826
8543
2970
3037
9802
828
7644
2001
1057
5729
5488
2098
9757
9758
9806
3775
5235
6748
6208
7394
6188
5904
3230
7207
2639
5502
5300
2507
4940
7557
1075
7616
4306
5112
4001
2268
558
2397
4029
5536
7042
7342
2707
3606
4381
8589
6680
3076
7484
7813
2595
1246
1405
8171
6840
2216
9019
5764
546
6696
5227
6367
8189
7642
5538
419
7677
7517
1345
3155
7390
3659
1918
4990
6153
5142
5360
1940
3055
8285
1542
4577
7925
7374
2389
5086
3932
389
5565
9565
108
2787
6998
7346
7725
1530
3804
9618
306
2452
5828
3107
7778
1188
4346
3746
6068
4964
8761
5908
5062
3773
6950
8004
4970
1557
7593
2011
4990
9795
6472
7358
5975
3118
7970
6641
3833
3507
6997
8602
228
5285
1661
6224
8863
7759
234
5889
9242
4293
92
8867
7283
5993
6894
5442
2007
4233
7708
9768
6418
1189
5858
7851
7461
4686
9042
1921
6595
9386
3121
8846
8760
420
95
2334
2246
4929
5874
4542
1502
2909
846
4084
3607
916
6963
4767
3038
4540
5410
7608
4747
3744
6189
2456
6971
1415
6779
8276
8655
2179
1092
4548
9553
2246
3823
3937
734
5037
8134
4380
5908
5313
8786
3419
3257
4099
9737
4686
5461
2148
464
4608
3534
3447
9150
4057
8846
6014
5952
7872
5331
8544
2882
3310
8322
9501
9456
6686
6009
9192
8682
3920
5888
1843
8269
4860
7675
5449
9188
4788
7247
2196
8618
2115
1806
6943
3338
7329
4881
3925
3157
4472
2737
728
5439
8305
2881
846
2823
5608
5260
2422
6081
1086
423
5640
5250
9372
4466
1899
6327
7157
3456
7072
6931
4613
2496
9931
739
7846
1992
6049
9551
769
5757
9325
303
6561
5298
5469
7959
3363
5866
5242
2993
4137
4987
8213
4086
638
7617
2076
8312
4901
8620
4011
1951
9882
7016
880
990
9210
1015
8151
8177
9646
509
4244
165
609
4359
5023
804
1411
792
6040
9356
3991
1154
7324
5499
3175
6654
2657
4330
7911
1976
2235
674
2039
9689
9425
7119
7089
2370
8905
5136
6483
163
9200
551
4503
6517
2358
4707
381
3930
1638
2440
954
1695
7011
8104
2521
5594
5645
6576
1760
5990
1443
2465
5758
9400
4547
1770
4929
8142
173
8863
8916
3507
3589
8311
6709
9025
6999
631
8068
5203
7845
3815
2983
9878
7212
2846
9210
1916
8277
7328
2884
9500
8903
9296
8790
7321
8377
3970
9260
6557
9557
1490
6005
5922
8713
7131
2912
9662
2007
117
8396
5624
6315
5086
3634
747
125
7491
6574
598
5740
7324
5271
2253
3307
1538
9296
2800
6136
4749
5879
6533
5191
7374
1083
388
1373
3493
8395
5008
8520
2944
6122
8461
4092
2305
8958
4578
5224
3899
5159
4653
9223
249
4125
7837
5459
1947
5138
864
756
3982
5494
25
9973
3702
7657
8205
5608
7770
332
4491
752
3900
9921
4006
9579
5492
5856
7040
8307
1817
6395
4388
5834
7707
3865
1536
8435
3439
1631
3293
2816
8920
2125
3629
9109
159
3588
7856
6123
7662
597
4739
6769
6958
9205
8694
141
9547
188
2343
960
7233
4621
8432
2904
4758
7696
7514
4575
9652
3947
2125
5984
304
9215
3269
3322
540
3727
2770
9053
4869
2011
1468
9857
3146
394
8641
2597
5802
9302
2157
8645
3592
7553
7397
9702
9598
3270
4576
2891
1051
9754
5906
6009
6507
3778
2854
8199
9905
7310
3447
7247
6003
8882
7211
1074
7586
1381
1181
760
7669
1362
4933
3797
2161
8764
4582
4471
7447
1679
2196
6827
6538
7569
7568
623
7147
2968
4130
7330
8147
8149
6850
9112
4028
29
226
5914
2124
6393
2700
8570
1391
979
6275
1060
3377
7521
4728
1455
5877
6318
5004
803
7076
4275
5741
1237
21
4101
6863
1566
8277
3352
40
5626
6516
578
1015
7819
2524
6346
6242
3102
3726
1774
2555
6725
9227
5364
4527
9731
9755
5897
8603
9687
4686
245
507
7312
6813
1567
4800
1263
1948
6732
124
6441
8206
1763
13
6619
1253
5820
9061
2104
132
5927
9218
6654
2963
9098
1998
1079
2223
18
8309
699
7115
921
2734
8867
1047
3656
9129
7224
6043
9668
3171
8634
3088
3157
185
6397
2139
1188
4518
5181
2599
8082
2202
6514
6206
4981
5738
9662
691
797
7342
4724
8943
4117
4892
8147
3063
7110
7854
4751
1222
1253
1073
9121
9836
7372
2685
1236
6963
7941
3820
4912
9865
9891
2425
3333
7839
2171
3159
5341
9821
3408
2651
9924
8111
2013
2855
6595
8176
9818
1715
8151
2226
5073
2906
6081
8663
1771
9998
9462
9328
3764
9513
4327
1743
2429
5954
7483
7722
4528
3064
5959
9519
2653
6414
304
4542
8867
2851
40
2680
1243
6845
8356
2018
8798
5185
4046
4102
7255
1329
6438
598
803
6930
7955
429
2085
8185
5976
7604
4502
5458
8801
1678
1994
8829
7388
2305
8845
5621
2965
2210
8156
4094
2890
4171
2288
1083
7997
6619
8516
57
3416
9338
40
2811
186
3207
7023
2898
783
6721
2563
3801
4671
2062
617
4811
9677
8331
6846
6785
863
657
3760
508
5165
1664
1209
4075
7474
2875
5958
3322
4816
7407
391
5639
8960
9313
7935
8834
230
5667
8826
1792
6547
9859
126
1036
8869
8449
4042
5243
9913
2266
6476
9226
1665
9462
5535
5014
3344
2922
8145
6504
6961
7802
5186
8443
5000
1967
4088
4795
0
7665
96
8140
7220
2513
7391
4196
5497
8086
886
1430
1096
2642
1284
6124
8586
8911
8133
5520
4588
7932
7800
1591
4433
3614
7167
6139
5447
6325
3535
7811
7217
7964
7351
4785
6084
3628
1726
1351
638
286
9413
3607
8928
8219
8027
6774
8812
4162
6351
3852
1385
2980
6448
2331
3283
6976
8145
2634
2080
710
2264
1581
8605
7130
2293
4178
2215
8856
7168
9738
8790
1102
315
5890
6388
2890
391
7309
363
5808
5586
3456
7276
9544
2605
7737
2811
7235
9756
589
424
6600
8455
7981
5497
703
7038
5428
3778
9448
4617
2319
9415
6889
1069
538
9064
4979
7370
2899
1531
2912
6657
2221
2216
219
3203
8724
5021
1947
6309
935
6962
9997
2032
8855
3735
9773
164
9370
8297
1906
1773
4556
8947
5331
8829
4820
2785
4890
3529
142
2896
7779
8944
2538
114
2336
8566
6880
2765
6973
1423
6941
4531
3451
9318
863
5836
1851
1325
874
8447
5416
239
4212
4048
8369
3569
6723
2227
4994
2696
5297
8734
2639
852
6649
4557
9212
9673
9889
975
6812
5694
9795
4062
7572
9342
8858
8172
5210
444
4533
3176
5263
6772
6027
4512
1559
445
6876
3009
193
9498
5488
7194
8263
3328
8206
9022
9348
737
843
7399
268
1110
5085
9912
5901
2540
9482
9467
6240
886
7602
8810
1324
3456
5782
5529
1687
5107
387
9359
3418
6228
223
8918
9888
5304
1023
6216
9738
6082
5282
6553
946
3660
6334
4244
3050
164
8837
4190
3105
5453
1715
9254
769
5799
3815
8654
8
6489
8540
8915
4512
9307
3298
3495
6029
6656
2126
9072
7011
3024
235
5882
4962
803
3899
3239
2415
681
5774
8327
5104
823
3741
5250
1267
5037
5108
498
8187
2530
2986
254
4185
3776
1246
2593
3651
5917
6607
7354
9971
8238
1800
9596
655
7264
4567
5061
2704
8641
7497
5467
9169
9400
6372
4482
9334
5781
1647
4475
1638
3379
2626
1351
5671
7530
7702
4569
2581
9969
9480
4969
2798
2017
2159
2964
2813
7445
3815
6001
4848
6062
2554
9726
1241
3250
7707
6265
942
8692
3118
2140
285
8351
1223
1567
2543
5195
7965
2929
8167
4851
9323
3713
4120
9533
8643
6166
4432
5224
2415
7439
3269
756
2486
2757
4779
1819
9767
1564
8223
2142
820
424
9282
6842
3934
925
3285
5529
1241
9102
7646
5012
3532
2439
3909
7286
5064
8470
4749
364
4754
7460
3058
3529
9103
178
1323
4422
5051
2174
3020
8086
6262
3749
5420
3944
2811
8450
4717
1174
9421
9061
6637
3562
6177
6175
2856
8448
8627
8329
9272
6086
1510
452
1258
6079
6779
4923
6558
8408
6620
2532
7355
5858
3798
1206
3468
7054
6753
6853
2187
38
6382
1416
3817
4616
9340
3372
4855
8798
7334
9457
3507
9480
5916
7714
3379
4012
365
946
3703
8323
8926
5154
5326
292
905
2271
7272
1086
3957
4392
8611
8223
7342
2205
4901
4050
3425
7698
1956
613
4871
3523
5861
4840
1563
2531
351
4193
5289
6429
7003
4525
9332
1531
6523
481
2244
1236
2676
5503
8811
5903
7577
3619
6979
198
7509
5757
4598
9847
4324
8089
4904
9764
3407
1850
1077
9770
595
6405
5299
9230
781
6441
5107
179
1684
4621
7834
4633
3298
6162
8710
79
8944
9175
5840
9849
2510
4668
237
108
9020
2606
287
8630
6711
2912
110
9947
771
9211
1311
1963
1298
4204
6511
3919
1758
7372
4207
8322
2745
1949
9659
4956
6622
9663
6200
1928
19
1635
8826
152
6478
5751
3439
351
2113
8992
5612
5244
819
6598
5202
950
4988
4121
8876
4179
8269
2369
6711
3107
8714
2451
2862
3305
9781
8111
4721
4633
9993
2246
6914
5564
1231
425
7037
1297
6832
125
5057
7967
4855
1547
1182
3045
578
6292
6317
9122
4373
897
6806
3536
4491
7704
8211
7178
1787
8314
5231
5087
8419
3034
9689
8415
451
8888
7771
6082
2232
7964
5378
152
1763
3886
8345
5515
4741
9457
2678
6096
3578
2064
9569
7117
448
5344
4173
8708
5138
9030
8308
365
7157
9730
9443
3410
3902
8760
5007
6644
6381
7583
5426
204
11
6147
5382
2715
4348
7173
3165
6962
4560
9138
3354
4830
9404
7120
2944
9115
6959
7765
2070
3513
2084
3986
355
1372
1716
5965
4139
5181
5717
3212
1094
5134
146
8173
7417
9611
488
4995
9428
9628
1067
1034
743
8535
3763
107
8098
8562
7798
3548
2327
4486
4067
2831
2238
5231
5464
5754
8629
4064
4113
7686
9250
7139
7998
9729
7718
3838
6383
9679
8304
8689
2254
7261
7867
5084
26
5398
9509
5982
843
2942
7597
3383
2711
4012
4935
4415
8816
7844
2272
7840
7415
5826
809
2126
8257
4563
6930
4616
5188
2221
9284
6054
9183
2479
5018
7201
8036
3379
9837
5282
3634
4096
9963
9554
6579
6781
9108
3521
8782
2335
7184
3043
3610
6131
9792
1764
1473
5303
6367
3852
5324
7506
3877
2430
9856
2756
6713
2138
6533
8248
9103
9634
2079
5927
4309
1098
779
2086
5782
4777
2904
6223
394
6556
2111
5453
6106
3705
8720
9680
4243
6800
1242
5905
1943
8798
3127
624
1962
3451
3442
1001
943
3092
4950
3445
7056
4835
2788
7516
5940
4922
4320
1511
1552
9902
5849
1988
6205
4512
5091
5828
417
2199
4291
1486
9789
1449
3974
5222
8594
1369
5294
2472
1425
6634
9050
5518
7854
9377
9281
9634
4400
1160
4539
269
3720
3855
8956
5837
3691
5229
4638
7141
8797
9269
90
6766
4428
6196
3874
555
4134
4518
1262
6747
488
6952
2977
2424
7141
5960
9447
6604
8079
5304
3277
9523
9988
34
6317
2347
4280
9781
1173
1496
4491
5950
467
5828
3239
6018
6319
4243
8969
6599
9157
5557
7705
3443
8717
2181
6647
2380
7417
8206
1508
8750
459
6750
4810
8107
3168
8562
8825
7772
6188
9344
5904
3990
7315
2228
4260
3416
3649
8850
4191
8065
7800
9274
3496
4158
2100
7626
8474
97
7532
1549
7540
2941
5286
9665
3998
6462
343
5159
2578
2693
8039
2387
3470
4465
7485
7971
3765
8905
8220
5596
2668
5446
8649
2671
5480
3614
824
6731
3473
3627
5202
4300
6131
7018
309
4850
5778
1182
6744
2300
6039
2085
826
4771
507
8259
4070
2675
4478
1514
2180
6996
5733
283
159
9031
3934
5094
1470
1900
2785
6622
482
8896
3973
2712
6075
1619
5931
2961
4743
5703
3115
1087
1144
2165
6234
5088
5073
6650
5541
5423
2397
5535
5676
7461
7740
1734
4269
7515
442
3456
5980
1182
4525
8859
6541
6556
4428
953
6814
3386
1047
2844
7091
1592
2519
653
4559
4908
3058
4972
3227
5771
8586
5729
6823
3142
8340
6081
6731
1249
5648
2924
8584
7631
7002
4467
6527
7449
7931
4392
5741
4445
1324
7613
1203
2211
3241
6206
8558
5979
6782
5467
3303
1682
2945
2349
1337
4948
4155
346
6761
4043
1300
9684
4567
1861
2746
267
3873
6004
2398
2451
9278
3886
4875
4176
9854
7237
131
5742
843
2481
2728
3245
6955
9273
4868
3801
9957
7953
134
9783
9886
9550
1562
5532
1743
5028
8419
3832
7461
6672
9191
7471
6756
1905
359
7512
665
5729
4634
8879
1387
8098
6053
7237
2828
5524
4345
7063
306
3875
6968
2684
7260
413
8261
2615
8483
4592
7464
3789
2192
3410
2523
4352
3348
2875
4277
8570
9047
412
1312
8454
8528
8083
4136
6936
7230
2134
5026
6028
5521
5261
8694
3851
6552
9500
9211
4811
1576
1102
6958
7070
9477
5293
4639
4650
7904
4622
5912
1513
7261
6698
9626
9030
9200
6342
357
8440
7732
6596
6916
1404
9527
978
6851
6490
1861
1104
3423
1530
5408
4688
7352
8271
8521
390
8693
3153
2925
6527
4212
6649
2351
7870
6220
4165
4222
5728
6961
7051
3059
1489
6851
8474
3577
8472
68
2444
8841
2989
4100
1193
2288
11
3979
1877
4800
401
1410
6056
7664
3282
190
734
321
7692
9546
2613
6462
6870
6255
8228
7310
9106
5891
7500
9418
3794
1020
4502
613
4886
6767
91
3965
8084
5098
1059
5549
6257
7082
3381
6876
9227
5721
1197
9318
121
4183
4235
7588
6554
1844
3336
3178
7946
2744
8196
3742
2867
7183
6107
3616
7712
1524
4438
7242
3021
9129
3933
7045
26
1216
9338
1765
3070
4346
9625
1634
3608
9257
5531
4165
4657
9955
2810
9627
6430
9510
9559
9257
7825
3426
4079
3164
6526
440
2268
8779
3787
4653
983
3484
1297
3898
4235
6703
8464
4820
9046
3899
2639
6547
6073
5043
3456
3633
4110
9253
8353
1568
4840
1503
1871
6504
5094
1774
7045
1773
3250
3172
8163
5945
1702
5765
2698
779
5278
5310
3203
2891
600
7027
4671
4584
792
8100
6297
7841
1688
1179
9336
3564
4445
4308
1921
7878
6933
9913
3881
3928
924
2921
2647
466
2397
2821
7192
8502
661
3255
8876
548
4820
591
1614
3262
1277
9083
418
3783
2557
9986
5830
3996
5864
8973
9771
2895
9022
1266
5293
2588
2029
8031
2701
4587
3216
2847
3440
8577
9861
7708
4544
2546
9597
722
352
4423
3996
3580
3837
615
9408
3693
8768
5910
4238
332
2800
5591
1400
5021
4949
4751
970
9384
2567
2088
7284
7081
3061
2030
866
5283
7217
7578
1943
7841
5096
8504
4697
2859
8976
3543
4741
8849
1658
2540
9955
5735
1574
803
7428
4557
4790
1604
7720
7978
4619
4670
2700
2533
4203
754
9952
1215
3669
1311
775
6976
555
805
9735
9180
8589
6600
8081
5490
9543
947
4170
3473
1312
3654
4936
5735
435
7230
9912
1704
8155
6048
3820
9159
8648
8690
1107
676
6334
549
1856
1554
4220
2738
7228
7684
8426
1824
4070
8259
7131
6015
425
3310
4850
949
7591
3471
3921
8867
273
9750
6909
1715
4584
8692
8989
3344
8942
3094
2305
1841
1062
4380
4064
131
2426
5989
4905
7698
1898
9289
4011
6900
7826
7411
544
8995
1861
1688
8164
1349
7286
7256
7764
3226
9365
5072
3009
6209
5846
4138
8307
2150
4141
4786
3466
5564
3862
373
7760
8451
1137
7240
9979
9510
4922
3234
2350
4277
566
359
1455
3802
8490
8531
1827
7209
3846
3967
694
9048
8847
4226
3223
3161
2218
2023
8847
5057
4531
6823
5810
3574
5133
803
286
8473
6901
3313
6736
5965
4847
8880
4631
7940
8786
7817
4960
6197
4495
6596
4112
2603
6252
7540
4848
7517
8384
9424
1826
9605
199
3391
1346
3728
4
7423
5336
2561
3478
6050
1898
5874
7187
8294
31
1320
9602
6736
5118
6881
9013
2516
8868
1293
5891
7555
5140
9638
3555
3857
7736
2958
6516
6353
2246
9444
6586
1072
5967
8658
114
5163
33
3893
8263
8910
9483
5722
6717
219
3744
7490
6059
3186
2997
7506
3942
7539
8613
7657
7064
3245
3125
2478
1375
5906
5393
2694
6225
3481
6692
7295
5453
7567
4615
4396
2269
1356
9617
5198
2473
62
3036
2587
8917
5444
5688
125
1722
5816
8553
8041
2993
9385
1500
5179
6891
8500
6887
9371
7647
2415
893
3214
2907
7891
865
2843
2299
3843
1602
71
4056
5085
1845
9696
6551
1979
4257
8051
4946
5046
9891
4859
180
7881
1713
1559
5806
9405
8156
9222
8599
2710
446
9249
8464
7913
2035
6869
2437
3944
4581
6011
1583
3500
7455
2406
5766
7262
9187
9849
5412
1810
8007
8338
8085
1616
6345
8135
3050
6624
1555
3995
7629
2465
811
4301
4527
3575
9825
1230
7197
2799
811
1885
4017
6480
4110
16
7237
8703
1074
1089
5282
1022
1624
6995
5382
4051
3672
5071
2420
5041
5522
3855
7126
5525
4214
9222
8093
5023
4272
4523
5801
187
9915
8096
4884
6507
2006
7059
9944
9491
1043
1344
7313
7952
8796
8113
7949
7814
3281
739
6784
1796
9212
3894
6357
6534
182
6785
6846
5991
4930
2463
8380
5809
375
2762
8650
1651
1275
6786
2996
3149
9418
4538
6741
8715
4278
9216
3470
8652
1624
439
2450
8366
5749
1619
2126
1335
9565
5920
4054
7282
3548
4830
7018
5893
9187
253
5016
843
2657
4530
6796
9762
698
7875
178
8371
5530
8709
1531
8330
275
6511
4237
2929
6849
9130
2261
1709
1327
39
9625
404
6963
6141
9672
7770
6884
5694
226
1559
6940
3141
1732
7446
6664
5071
6987
5740
5388
211
2234
2755
1411
5438
5783
5795
7812
7087
5775
5452
9313
2332
2666
4370
1481
5520
6089
4373
6237
5474
8988
267
2848
2898
4192
7373
1319
50
5781
2043
3488
3358
4062
5533
4254
7290
4066
5111
2946
5255
5855
4567
9878
6082
7502
7230
3972
8409
4849
5881
7283
2891
5305
2444
6401
3482
2933
6874
316
3055
6228
9090
8954
6539
2843
7689
6840
1078
9170
6577
2431
3078
3049
