1779
1606
5910
7723
8895
8245
4914
576
315
3423
9357
2893
3626
5711
8530
8383
4589
8090
3004
3387
2242
2003
4571
8262
6891
6954
8163
8996
1866
1426
1891
7307
9912
6669
8547
5715
6597
4151
3206
8428
233
2492
8287
2956
2345
3111
6304
6947
8021
6872
8430
9901
2479
6032
6657
2868
4742
5052
871
816
3664
1132
4103
9084
6550
559
547
4389
6345
5437
1910
8577
5106
7456
2413
746
967
4624
8067
5894
5482
5994
3717
8612
2651
3100
5604
8405
3822
975
7464
3285
8567
2066
6721
6452
3778
6975
1001
1398
5503
6732
8374
595
7930
2848
5707
9179
2377
5359
1630
1546
8014
1876
8804
1108
8940
4106
4825
1821
3767
1464
4524
6967
3140
6087
2470
473
815
4177
2507
3609
3260
2103
6137
9526
5541
6702
4541
7876
6705
4728
9094
5860
3990
6667
3745
8831
1766
8560
9603
9440
5396
2746
133
3755
9434
3072
73
2110
7731
8281
140
1250
7859
5667
4756
2126
8262
6080
6904
1224
2598
3262
3918
3320
854
9329
2399
5932
5419
7360
9623
2482
8011
9848
6425
3093
7197
4961
9119
5414
7968
4011
5327
1078
312
6532
1306
5422
5714
2729
1022
4764
1353
7398
795
7562
2129
4284
9234
9340
7793
958
5976
2294
8222
3320
8923
8504
5410
573
7564
2039
1643
4859
218
7129
3839
9213
3759
9548
2365
2861
2644
2531
368
7012
1776
1182
5981
5903
9421
2629
9451
943
5291
8882
7682
7326
3566
6680
4027
6537
2067
6323
4824
2718
5184
4957
4381
8259
4281
4650
1003
8016
6446
833
398
7147
2497
6088
9852
7726
8262
4523
4685
2407
9540
1720
1402
1628
8776
6874
2223
9112
7192
3727
8634
8679
9397
5224
5893
3754
2505
6542
9600
8151
5024
3115
5767
4384
9124
8108
4899
5774
1200
2001
8268
7978
1894
1165
1324
6583
3308
2033
2367
368
9328
9712
3526
8714
5613
1838
8475
6693
3334
202
5151
7700
8367
3829
2991
102
1738
2013
8262
3873
5999
3467
4187
7227
8261
6742
4122
8500
1853
4705
513
531
8655
7368
3249
1467
3436
8370
4116
4169
8353
3779
1853
2925
1981
3521
4923
147
3178
5393
7960
1197
7143
9342
9134
2207
4054
8725
3321
5302
8321
8335
3432
4821
5576
4684
5996
9982
4901
8216
3379
778
8129
7741
4494
4933
4431
7397
734
7865
1350
3882
5502
6405
4412
5421
9866
5657
2861
5663
5773
3377
7803
6975
5928
107
2752
9616
3246
4727
1374
8437
652
4427
3528
8988
6054
5872
1769
6037
4125
5308
6178
9710
3004
3997
9906
8124
5186
5342
1421
8840
5018
5673
8799
387
5525
5913
7818
9383
362
2315
9930
988
5747
257
7098
5652
5113
6210
9616
9588
1834
6865
6515
2543
2614
921
6541
8992
9226
5650
27
8212
9011
5570
609
1217
7428
9971
762
4743
2307
9980
237
3170
2301
6127
652
505
9354
1535
2006
3174
5915
1996
3308
1890
7616
6205
4177
5532
8406
7080
9226
3398
9453
7409
1925
7549
1448
1644
4822
371
1822
9536
6332
4394
2525
3515
1138
2223
7934
6796
4369
1312
8067
7697
1922
6267
4077
4621
738
4965
2267
8405
7487
612
764
88
9871
1994
1909
8953
143
7518
9183
5194
649
1352
4983
3623
6367
2681
4409
9244
5027
709
5975
5475
8009
1214
3234
1486
1908
8910
940
5085
6925
9361
2548
9085
5907
3596
5872
4542
8268
4542
5369
7214
1321
1393
8976
2551
2679
8333
4062
6930
1778
3962
762
2647
644
5967
3603
4195
9467
2732
5421
4691
2697
9552
761
4371
9349
6136
4332
526
9374
5237
7633
4017
6064
4168
2635
5328
9631
6797
5443
372
8752
4338
2800
2608
3608
5202
4644
4895
3739
3122
8130
5069
2342
5542
9662
3918
2217
7489
9981
4174
3052
3976
9420
9173
4866
9730
3164
7110
5803
5646
5354
8133
3891
2401
2285
5908
1224
4971
2857
5432
2665
3988
48
8556
7849
3544
4360
4994
7363
8092
8760
5297
9128
3371
1867
6864
7507
1250
4439
2429
7166
997
8056
1802
1165
8188
6406
2052
6808
2893
5909
2482
6055
4231
9770
2599
4021
3016
3067
1043
9559
7756
1615
7868
2966
5090
7653
8565
7048
1485
2161
2424
9020
9236
625
9477
1652
758
4797
3879
6621
526
7309
1183
3770
5582
1029
2768
8623
7899
4667
3526
1753
7941
3832
6307
1643
2129
1133
6439
979
7509
1901
9308
2635
2080
1704
7708
9355
2355
3481
5487
9259
3760
3573
5572
7062
3277
1315
9467
8955
6421
8571
4061
1581
1436
3495
4105
3770
1660
2582
669
9161
3665
6463
7868
7084
1245
9939
7473
9397
7240
5323
849
2181
8104
3952
9142
2208
4089
5194
3406
3724
3322
2720
4110
1159
324
1166
644
4664
9335
8741
1592
4014
1010
7900
1374
2150
8207
6740
3082
7576
537
1561
9632
7456
3755
1588
440
954
7190
605
9211
1350
8078
3870
492
9964
3937
8835
8709
4345
1334
158
381
1143
3230
6263
2883
6538
3577
8864
5114
5671
5401
3622
1937
47
2027
4515
6094
2185
487
7153
9830
8158
9060
3193
7499
4510
5224
6297
3731
8048
3404
8484
3713
4918
8921
9236
5426
3391
1569
2362
1814
3654
5740
4118
1064
727
1453
9986
5228
2290
736
5496
4357
6648
2882
645
2144
3010
2509
2341
7360
2402
3999
5165
3190
849
5862
391
2045
295
5962
7416
8992
5896
7126
9086
2489
8012
2533
405
358
4167
5605
2376
2986
951
2379
6405
5053
4125
2371
6073
3713
5874
4401
1835
6066
3850
5321
1973
249
9286
5623
8188
2974
6979
8796
8449
3703
5536
2278
9871
6033
1982
7499
3221
6473
4000
7890
4734
5448
7857
5214
3051
9017
2996
2007
3059
9896
6007
2807
7121
7273
4065
590
9787
7458
5962
7490
435
6486
5754
3638
1398
5023
3737
4870
9313
2599
7542
5420
4900
2707
3379
1955
607
1213
4878
7894
2537
9308
3882
2627
7695
5154
7195
7825
4025
722
9441
6843
696
44
1772
3768
5676
9302
9726
8120
786
9832
7518
1742
8171
4596
2648
1637
3511
257
1473
2128
8128
4003
8025
7825
5876
2024
9113
4709
1337
8625
9420
1451
6197
4939
3754
143
1462
4105
5839
8280
9707
1776
2971
970
1878
4094
9874
9096
7897
5544
5683
1482
221
9807
2966
5814
7026
8750
6175
3150
561
1475
8079
6
6509
8583
5225
1617
1975
4204
9234
6743
6161
5042
9634
9717
4010
6406
8807
977
5384
7815
6504
2184
7156
22
3063
2213
8911
9914
6864
6960
275
7644
9246
9586
820
8006
4877
7440
6565
3955
5338
7787
5367
2499
4214
2083
2299
3630
9385
8147
3017
8994
3060
4125
1289
6171
2351
4723
6767
2957
4336
6895
2724
2929
413
4416
4239
6874
9225
4882
3922
5091
7898
5672
496
4535
7004
8632
8301
684
446
4579
9502
3804
6745
6591
4816
7282
7665
9923
260
1550
772
9215
1880
181
6864
2966
6976
8856
642
7513
8675
1118
9560
1937
8419
7457
2487
3320
3140
6866
856
9924
2797
3914
3438
9905
5292
9391
1187
1866
5236
9007
6176
9076
6786
2107
8107
6119
6478
1715
9067
2090
9532
5690
1015
1754
193
2614
8268
4534
8499
5158
8461
8554
5066
3728
2869
5766
5507
6406
712
5355
1122
9572
1815
6497
119
9625
4786
712
1610
3024
3688
7865
8097
3930
8795
4119
6256
5481
4702
6664
9023
8107
9472
4186
4135
3425
8882
2820
3990
5659
3124
1146
1235
7875
9870
1756
8251
9858
474
8748
3322
3090
879
4618
1941
5154
9751
3805
947
3583
8258
5904
2796
7669
9060
4487
1642
3522
634
7133
6108
9411
1818
5708
3338
6366
3128
2407
178
6987
9349
5751
5601
3151
8577
289
6589
5718
7009
8096
3615
7084
3004
7412
9710
4473
6175
454
374
6679
9137
6966
9560
8337
5568
4788
4859
3513
74
2568
9840
8022
776
3726
195
6185
5989
7329
6221
2314
2604
9875
2582
9156
5695
4934
360
7385
4148
3882
3711
7507
2042
9876
3165
841
6873
4247
9306
1866
9079
9105
9064
5337
5991
5140
9748
2052
3372
1488
4233
7283
6060
1722
2990
1722
1695
5435
6736
6155
7159
4200
6970
3147
121
3977
1824
8127
7977
1992
7340
8755
7044
6567
4847
7510
4391
5166
233
7142
3501
128
9812
8019
4245
6490
3035
3811
8274
4311
6952
9762
7211
4339
8138
2787
1987
1546
5701
7799
1908
3531
6340
3096
8084
9966
9961
9763
1114
3999
6261
8336
8617
1095
723
7456
8107
646
8543
3266
2249
7486
8133
6897
6022
2191
9699
4302
1452
2315
1936
4981
7534
7685
6390
367
3964
6170
602
947
5989
4732
7581
3257
5543
6775
4810
9453
2450
8690
3248
9436
5018
5860
7930
3231
8235
4881
5130
1729
4887
1807
7876
5614
8699
1449
5702
4617
9040
8687
2902
9050
7421
4008
7507
9411
7097
4933
4061
8222
7182
7507
3745
37
3817
1229
8653
3373
6030
2268
258
9727
5817
7484
3190
5508
5615
8540
9753
9485
8835
2001
3648
8925
7636
2823
1597
5971
1667
6502
6576
647
6067
5564
4742
8048
6713
909
8400
5984
9523
8548
1999
2653
5861
1813
794
4285
334
6273
674
8125
6777
6468
2701
6510
1119
5518
1086
8109
3690
3916
7318
6285
3429
3810
4404
1154
1951
6536
8200
1005
4094
7806
9125
2383
9264
2205
7476
9532
5292
3420
485
4846
2679
9243
4081
8115
3331
5264
1035
2068
2274
5468
548
6738
6472
1288
9982
3663
4670
3457
2632
6247
675
4013
537
617
3773
6122
3464
5029
1469
6274
9991
5668
3969
9292
8751
783
7330
577
4999
9277
8846
4665
4558
4476
8256
2707
8136
2987
1755
526
5638
8001
4854
1206
9213
190
8753
1150
8857
6493
9621
2166
2331
3282
5962
7609
2557
6646
3394
7254
9126
9307
4834
1145
9976
5486
9121
6006
6359
2249
2985
609
5092
5473
6235
4588
2600
3443
5999
254
4540
2198
1129
253
9621
9181
2998
4232
7485
5788
2757
4163
9948
8227
4723
1999
374
1500
1343
8229
1917
29
317
8799
9047
8411
6486
2756
2443
7707
6028
6590
9013
8422
27
6106
7769
5592
3210
2219
9156
8501
5425
6346
8766
6745
1845
5599
4555
1466
2367
6933
1904
6365
891
269
3443
9505
6955
4369
4716
1628
6939
786
7816
704
192
3569
5324
8233
4154
7607
5750
2405
1977
2674
9038
2801
4139
428
3980
3404
6675
5305
3380
8587
8037
5949
5948
4329
2014
1479
2510
1303
1585
8606
7240
871
60
423
9681
6161
9369
800
6806
5313
3216
6460
243
2190
6170
8043
9037
4823
6240
4709
2987
1531
2370
1508
5989
6293
4803
2715
5493
1731
8258
8374
7675
7058
7908
2255
5308
3271
268
3114
5226
2956
988
8750
7438
9045
5829
6705
3282
558
5019
7166
3835
6771
3700
2262
9844
4427
6943
6768
4102
2658
1313
7966
8659
418
9258
5550
6754
7949
838
985
1028
1642
9536
6332
5541
7049
7169
3600
46
3764
8502
1736
9143
8917
7503
2326
6507
4414
5108
4923
6644
681
4626
6026
7220
7676
259
9927
3669
600
380
5457
7497
1999
3568
8888
2011
2399
7921
9501
3494
6351
8134
7190
6804
5
3160
8762
6862
7042
631
5519
5731
5755
8506
9101
7796
5653
5076
2302
2380
2987
2705
8389
8828
5887
3215
3465
7892
2907
3274
2140
6510
9603
784
348
3413
9
2147
8197
7155
9787
2445
1232
3975
7469
3085
6653
9205
5391
3711
2904
2168
2860
4314
3003
1235
5342
8403
6432
4565
8848
8671
1889
3978
5186
6726
3534
158
9203
6243
8442
6828
526
7512
1939
773
2211
8814
3868
7677
7328
6682
5096
7295
140
5259
2085
4736
3745
9167
8051
609
7251
4533
8048
2894
6481
926
6625
7235
183
4749
703
9598
3309
8253
7563
240
3744
1554
463
4221
523
6343
3411
9140
7714
54
9593
40
6314
919
7366
3436
6984
3520
1085
5981
1109
5530
1993
121
8091
9012
7718
8077
5454
5697
1101
236
6441
5836
6346
4412
9412
4252
5260
5835
1888
3042
1801
703
7295
3775
6043
2106
5523
9715
3595
9564
129
1888
6744
5314
3312
2317
2500
4333
6692
5846
7164
1598
4626
3537
9746
2509
6384
3419
2872
4856
9211
9201
6314
2264
2947
6827
3369
2080
983
8594
1808
8463
3032
3090
3269
645
5917
2491
1245
353
451
2849
6924
3865
9167
7892
9369
8931
6465
4586
8778
4864
2150
7655
1568
9369
6634
5663
7601
2913
7720
7026
7694
7850
2113
5910
8017
5043
5396
3
8598
9983
975
2551
1410
4993
8419
3994
6324
8435
7709
5755
1526
502
4646
7929
543
2564
8777
9295
2953
9777
7196
3239
7851
8608
1677
5967
4946
2882
2954
5000
8849
8745
7037
3787
6609
4730
5346
6390
5606
7041
7463
5748
481
2798
3951
2411
4155
8494
9842
5743
8341
2517
517
3044
7577
6822
9473
6064
6252
4133
7347
3487
8674
803
4191
4656
3278
3737
66
5869
9925
3313
691
9000
5310
765
6804
3456
4136
2602
1851
9859
7288
6639
7191
7101
909
7712
3778
3039
594
32
3266
6219
9455
6515
1867
9116
6796
9329
325
1586
6868
3926
7701
3690
9153
6710
2714
3181
1130
6990
8327
8863
5958
902
3800
7959
2075
8290
8098
6015
5784
7272
7740
7553
9243
8747
1700
561
4432
9414
5519
5898
166
4405
1345
8288
1887
989
9941
4933
8757
4428
4649
6471
1396
9659
634
9078
5735
5280
7207
595
2610
7695
2852
4180
1609
1809
4350
8309
4412
477
1478
1960
4305
1442
795
5069
8956
5879
5752
2173
5468
2937
7672
7439
4245
868
961
3629
4997
6349
532
4209
2309
9228
943
4889
6847
903
5677
2955
9703
8344
1484
1201
8631
4033
3848
9349
8410
8886
8440
8088
1429
2057
3973
2587
6269
6020
3795
5281
9033
8494
1597
2108
1397
4192
1537
2916
6527
9601
5173
5574
6418
4638
6181
7209
4941
789
1467
3804
8112
4368
9145
9787
1554
6032
2917
1408
3297
447
6450
9701
7655
6903
3879
4520
6629
9681
7230
3784
2991
9733
3627
7436
467
8960
5254
5027
4439
9588
4248
2278
1135
9865
1790
1593
7096
8561
2685
7984
2836
9081
2498
2510
5490
7324
8932
3385
8137
1794
4825
330
433
1045
337
1104
2478
2052
7043
3091
58
2576
3955
1254
6749
5459
4588
2791
5147
9185
9471
7200
2651
5287
4104
7135
2176
5392
5786
6851
2822
1799
3671
3213
8218
582
8749
982
4598
4685
6288
7055
856
9870
7920
1762
4189
5972
3303
7176
7759
6644
1425
1429
4953
2572
3272
9933
8499
1225
4108
1338
9439
756
3835
9557
9438
2780
7858
657
7471
9535
1696
8952
837
4017
6627
5421
4708
7935
8914
6241
4264
1038
7510
2225
6963
1005
2070
3452
8561
9081
8765
3250
9352
1598
5946
7895
6161
3739
1220
1575
9902
8542
7864
6372
3623
2335
6049
4443
69
1289
9618
517
9690
5794
1235
3321
8843
6636
9061
7903
7068
7828
3700
1903
4646
6840
4520
6775
1815
806
5384
6747
5046
3375
796
9799
8577
9882
332
1184
2965
9509
59
1721
2729
4790
9178
5794
5432
4687
5658
2538
9817
4720
7058
2101
4476
1047
6600
9672
4852
4578
6736
3905
5771
9621
3183
5364
8455
9495
3018
16
1991
807
3952
5889
1561
8332
1680
3838
7916
201
2201
6994
5660
4303
6588
4280
4191
3517
9424
5327
7531
3379
6962
9101
1010
6660
2342
4832
3916
8810
9422
4031
2319
9523
6646
4608
7469
5241
8458
8947
1195
4479
3141
6315
4489
3607
4535
9708
5522
7488
8673
1679
9890
8397
2320
2579
7631
1393
8852
7342
9429
694
6604
5954
802
5886
2016
3466
1723
9200
8011
1043
9433
612
1955
7704
3876
8682
901
9733
3194
3203
6834
3469
6811
7651
8832
6855
3300
9407
7854
5811
3463
6081
4633
1179
5827
7850
2948
8724
4837
6743
1143
7204
6219
4796
2326
6365
3617
8364
6220
7255
7066
3035
7541
5196
1228
619
341
3421
3112
6354
3752
4018
9124
9389
8951
9487
919
365
5204
3906
865
3024
6514
3560
3044
1467
7427
4015
1635
3043
4575
8598
7990
3051
9902
9505
6903
1687
3427
5305
3548
5007
4870
4704
7201
8111
2284
1714
7425
4827
1236
2727
9601
2064
2880
6805
9689
6790
8046
130
496
641
7891
5031
147
3111
6371
4704
3569
4268
8847
143
1030
7928
8811
6721
8834
7690
7642
5912
4598
4199
5625
1128
2874
3835
790
3213
7389
8671
2459
9513
6218
7611
1418
6316
3444
707
5734
9468
5294
7389
4283
9924
634
5827
4940
3880
8699
6100
2631
7654
8888
9269
5863
1048
5920
1220
5430
1046
261
9853
3389
713
4055
1605
4953
9450
4158
2260
732
7497
4978
9296
3757
3946
2090
5172
4988
3929
2416
8175
4038
638
1454
5977
8418
6012
1207
3952
6230
9523
7748
5505
9417
3589
9273
1171
8085
4966
2115
9229
5384
3132
7361
8935
8216
4934
8668
7837
7952
3689
3525
6944
892
1445
4873
9287
2845
343
867
6756
9369
2936
8974
6737
4418
8546
5845
7816
225
6402
9642
8034
5871
2328
6399
8231
1968
7420
6980
8260
9468
668
7389
5659
4283
4720
6319
1908
365
4654
4280
129
3523
1464
3528
9552
4973
2211
7439
7929
81
3011
1637
8311
3956
2707
4928
1172
2057
96
8725
3436
4660
21
8446
3172
2825
9665
756
9427
3061
5908
8041
2510
280
2409
1445
2290
5934
9373
6188
5306
9097
8206
8360
4161
7613
4494
8439
1921
4423
2327
8899
5018
3579
7864
6010
5422
9464
2382
6123
297
7674
8350
2716
2366
8604
9198
5034
540
3016
3123
1181
6111
4205
6773
1111
3731
540
4191
9514
1636
3007
2867
1347
5200
117
6410
8967
1214
4878
5993
2200
2360
9072
7119
5748
4372
2340
2571
5434
9457
5312
3146
1097
4572
4674
5134
8855
9905
6997
3594
1771
1471
7395
6265
6184
6468
808
2623
4551
4104
9390
2024
8624
4102
3722
972
212
5525
4339
4948
2777
9093
7658
9382
5475
1108
6378
9291
1260
5808
126
9778
832
775
9897
7006
6455
1482
742
5178
4943
5872
7948
4973
5766
2439
4733
4856
1489
8165
8220
1565
5676
7132
6441
9369
4847
1068
171
8786
1049
8579
1113
3148
2091
6751
1028
388
3011
9652
1140
5760
4435
4217
2685
7326
7470
5357
7709
1720
8959
919
1349
201
5126
2747
3506
3674
4928
8728
2264
3621
1698
1614
5370
3739
913
381
6312
7505
4977
3736
2277
8660
4407
1225
2995
4925
3005
4622
9246
528
7379
4929
3554
5102
572
693
4441
5931
8716
6492
9525
8138
2683
4261
9558
2884
4230
6515
5145
8839
7491
1353
5358
7547
9695
514
3332
8320
1815
8733
4227
3379
5983
1509
7061
175
6737
8286
7666
9088
3589
1931
6918
7988
8313
9853
9393
9354
6318
1046
2732
76
3280
5708
3267
3112
5599
2457
2979
7177
9246
5262
8592
8966
6456
632
7715
2864
2490
5323
2368
6271
4432
7450
672
1094
336
5785
2639
6530
9757
1434
5971
1938
4201
8275
9447
4368
1691
9969
9892
3374
5080
3190
2795
6892
9441
8957
9169
2838
9785
1470
6423
7961
5538
8605
7237
86
1555
4765
1251
271
8551
2418
4180
6959
6628
6356
2959
9878
5319
2240
5707
7154
5865
4744
6006
2921
864
2330
7410
9331
8981
5662
4109
36
4749
7752
5275
5063
6742
3390
3170
518
208
6980
1058
9205
3157
707
9775
5343
8390
7272
8332
7497
4516
9128
7494
6850
4088
7009
154
3436
6111
252
6372
5412
8278
3775
3429
412
93
4719
8671
4667
9035
5186
8785
9178
4495
8034
7546
4767
9134
5198
4891
5430
4541
90
2398
5899
6348
7943
5629
3637
6669
1774
4672
8428
1409
2421
183
3979
2686
8180
144
6305
7454
3697
1477
1665
518
3575
9317
9865
8209
2037
4013
735
841
7395
7379
9783
2098
7664
9871
3458
9331
9031
86
961
4337
5551
1397
6503
1882
5233
5350
3964
7707
7749
6306
1469
431
3941
6243
5633
7908
707
5765
4295
7707
3894
7833
7659
4956
1408
3412
8711
772
5211
6794
4918
5788
6401
8035
4356
8039
7899
600
5361
519
2849
6685
3988
3981
176
1018
636
4763
8826
7287
5602
6104
968
3347
9578
6703
9082
8241
6985
564
3694
960
7408
6357
3759
1574
8086
5048
7509
9160
3284
6167
8138
4872
7177
4612
3661
2060
4398
7130
2831
6071
9684
979
9691
5542
9689
6768
3459
633
6602
7976
1397
2107
8642
6799
4044
1488
6833
9938
915
6875
2504
1421
2980
2185
9440
1657
7759
8541
9386
1589
7126
4473
8113
2320
7541
2261
1244
9441
8991
2368
2415
611
1347
8000
8865
2400
5822
2183
1385
4424
6922
3972
5633
4446
6163
4035
6893
5535
9610
6995
4693
7968
355
801
5917
1780
2713
7926
6181
6311
4018
9578
2957
7785
1037
1331
3425
3354
1399
1998
6754
2942
6524
7592
1764
2862
2923
3514
6676
107
5779
6047
9842
4127
9545
820
7980
3858
332
3755
2747
2774
6303
3755
9702
7503
821
6951
6052
6514
9916
8953
1504
8857
3375
3339
533
6929
2687
4274
584
1680
2637
40
2053
1126
5838
1364
7698
3599
7088
3336
5920
5169
204
263
9711
5465
3505
2801
2049
5036
4816
8572
7543
6333
4407
2145
599
7786
9237
8432
4623
7875
3308
9824
804
8152
6324
3303
2419
3438
2491
9827
7768
4702
8107
1843
3901
8617
8692
564
618
6684
4569
7500
7611
3084
1623
7789
3679
2703
8878
5526
8060
6791
6644
2444
1504
3371
6527
2144
4787
4675
1121
3901
488
2928
3377
3137
7746
3317
8195
3542
5219
5446
5065
1083
4048
7852
6754
803
1232
659
6449
3674
7459
6160
2762
2592
6352
2641
8997
8931
9926
1747
9732
7117
1252
2266
401
2103
5988
993
9857
8840
5905
2750
1749
1215
1738
6049
7087
2089
4687
9657
1089
5679
216
5251
2368
5647
6053
6864
6184
7845
2176
6657
2666
3189
3391
8898
8849
7976
453
6400
9730
4081
6840
1048
1408
5435
6797
3774
3199
4673
6687
1542
913
3433
4959
2419
8189
606
9798
2730
9437
5848
8613
7026
6566
4682
9389
682
2323
1400
1067
8918
5370
7475
395
7944
2880
1827
5789
3655
9768
4368
3045
4895
982
6460
4028
4
2882
8368
3269
3860
3224
4578
3882
7945
3533
8560
5620
6647
5692
3003
8216
7384
9374
1475
5615
6337
9303
7755
9871
7169
9229
9385
3957
2854
9220
7932
9300
2859
821
9786
3958
1698
8989
5221
49
2042
9809
794
1589
9613
2352
6966
9122
8777
7552
2628
295
9577
2810
5463
277
4319
6482
7089
8626
9712
9407
7406
1033
4348
2841
7312
8302
9624
8016
919
2239
7818
5736
8893
8358
3088
2866
5611
3804
2334
6535
3116
6744
8162
6301
7740
6980
6150
4828
8764
4560
6209
9290
2917
3584
8682
3778
3702
2336
8458
2036
523
2120
7260
6646
6188
7691
9540
2599
4528
457
7514
8708
1196
2917
7810
3060
2333
448
5432
5646
6109
3108
7245
2122
4388
2381
8025
6757
8783
5121
9900
2846
1638
5281
6069
7725
6876
6727
5645
8963
1416
5023
6449
5645
7931
5347
5419
3458
1021
8462
3964
1068
1161
3186
2760
5203
865
6820
8637
3909
2463
3925
417
6962
2186
108
5992
6307
6337
7167
9855
362
5463
161
248
8053
3755
2037
5458
6796
3666
7792
8852
7690
8884
7725
2917
9961
0
8202
7195
5478
1212
4879
239
4691
3277
7855
8953
9755
3151
8902
7758
7456
1393
2883
8018
6784
4849
8096
5195
3878
7983
5532
9060
2333
9537
9129
5514
1872
8659
1569
4391
1964
2536
804
4680
8839
6817
2316
1277
4553
985
7345
7997
6120
5803
4425
6916
499
7600
391
1290
1076
6873
7044
9184
5320
8181
7451
9450
5435
7551
830
6004
2636
360
7207
2466
5120
6188
4472
2536
994
8532
2500
578
4616
9111
4182
8689
737
2045
3999
6995
6890
1602
8158
653
2976
5971
407
7848
2639
5209
5206
6662
7209
1919
172
847
3971
977
5672
2732
2585
3779
2546
7487
3266
2507
5888
765
814
3276
2267
8009
1883
7008
4924
5695
9399
6577
6928
1705
2960
8692
3291
129
2951
1906
6760
6772
9475
2756
8607
8575
2130
8219
1055
9353
2939
2394
5146
7485
9550
5472
2320
1650
4764
9846
1140
2377
9475
9921
7963
1298
9426
4
1282
5114
2123
21
3775
4037
8054
9514
3184
7141
6050
6336
4128
3477
9686
7000
24
4116
9638
5790
4178
1969
897
103
9912
4175
87
8343
8235
2709
9048
9229
2464
2069
504
4827
1748
4598
5902
309
4657
2401
780
2197
3993
6133
888
6025
3134
1015
6249
3578
6132
2777
8718
9929
1102
6965
3512
1848
6069
8599
9319
5267
8967
1861
1538
8313
2700
4107
7136
7515
4068
4423
5780
7807
1453
2606
7558
561
416
5033
4059
1207
6570
7440
1414
1056
3752
672
3608
360
6876
6668
2595
9514
1277
974
6157
4867
3243
3368
9872
3055
7183
2508
5790
3026
1280
7844
1794
1589
2098
2958
1681
9418
2057
3864
159
1598
7100
6324
2301
1419
9301
9656
3024
3623
8932
7637
1870
140
6739
4961
2066
4933
325
8163
3215
6305
103
1195
9456
1447
6968
8555
1805
5095
9973
5446
1531
6889
7517
8836
747
7588
7731
4927
1362
3852
9106
1645
5768
9737
4587
2138
5161
5873
5641
2016
1770
1713
7110
5414
7174
8349
4230
7043
8758
1793
4705
7086
1214
9555
9439
1556
2548
3896
8411
996
1388
9375
26
3482
319
7790
8309
6534
4922
3191
5041
3400
8371
2054
8320
3403
5382
3050
4896
9659
2701
3645
2994
4452
942
114
5877
9113
9902
6746
4625
9997
8675
3651
5791
657
7672
4414
7125
1803
7369
4427
5440
6447
750
1923
7194
4620
2053
4914
1835
9174
3016
8239
1883
8444
637
5865
7509
6742
6252
160
888
4380
2027
8813
1575
6981
1333
9534
7280
3227
3530
6098
7146
2631
6144
6989
3399
8415
5287
2841
9225
5497
5626
3946
4881
1834
5008
8412
402
9679
1058
5371
5396
503
8088
7711
213
1771
1773
5458
9546
1627
4017
7135
4499
4295
1116
376
7916
1494
111
8292
799
7767
439
4339
9911
289
8731
3264
5024
4441
2837
1282
6890
9968
4974
1550
9180
7526
6689
9469
2134
9471
4177
8278
590
16
7046
4327
2652
8663
627
1413
1953
9236
851
8814
2642
983
7970
7927
7539
1111
4312
9207
7886
7980
3664
3551
3426
234
4263
2596
5432
4923
4479
7099
7889
5688
3923
47
2748
5940
2581
4674
9700
3109
6195
5838
6197
9231
6025
6679
3327
5758
3135
6719
9747
8511
3827
2661
6010
1676
2018
2731
1205
6339
7951
6146
5519
19
8982
8100
1631
7890
1418
6894
9322
4941
8826
6056
7189
4604
5187
1122
5496
7377
2015
8493
1293
4589
5643
7764
8120
5424
7718
405
6321
3755
9077
2255
3516
2083
3
2521
3226
6261
2518
4781
9688
9520
1581
8832
9893
1299
5557
3774
9266
9556
7931
710
8305
7290
6875
3952
9600
9304
4119
8919
4719
823
6228
5335
4684
3439
8862
5491
4208
3905
3260
4867
803
659
7982
5129
4986
5401
7235
6495
6753
5852
1831
8942
3987
9850
6073
7277
2630
1563
4810
7124
9188
2795
6369
76
467
3096
1628
4774
8950
2714
5521
5652
7181
2889
4579
3704
888
6272
6896
9239
2217
6109
1879
1353
1958
6833
1831
7103
3086
778
2962
7378
6915
1434
1536
9028
85
3412
7968
901
1680
6707
9866
6501
6299
8647
3455
112
1554
3085
3970
955
7710
8377
1648
9034
7631
1123
1834
4235
7755
8539
8467
3570
3089
5850
2181
1298
2742
3431
8862
9701
1329
7506
2184
5928
9218
4656
391
790
9580
68
8491
9856
2836
1782
6581
3414
7521
8675
662
3940
7475
9521
3522
5147
8145
1197
4868
8970
4859
435
5515
3754
3725
1177
962
7459
6148
9337
5902
9950
9403
5001
448
424
5727
4040
2570
928
6817
1223
7502
974
713
9857
6466
2959
4952
7897
3312
6449
1318
6127
3866
7431
9049
8414
634
5817
1623
7525
4760
8844
2163
9135
6213
6969
1907
1810
5507
8285
2434
257
1559
5981
5650
5486
5959
9475
585
7776
1070
2921
7148
1132
5711
737
4873
7027
2054
9742
958
9864
3801
3251
3367
2252
6461
1334
7892
6520
245
9585
425
4374
6550
4837
2832
5277
9766
2458
9801
727
4738
2344
9697
1312
8126
4971
5408
4125
3512
6087
9836
8567
3622
2520
460
83
237
676
919
4911
6067
1327
1706
6267
1948
186
3624
6833
3873
2186
5803
7346
