8416
1285
8659
3693
7674
7289
6084
1865
7697
3995
8818
2201
79
8613
4200
6670
3391
4852
4625
3840
6733
5320
6660
3322
9609
7349
6987
6878
7082
9593
8498
2342
5135
202
5466
568
4081
9307
3773
7653
1108
9915
9628
6975
9516
9147
2739
5109
1452
9658
2014
7564
6330
4991
9062
4651
6447
8481
6484
5251
9770
630
6790
6777
7124
5622
4799
7826
2926
3964
1112
6586
2390
2841
3220
3984
5209
9540
4418
3842
4530
7106
9883
7952
65
6574
1676
303
4646
7253
9805
4845
1325
1312
5311
4956
5492
2591
7621
4430
7286
511
1993
8491
3644
6232
7856
7009
122
9829
1031
2440
325
4752
5580
4928
4996
6553
778
6970
5012
5027
7180
6369
4869
6588
4754
451
3042
3031
9969
31
574
9624
5093
3917
777
4987
2930
452
9619
4769
6648
3692
1463
5192
6629
1857
8568
1397
9156
6288
1994
3393
2851
1009
8087
8189
4114
1105
8402
1764
6663
6955
680
3244
2351
9299
5218
3319
5967
3407
6839
7708
8280
1314
6399
1054
3513
8118
7570
5126
606
7684
6318
3169
3207
3795
9192
4872
7123
8540
6570
5864
3771
8758
1786
9038
6827
9362
4795
2305
4763
7829
3772
11
1388
1357
463
7765
1997
2818
6485
9838
4717
3835
4980
4136
2043
2794
9626
64
8634
9429
6619
3656
9200
962
3894
498
4334
4798
4535
7051
9209
8746
101
9617
150
1458
1227
1459
9893
1595
9076
8884
6340
4201
5599
3275
3589
3146
4515
9562
4106
9315
2187
6920
972
6612
5570
4237
6202
6106
6506
2602
2991
4802
1654
4211
4204
5541
6728
1002
3493
8324
3141
2985
5224
225
5444
8316
903
7751
6197
2040
9175
8056
62
28
7265
3185
6977
9395
1365
6491
649
3106
367
4609
9075
4596
2978
137
826
4224
7376
609
4714
899
9644
2136
8454
2512
9334
4678
7398
5153
4085
4296
3304
7832
628
2300
2598
2358
7683
3621
872
8775
7294
1548
2576
5256
4602
8739
6836
2855
4011
8551
5449
1142
4532
1186
6938
8363
6166
3929
8296
5254
4553
5225
9771
1295
9240
9977
9671
9948
8934
4908
3082
2461
4111
2485
3393
8772
666
599
59
8964
8490
5400
9573
133
9140
6194
2212
8912
9099
7286
529
957
198
3453
9774
7415
8819
2524
8999
7097
2948
5427
372
6856
7976
2370
4714
1196
6485
5672
6818
8219
1297
6906
1185
4932
1088
9053
7078
8005
3496
1152
7923
3962
4944
9192
883
1347
2519
5545
7017
9216
7153
1934
3657
9419
4971
854
1328
6562
3440
3195
3341
1936
676
6320
195
4279
9821
6550
1031
9053
7650
9771
3092
6416
9452
496
8222
6470
4057
5877
1059
6485
6207
5059
5949
9692
2093
2901
6853
604
6957
6276
8322
6903
6678
3374
2366
707
4686
82
9865
7227
3165
6859
2647
3667
7405
3383
3812
9493
9901
1234
4104
6349
2468
8532
6550
9869
674
4259
6046
5486
6562
9302
8146
9396
3996
5400
7878
4348
7016
1685
9088
3941
8765
3956
4751
24
1943
3553
441
9717
5494
7382
4492
2523
4067
7413
2517
4116
4142
6325
1983
2795
1442
5014
2980
619
2698
7826
2239
6181
1293
8083
1617
9085
8405
3675
2338
7202
4190
9875
0
8872
9609
9236
5251
3156
6640
5244
1953
8435
1940
9517
4668
8375
4562
1560
2937
7279
8820
7761
2061
2034
1267
2815
208
4872
3627
9538
7027
117
983
4049
5533
1475
155
3264
7313
9019
3616
5595
5372
2799
3065
6049
4522
951
6885
5695
4040
9942
5438
3303
5892
6840
3390
846
8768
954
1153
1663
470
8326
4693
1919
4917
8458
685
7342
7882
8276
2038
4438
6186
316
5889
6612
9995
4478
5423
4080
6146
1922
891
1354
5447
3418
7776
9491
6518
1143
4731
6325
5454
8328
9548
7440
7436
4961
6614
3794
7282
4804
4118
8674
7520
5950
2064
4698
2900
4160
1524
2606
6206
5960
1264
9389
1772
2332
1215
1011
2917
1411
2223
7720
6321
1520
48
3705
4693
5052
8473
833
829
1326
7972
7235
2593
8505
361
2135
4090
3490
2041
3695
4174
1565
6241
2084
4630
4515
2158
4098
6257
7730
4223
4557
898
8545
4934
2974
1589
4254
9465
7054
2959
2455
5973
9421
6978
8641
130
6719
1439
4136
8977
4453
1798
1763
1921
7315
474
4835
5873
5267
3152
6952
6993
2358
5397
1872
4193
8354
7295
4413
5483
4460
4492
8898
8636
9331
2535
9210
4557
5655
2777
372
5536
100
9355
655
3494
2543
6218
6798
1709
91
4259
3880
3271
4376
4478
9488
7974
2602
632
11
5763
6305
3912
5219
4237
7530
6867
1623
31
7441
170
8252
8890
9073
3361
6725
4866
9626
2667
5370
3221
3390
1985
7864
1989
7272
8865
341
1239
6809
5571
5070
6004
753
9207
7823
4909
9750
9050
894
6123
3219
9160
2020
1236
1632
6139
7769
3434
4490
97
7275
3933
5616
635
7210
2225
6217
4354
4548
8570
6212
2901
2312
4019
4766
6301
5673
9407
9178
3585
7649
2615
6560
6645
5263
7441
2853
3405
5359
6530
5346
6064
4004
6090
84
6792
3252
8749
7599
9445
8176
2818
351
2017
9390
6901
7469
3582
2054
8711
9435
9676
1525
2677
9068
1831
7553
3814
9123
7356
4442
9357
1174
3740
6777
7743
9918
378
5880
1822
206
1534
7133
9444
7774
9004
901
8827
2915
318
2713
6409
3836
2382
591
5674
8076
7712
4751
7925
7263
1548
3424
9072
7818
3289
5279
944
2324
4869
6843
8584
4011
2673
8592
1874
4020
937
1103
4988
2195
7394
5046
1098
9939
988
6737
8010
5554
5622
460
5092
1612
9392
3971
7647
5283
2828
9977
7457
7032
222
4513
575
4728
7539
7741
4434
6982
6733
7153
1675
497
7596
146
6269
7537
3705
8048
5480
9252
3020
4669
7670
95
5261
6713
4526
8051
1607
8348
3687
2078
8456
5598
7318
6795
7318
2071
888
8247
1388
1838
3307
8913
4449
7520
326
2077
3241
7952
4489
7620
693
1653
1008
2028
2982
9364
9009
9440
4543
6442
4068
7532
7368
5494
2386
5895
7567
178
4070
3580
5817
9788
7393
8487
2358
5509
9626
6921
9650
2293
2066
616
3207
728
3156
7479
9648
2633
2427
7085
2617
3418
9087
7236
7970
173
119
7072
8466
2562
8434
3161
6568
7646
1137
9015
957
1668
2588
5498
389
5074
4740
9011
6997
4251
3944
9315
3038
3964
3570
9630
967
8830
8233
5930
9929
6711
2121
3338
4451
3292
3807
9890
6414
4071
9502
3734
6059
6017
5760
9731
6729
9293
9878
1210
8883
7649
5104
5044
21
9057
6728
3863
3807
4522
7464
3444
3442
4408
9820
4457
7063
8260
1938
9338
6831
1949
4926
7815
4805
4385
7434
8217
5600
7385
9515
9519
6004
3055
5166
4048
4792
1228
7585
220
8787
2114
5247
612
176
83
3155
5154
7296
2541
3310
9653
286
6642
5779
6397
1181
5432
5103
2576
3198
8649
9350
3111
2398
6728
9064
6361
1740
2193
5251
8609
6424
1435
2290
3214
2279
8430
3571
3751
6579
9627
4167
281
9952
1180
9186
1022
2921
6008
3042
6252
4040
755
2956
3959
5236
7504
8033
2388
2741
5284
6720
8267
5331
905
5270
5751
5996
1131
3952
8222
4549
834
8273
4280
6520
5597
4479
3710
1467
4663
4679
3248
1
7273
6673
7698
5946
668
1390
5924
9078
905
3837
2397
7911
8863
9646
531
7939
9151
6638
5370
8968
8343
640
7703
9611
4970
61
3087
4265
9017
4274
6737
2926
3072
6888
4764
1812
9327
5905
1758
9555
8067
8222
2251
3751
9553
126
9430
431
270
8256
383
3522
3822
5177
1625
9116
7143
5377
7350
8358
8577
5144
1122
7219
2908
7191
5513
2454
270
1648
8470
529
7352
8567
6937
5241
8291
6698
7187
4101
7900
3580
9265
2213
9866
9711
8531
6544
904
4527
2792
8069
7651
2604
3032
1539
4225
6960
1965
3268
972
8127
8383
4964
7114
7787
6315
5471
3994
9943
7375
4952
3261
4436
1764
1639
2431
8583
409
6298
2097
4171
8216
3052
4772
8051
2247
2242
5043
4296
9885
4562
1085
8656
142
7743
7598
3488
6917
127
6298
5688
4622
4221
7205
8460
3533
7162
5138
3556
3902
7903
9237
249
7882
1357
9383
5055
9666
1334
5110
8754
6667
8468
486
569
3847
4726
3576
5448
1772
6252
982
5297
7491
8120
4328
1146
4191
5076
1862
3113
2711
3570
2474
8044
82
8414
5040
2006
2510
1696
2142
52
4029
9102
8282
8237
573
3470
2317
2903
6083
2297
930
8823
8563
1180
6730
5024
3806
8791
6735
5613
9752
9416
8531
6601
7076
7250
5412
4059
5615
6838
4030
5760
9206
5652
14
2625
2693
395
79
6019
2221
9516
8098
1213
5297
8797
7486
3907
6094
8185
2306
7169
1028
2148
3459
132
8901
2861
4903
2579
3608
8732
3436
8619
9194
3434
7829
2967
8579
6912
2866
6334
5984
168
9132
9495
2562
1360
2698
4263
3683
2973
9698
6107
5744
8331
431
4593
1111
8771
3019
7409
4718
2997
6586
7305
7149
4229
3316
389
810
6466
5020
6814
5936
8833
4817
4777
6762
5816
2432
6240
8337
2071
8820
8494
3536
1953
8172
436
3824
439
8775
3113
4389
8534
4334
3294
4532
8103
7773
8110
8767
2548
8288
9924
2943
539
8599
5352
5405
6122
9302
5474
2301
506
443
2127
5111
5513
6188
3232
99
9919
3420
8047
5248
4370
2954
1053
2577
2885
1623
9127
2022
1963
1442
3559
8338
4826
7985
5431
974
7482
7694
1712
7305
2316
4811
3360
9322
7399
9700
8586
6436
8302
5920
4568
7700
8382
5443
811
2474
6755
6659
2243
1762
954
501
4986
2270
9201
4196
2282
1058
4059
6301
4703
9291
1120
3881
1447
5276
9393
5960
454
3687
4008
407
8550
8629
3229
5133
6412
5554
8614
4744
3814
7480
8470
3967
2640
7974
422
5523
1701
6556
354
7399
2307
2550
6554
6441
1255
5475
328
7564
7400
3600
1441
963
4512
1798
1332
8988
7508
1373
6976
2039
5956
875
6755
4066
9470
702
6108
7170
1069
6017
1586
9552
2223
1470
6622
7805
9845
9520
2594
3508
371
2132
205
7322
983
8940
3415
516
4262
7695
6646
2390
3298
6785
5428
9491
8840
3514
5943
214
613
5349
3280
2604
3241
7111
7663
9691
2244
7786
323
4403
4764
4870
2800
9904
2433
4427
3513
7769
3560
2701
269
9896
9715
3211
2077
8614
97
558
7803
691
4146
7435
9727
4078
5507
8678
3075
2775
1208
4019
2174
5567
7783
6393
7342
232
2257
5222
9310
959
428
9353
1303
3458
907
1904
8099
4191
9407
8846
1581
6043
5302
5112
8003
9884
9506
1581
4109
5780
7941
1424
4056
3322
6312
8099
6187
6102
7851
9698
1515
8809
9206
3625
122
3095
734
7218
5514
3138
2948
8591
767
4404
7719
3232
8290
9945
7578
9586
5777
7382
5856
389
3604
6474
2787
88
4043
367
2164
4690
6932
5469
6284
415
7752
9180
4081
9174
1045
4147
3621
1908
2550
1106
9897
8679
5966
1784
4270
5304
6723
1810
3532
3461
7431
8161
9947
7738
3747
7175
9214
348
9628
6973
3521
3329
6519
8980
7255
2912
2808
8486
1062
9265
2966
40
4814
5696
7307
3631
9108
8419
5959
9963
8829
8197
5540
2068
8869
6942
8005
2768
3264
6865
263
3807
3112
259
3737
4227
8565
9635
2504
1471
5034
4298
5155
9418
716
1183
5198
3584
2782
2263
1809
3414
8679
904
2160
903
3173
8617
4214
9152
3835
1848
5402
3957
4214
5655
4068
6942
3597
1252
9401
2529
1318
9891
4433
5085
3814
4234
202
1136
1297
3528
1238
2038
847
8387
3743
2622
2047
2686
1594
2315
1685
371
1337
8292
9118
5778
4107
744
9861
2854
8750
4050
8271
7344
1061
7412
8512
9283
9892
4627
704
459
2456
9119
4072
9514
2436
9181
1206
8769
4101
7907
497
2023
4247
1968
4710
761
97
550
3424
5246
4828
2596
3046
3030
4289
9268
3327
6334
7999
6589
7089
7699
4140
1846
3014
7617
5907
7496
9024
7974
6604
1487
4243
2536
3929
7341
3728
5871
9772
2219
1139
9904
9350
668
7682
2727
7882
9456
550
9265
2768
9618
3494
9619
6166
222
6046
9067
2513
99
1535
6929
7777
3376
4735
8745
6690
8191
5649
1479
3663
6939
400
4799
737
1647
4838
745
6789
5468
8905
1198
4315
2710
4932
5841
2490
5964
7843
4445
1058
1778
6263
8454
7081
1868
5658
5310
9927
7338
8317
3176
5005
1099
3677
8193
7936
1759
3269
8479
8932
4285
5484
8905
6467
7309
207
9697
6237
6979
3065
3178
8729
7672
9390
1642
1289
5511
7863
3133
3979
7457
1080
4099
4652
4414
4094
3287
632
1585
4980
4237
1932
5318
8788
7928
4093
8410
1818
7125
8945
1015
6596
3607
7962
3707
7270
5872
2259
84
9259
8456
5795
7050
7733
4845
927
2728
1189
2616
5644
6345
8326
1431
5634
2347
3748
7533
2204
4435
6458
4866
2027
301
2169
1800
2554
5773
8597
4235
9805
1143
1368
1908
2579
5015
26
6411
5434
9070
1512
3286
5249
3019
3745
7218
4280
3825
9744
2876
4068
9322
2516
7197
8608
1704
4843
4976
9053
7603
7132
4545
2153
6533
6020
1876
1710
1326
1913
7055
3681
3844
8442
9381
1819
4490
5431
7744
7204
8652
9661
1467
7579
3525
4650
2089
3106
6125
926
1924
7270
7394
2514
7046
5965
4593
6819
4173
7944
5489
5318
3151
1784
5165
7664
8619
1420
4988
5645
3719
2680
3023
4638
1419
6034
3574
3488
3082
2150
8815
807
600
6202
412
7034
5116
1371
7743
1687
9683
9718
981
3815
3950
691
1037
3756
874
7515
6196
5911
4474
426
46
5399
7667
1647
5954
8748
6932
2289
5282
5705
2847
5420
9414
4951
9976
9145
1764
1142
7354
843
7470
1582
1280
8246
2617
9732
4615
5498
2901
2601
2349
2669
3949
9148
773
9126
9549
7600
8043
789
2715
856
5358
4577
3748
7918
1087
7482
8692
2099
709
4828
2784
9217
330
7013
1076
3100
9541
1677
1076
6710
9220
212
833
3170
6534
9019
3339
5393
3011
6072
9693
4504
4105
9196
9098
3747
5140
3745
5281
5650
8632
2957
5247
5889
7246
5348
9202
2166
1977
522
6438
1668
4164
725
2126
2108
3594
1264
1728
9859
3841
2988
4125
6030
5011
9298
4027
9530
747
4756
1569
376
1689
3105
3999
5525
2418
9767
4840
2520
7159
7282
4493
5333
4335
2963
1879
7358
5492
5804
3360
9561
5047
4087
4062
1645
801
2422
5277
806
5240
4870
7704
7736
3530
8669
3332
2976
7736
434
3529
1861
2514
7819
5662
30
6859
385
9472
8509
729
561
2030
297
123
3964
5796
3001
2327
301
3634
3196
4591
1658
9929
9478
2303
3636
8658
9749
1430
1721
2170
546
6079
1225
3645
8530
283
837
6158
7580
3612
8371
2032
9381
5664
4062
7540
535
5128
6411
9376
7504
4501
9382
1192
8887
5518
4251
1900
2313
6879
3056
5406
9537
8482
4111
7102
903
4467
3730
8900
847
9474
1287
7480
7890
3914
8803
3217
2426
4121
8931
9225
1750
2716
3709
90
8509
6537
3989
4872
80
4408
9435
8569
8664
3022
8642
7285
5423
8023
2348
1574
2650
5263
2880
8652
5379
9326
9454
9008
3830
6222
6473
179
3841
3466
7875
8898
5502
8308
6071
4904
9613
707
8575
6992
3098
4600
8581
1685
6703
4315
4727
9001
9362
3559
2516
7022
1614
8126
146
4
4431
1098
34
8368
3191
418
1852
2645
2510
9541
1172
1985
2038
4070
4078
3639
7436
5795
2733
8228
3418
8660
5751
7392
8170
4669
7620
9891
3477
16
9877
7858
8970
1746
2306
5861
7434
2696
1196
2806
6975
9054
4305
39
7613
8883
781
4048
8129
165
2749
3589
6774
1252
783
5872
9670
7686
4150
8304
9837
6519
1242
5837
2442
3066
9564
6022
5263
2000
9847
8393
5175
7171
7153
2414
3639
2416
1392
9601
2445
8912
3738
7595
1397
3185
3221
8876
7851
4085
8958
4679
4298
6999
3269
8393
9219
7685
8212
5047
8137
206
5184
8835
89
6106
2969
570
2104
2752
3676
7150
3076
1128
8423
4459
8732
5486
1564
9624
4956
1231
3743
4429
3200
9444
7338
27
489
3304
6608
8411
4462
1719
8109
727
9530
8325
7996
8863
1603
3351
3395
5210
3051
6594
457
1850
159
303
9720
4601
93
8424
2798
1061
5154
7970
8141
4198
1025
3638
5185
7960
9808
5230
786
6378
1629
9448
863
8881
9949
7130
6859
2873
1573
7554
5748
8682
1666
6872
5885
8035
9890
1908
8814
6213
1237
4277
9618
9518
4270
8309
5518
8625
2436
1302
7521
7039
1526
2648
262
7044
1051
8923
1110
6096
5702
5756
2939
6160
6488
9758
879
6568
8432
4310
4116
4800
6717
290
4861
8008
8645
8902
9432
2009
1214
181
1551
7114
8249
4873
4372
9179
1534
2880
5482
7778
7554
2115
2978
5776
8358
2691
1539
3934
4650
2098
7379
4409
5326
6636
1122
5096
7576
4928
1654
9606
6001
15
5904
224
8074
111
2909
124
8941
1068
8089
4148
3566
6236
9470
8670
9072
5629
7211
281
7236
2878
240
630
9532
1367
7845
2496
2509
3237
7097
8410
4211
5302
8280
6372
8206
2589
230
4761
2362
9587
5577
1416
7645
6666
2707
2893
3962
111
6716
5276
9714
5292
5742
7433
1594
8983
9802
8502
5175
4634
9800
4282
8886
1167
7307
27
3288
6072
4579
568
6539
617
380
7797
8020
9251
4612
2979
1687
5133
8410
8443
5737
7008
5858
4567
3325
8064
9605
6430
3787
5715
5557
9594
127
3391
7405
2824
9405
8628
151
4299
5570
4546
424
7549
4453
7976
8054
4579
7341
1323
713
9755
3596
5184
1663
4469
6633
2726
5322
7771
4715
5187
2676
5790
4513
489
5843
7311
8335
7140
23
4647
4675
3571
8223
4164
2806
2160
1788
7888
9054
7390
3038
2863
3791
9598
7178
1589
9122
7150
8413
3633
7278
9070
3610
3066
7874
2625
2991
1669
7412
9869
7174
4576
7108
5374
4999
3566
3482
6125
5179
7904
9679
5000
827
3996
4871
4751
8567
7724
6827
8650
4882
6165
5893
7674
3882
370
6868
7979
6662
877
7744
4418
6505
9626
4391
7337
9731
1168
998
6036
3958
7109
83
5807
53
3621
3143
2614
7001
6926
7545
8288
9581
154
3333
8617
6361
5226
3100
5819
461
2508
869
2680
9411
1305
6433
5415
9574
7998
8252
5704
1298
1348
4944
7846
4881
2702
7139
5416
1476
4655
5760
9075
899
7445
6067
1760
5531
2118
4158
5397
9862
8965
137
3075
9353
1041
9430
3420
6166
7850
1922
7662
738
4481
4616
2321
3969
5500
7712
6248
6109
6514
9108
2663
2246
9513
6098
9234
883
6105
1774
5070
5958
1644
4975
9767
5518
7333
1754
3580
8694
6347
5388
5098
7259
1760
1264
7876
6298
2370
1120
1596
216
9341
8201
929
7707
3930
3959
5492
4774
8649
559
1832
578
5190
1772
1879
1943
6299
6000
8187
2858
4658
1708
8928
80
9157
7548
2547
9153
9924
1273
7094
1928
7410
9874
5091
8822
4397
9141
4346
3863
5016
2918
2841
3660
4487
8594
7927
2023
2582
7950
9822
3894
8661
7912
9507
2790
5060
1327
6850
4808
5911
4143
6154
9057
4647
7444
675
5660
1829
3440
8728
4202
9435
3591
180
5530
929
3687
2829
5779
1897
8038
2792
1838
5592
8387
1591
7088
4401
9278
3606
1269
4975
8628
8174
3625
5470
7091
4467
6319
4679
4572
8385
8148
7111
8614
8430
6958
5082
2398
2139
1567
4889
5404
4908
4501
3422
3106
6642
899
5023
6526
1730
634
5487
6766
5012
8097
5420
8419
9209
6949
5590
8109
1113
3849
9646
5798
5481
6830
374
2476
6982
7837
2490
550
7648
9041
315
4263
3910
2115
132
6128
2042
701
2795
512
6240
2592
1238
8567
9464
1264
4582
4152
4758
3980
3557
7613
2634
2188
2232
6852
9729
2052
3665
1638
424
1237
7875
9384
3335
4003
1218
8235
9874
1489
8007
7743
7127
3783
8014
6852
8613
1398
7756
1504
2746
7874
8544
301
6870
6702
1092
202
6849
6934
7232
3057
5942
3365
3531
7433
4523
3287
4367
9906
5230
6761
8728
9421
6333
7485
9449
6478
5394
9193
4283
6586
6617
191
6274
3515
5232
9751
9903
1234
4394
4824
8907
9259
6847
9781
2935
9628
5764
7444
557
7432
5026
4123
2498
5168
9990
2115
5179
5961
7924
6943
7032
2553
2217
3925
561
6186
444
4874
7260
6049
2287
189
2424
2056
9928
8393
9866
1383
9959
6302
1233
7442
2067
4698
2312
9868
901
1120
2151
3977
1728
1402
8902
2208
1116
8075
4528
7504
5934
3309
575
1690
3141
7529
9386
2940
4308
5254
1560
7181
8823
4744
6111
8740
3395
5849
4718
9619
2367
998
9299
2977
777
6304
9018
6662
2742
6115
8226
3999
2090
2419
2045
1713
3648
3921
6981
8986
9911
5982
2358
1043
3993
3367
9771
1041
7144
5374
9177
3323
6183
6393
4626
4470
5251
6260
167
4940
8349
1713
3245
7404
37
6384
8426
6538
5779
6825
9836
3783
5317
3958
7367
2763
1824
4702
5081
9039
6053
6028
2700
5367
1619
2558
2759
2124
9474
8345
8801
4888
9203
4442
8707
2954
3121
8263
8073
1226
563
9236
4197
9111
5074
7106
3631
1499
6978
1170
9997
5248
6782
1399
219
8540
9508
1353
3976
4647
8586
485
1692
5965
5676
3666
8729
2239
9444
9726
846
7092
8148
7527
18
2717
2754
9686
8483
6886
7809
8470
3899
2521
8600
1299
2251
9804
6385
9085
3815
266
1616
1163
6222
2256
4334
2300
5860
8253
4929
3912
9869
9932
4089
3797
3496
5775
7930
6327
806
4929
2433
8943
9062
7357
565
387
1679
5485
6556
5182
7689
2747
9639
8638
7064
8451
3898
6172
7862
409
1900
8793
7099
7495
6263
3619
2924
3855
7133
8231
7853
1295
8360
9424
6260
5586
2683
1597
8908
130
7610
8113
7026
8060
1410
9732
8528
7804
3943
3127
4004
6471
5497
1781
2508
8968
18
2885
9568
1106
9678
8107
1195
9380
87
958
5495
6010
8253
2916
8837
5728
5070
5914
8646
5298
183
9872
2345
3054
8807
9617
5634
5131
188
1184
7074
1955
1245
7341
6473
5244
4643
9975
9989
4964
2981
1116
5461
8314
7487
5324
7966
8250
2109
2892
8249
1072
4601
2710
2872
2030
2223
685
4499
5640
5882
4446
3988
7821
9325
2994
4042
336
2832
3104
1742
8340
6052
1823
8944
8934
6789
5849
5212
900
6651
9180
9151
3564
5245
5594
5984
9871
7427
1904
7117
788
7782
4051
9059
4520
4470
7430
9897
9459
711
4472
266
2903
5609
8027
7901
1186
5779
15
7315
5634
828
8349
5004
5464
3365
960
3494
5109
4198
3885
531
4225
8547
4803
293
1450
9531
125
105
2441
9341
2661
1134
2289
392
9043
4480
9713
1741
7522
789
8553
4995
1396
6819
3865
807
8988
4093
7652
1389
4153
9528
195
7975
9714
3022
4487
7025
8268
6446
2534
807
7561
6205
9382
4052
3579
7245
2840
7224
151
2936
44
8820
7972
5994
7282
4821
6178
4281
3457
8267
5239
5378
6672
9317
8084
9600
8449
7916
9799
3291
878
4104
9626
6475
4683
6418
5544
3224
4651
5191
4656
3040
7855
9509
9394
7731
7737
1365
5318
1231
2047
9462
9196
4131
6426
5954
429
210
6238
3855
3601
7814
20
5828
6826
6829
3971
2917
8126
6101
510
6253
3298
9920
4919
5336
5249
5188
3616
2346
300
1298
5186
9663
3867
7264
7862
9296
2898
8213
4449
5647
6222
3329
8750
3967
1967
7223
2499
3730
4064
4823
4068
7233
7601
6972
8214
9026
6374
2255
8540
409
7864
7510
286
8285
2745
2013
1896
2453
293
9199
9183
6111
1972
4209
7741
141
1483
8475
2125
2045
5139
8356
8659
9908
7041
4377
1570
1030
6836
3161
65
9556
3246
3648
2136
226
9417
6750
3188
3236
475
2948
4810
5524
4132
6762
5832
4003
8116
32
5927
2042
5146
6255
1933
4747
2727
682
3151
6297
4176
8262
1683
7904
3698
2964
2195
4835
6416
1463
7422
3057
8184
1783
7528
3346
3204
608
8738
9731
2365
1383
4804
6796
5609
1739
2183
4827
9653
3444
399
7167
9470
3818
3717
8850
504
9588
3507
9091
9602
572
1177
3280
2129
7132
4444
3341
3432
4263
2046
8339
8761
4518
2505
5096
6054
3421
7092
1078
1248
4522
8856
7179
2945
8777
2109
9901
4149
2007
5757
6279
6130
5441
426
2869
2440
4487
6635
8632
2019
3107
5841
5718
9982
4624
6296
9121
4178
4809
7690
5970
2493
912
3021
1010
2253
1207
1501
869
9051
8270
2420
2531
9588
42
1749
7268
3970
5630
7736
8392
1914
8728
1711
4608
4015
874
9575
7260
596
4484
8379
2978
7086
3883
19
4248
2519
2424
1753
5134
1455
2335
9004
4267
5197
906
2173
4802
8324
5474
5559
9872
9985
8890
1388
8789
2688
5463
1194
4269
1709
3920
6764
9082
6968
5406
4493
8608
2691
7248
2279
7564
4053
8622
3257
4578
417
2119
8904
8897
1600
7257
7484
5717
778
2524
3307
5658
7028
8268
243
1975
6212
5986
5905
5758
7520
7485
2783
5919
1092
9250
745
916
4706
2973
5648
2956
8195
7171
4152
9719
8172
4102
6044
1211
956
7108
673
6433
7505
6924
5800
975
2427
3917
2717
3939
7944
6893
2669
8488
2559
3892
3380
7128
4728
1971
868
9631
1160
2339
1618
7847
2058
1630
8410
3030
2009
9300
2034
2176
282
2523
5772
169
2918
6247
8806
1115
5574
8338
7931
6481
3015
6648
6684
3454
6556
8641
553
541
9395
7868
4425
1142
2448
4244
7834
5353
5669
3377
2546
954
9171
3566
4228
1753
1834
4227
3790
9580
7932
6687
7662
9788
1168
3619
4517
2537
1107
7341
3380
5851
4569
2304
9299
822
3168
5164
3457
184
2885
4816
8565
819
5488
9993
5250
530
3979
7780
5658
2345
6144
7496
9322
2445
6576
1593
1186
4621
863
6923
7192
7340
7645
6660
1250
8972
3600
9323
9489
2201
9133
8835
1982
5823
8197
8174
3388
8552
2972
5840
2669
4790
8677
9425
321
5065
5896
7070
2489
7358
774
4014
6873
3109
8356
9836
4507
9853
1778
1637
881
638
8832
6927
722
5010
9942
7875
7926
5153
321
8857
1341
8455
3854
2255
8761
5348
2687
9206
6524
4097
410
4458
3179
5498
2033
4683
4898
620
7052
156
9170
4764
1506
104
7093
5521
6327
3820
1858
7583
8047
3812
1516
7857
817
1254
805
3906
9031
4421
9631
2472
1105
2291
4611
94
9017
7351
6587
2461
7633
1767
489
38
7048
2833
8651
302
4604
2748
2934
2582
4922
3286
1983
8502
3713
1737
41
6278
9892
4111
3992
7017
1773
7694
3076
7014
2239
5251
9449
4660
6885
5463
9035
561
6374
6528
3399
9119
7369
615
3989
4092
37
6081
2362
764
9057
9980
5241
3909
9179
2136
3993
4647
6884
8831
3410
7734
344
2082
8913
1781
8971
8306
6332
9505
239
9944
6431
3351
4034
9873
6164
6227
2565
5562
6352
2118
9847
8788
3754
5907
9471
1763
1432
5238
8521
8201
3986
6209
9671
8650
3735
1077
6889
587
5150
7593
5336
5612
5493
3834
1644
8656
5061
5359
7085
3189
1255
5240
5542
7780
591
2467
9941
4278
9607
490
4367
4640
3879
9884
4609
2621
5295
3958
5394
2039
8279
2398
9364
7650
1774
44
889
1797
2622
6390
9698
5173
8977
1894
1634
912
2205
1786
9569
3395
7066
4103
4252
2537
1125
6875
7754
7728
365
4046
2538
7129
7354
1092
6216
1132
8541
1250
9582
2950
1810
3658
6871
8928
3187
3364
2255
7773
2311
5931
1382
3920
8487
3202
8019
4935
7664
8577
4661
2728
7156
7392
9877
8694
187
2126
4599
7312
5000
6302
7679
5830
1606
5103
7905
3577
1601
3159
1552
8590
6992
6555
6584
2815
7904
3645
9384
1150
3357
9267
5830
3575
8489
2112
8454
2545
47
5905
422
7696
4481
9990
8945
2778
2109
7418
1891
6483
8062
849
6219
312
9151
6862
5932
3445
8138
2942
2750
7203
8575
1124
8691
4290
3648
1954
755
4878
7897
4385
7208
4913
2317
9789
5798
6229
6299
9983
4642
7620
6239
9000
9491
8974
5749
6119
1126
3174
1753
3528
5195
3722
9642
842
4925
4812
9245
8330
3967
1602
7533
2369
9330
6087
8991
1063
1059
5611
4612
6018
4705
2654
7448
9471
76
5028
3592
7724
9801
1430
6321
815
4242
8293
3538
5303
6042
2011
6067
1821
6382
4112
3679
9494
9623
166
2029
7128
4509
8097
9821
9942
9349
1990
1165
8218
7834
6847
4251
4270
6762
9241
9333
5255
4199
826
5580
6959
6174
5922
4807
5790
9700
8749
2980
1331
6172
6945
9513
2356
2694
3835
5673
9120
8690
5825
5074
6765
1809
2595
1170
9956
3532
3010
9434
1061
7598
7005
2715
5575
1100
4549
5197
2048
7173
1884
655
7406
3605
7342
1528
144
35
1387
3948
9108
2490
7985
8618
3117
4885
2034
7682
8096
2260
5047
9876
9755
8715
2865
3444
1555
7465
6599
249
8761
5894
3153
1940
4681
7893
5232
4046
7566
8585
6840
7162
581
9700
5659
1754
8396
9034
4002
8142
6791
3349
9403
3703
3215
3138
298
7817
3751
4440
8317
6735
1340
5737
8913
9064
6328
6736
1610
4383
308
5434
9331
6040
2472
5250
7906
8838
8336
1781
3943
8218
7132
7572
4337
6822
1412
359
7197
3248
7910
1934
956
3474
2750
5283
191
3134
304
1563
194
46
2517
4188
4034
3449
7728
6761
9244
2306
3324
1368
2388
8171
2260
7188
4687
3495
9774
8638
7709
5804
8789
430
6806
1271
449
2504
8976
4266
5093
8762
3578
9152
5045
4210
6024
6882
7986
5804
7420
5138
7764
6792
8093
1764
2483
1674
39
780
2065
5851
8895
8258
9255
8189
1408
8898
1931
7836
1015
3792
7147
