7978
5669
3466
8436
9022
6776
7639
9715
3612
2936
1901
1593
8671
9747
2334
226
1927
902
4339
1346
7882
1152
6145
7437
2481
8616
3447
1312
1539
1495
4644
4442
1056
2036
1893
3466
1699
2299
4108
4422
9691
4729
8332
8325
819
374
6721
586
1996
719
125
8781
8604
5982
732
6823
8064
7545
6617
7467
7901
1716
5609
7276
9380
4884
293
7246
3204
1698
342
1805
6442
471
8249
4340
2483
5914
6066
8491
8162
4563
2988
6800
3612
3963
5502
1504
6912
8067
7450
2178
3989
861
3327
1649
1356
634
3118
1028
8869
2897
9625
7084
3853
1129
8359
3449
9268
2515
7189
937
7037
5063
4118
7470
9134
2826
5595
1771
839
1641
7214
8203
736
8788
72
1134
7979
5178
4675
5728
2617
2060
5273
1768
3737
9841
1691
6954
9114
8118
7630
2681
4081
6799
3919
3277
5190
2911
7975
9548
7161
8496
8842
6393
5426
4367
9226
614
8310
5335
9672
774
4837
2872
6762
2948
1617
2244
7992
234
8489
6374
2321
9919
5427
6751
5626
1183
6952
7182
9494
8136
4792
4443
5362
5327
6271
5057
5319
9053
9584
2054
9954
794
3501
9976
1664
9012
8025
3669
2131
4460
9860
7159
5426
9549
5510
7402
6156
1930
3911
9707
1805
6578
8778
2351
201
4147
9434
4814
6517
8888
6749
1514
2085
7376
613
3424
4400
9005
9013
2729
9871
3365
2785
9277
549
3017
190
5141
3305
5184
9880
8075
3998
479
7778
2288
8355
8775
3976
3338
150
3483
9345
808
6916
1372
2849
9988
9980
6771
6890
4740
1649
2426
9106
6236
4350
327
2031
1187
9235
6278
2559
2512
5614
5682
3509
2674
5653
2160
189
2009
5024
7561
9569
580
692
8513
2932
3720
6329
4968
9355
4921
9261
5805
5292
4088
9473
394
5662
4297
7617
8800
4752
5296
2785
9216
6789
7528
8067
8850
2205
912
1493
1238
3216
1298
8136
2741
2499
5136
1595
9410
3324
4269
4069
179
9954
5046
754
1574
702
7755
1637
5122
8110
510
3115
395
136
8119
1824
8177
7644
3617
1019
2438
9106
9317
9092
7434
4754
593
983
4213
5394
6148
16
7392
1898
9640
7221
6768
3011
9085
3779
4672
1918
4094
9921
8378
6018
2722
8161
8945
5181
3058
4309
9262
7611
8210
3246
8950
3204
2989
335
6196
9696
3665
9088
1160
9958
6420
2782
459
7970
402
4720
7310
3588
5060
613
3390
8005
5247
3337
4614
1861
8678
8119
4386
4144
2844
6759
7115
3839
7258
1128
1171
8746
9657
1465
1663
9595
2893
946
332
1262
5951
8448
5391
4324
4421
1869
765
4887
5615
6941
7284
3736
2097
3348
7652
5396
7656
8758
8030
4197
2587
3975
2183
8981
8272
1904
7016
4925
4007
8099
6
6155
7703
9334
9177
8946
6099
699
9723
5915
5369
5584
7583
6378
6631
7202
3275
7707
6730
6077
5587
1419
5780
1774
1395
2931
3753
1609
745
335
4711
3654
6221
2877
6255
4486
6334
8433
2852
6772
235
1590
2319
5575
5114
6830
5452
4884
7240
4666
1029
8800
4478
8133
9593
2194
5692
4202
9
8231
725
9175
2623
6048
9030
841
7899
2518
3844
6502
523
8877
2881
9354
7718
2998
6827
2601
9013
6302
1905
7652
7182
5828
1923
7190
4911
5336
8885
1918
3604
9471
8591
6743
3029
5475
2788
5666
6174
6775
5885
6069
7308
1816
4082
3885
6945
9935
6628
6815
9221
4884
8090
205
2601
6764
8053
3428
2360
8018
1026
5137
3885
9396
8860
4820
5867
2612
2860
4588
8653
7695
6830
2
8651
27
7969
9458
5
9049
5754
5812
3007
5178
7189
8985
7690
4653
7850
4273
5194
6774
2568
1337
1257
7419
6753
497
5863
3128
8657
6540
1852
562
2923
7041
3500
2568
1746
2574
4726
4294
1682
3724
761
1619
4313
8557
4260
571
789
3730
9720
7591
3994
7689
8811
8231
2896
196
2892
8993
2263
9797
1374
3203
1768
1061
6196
7669
2282
8292
7879
2698
2254
8682
9559
2437
8727
876
2923
8121
8393
3322
4166
1528
9101
2502
1161
3453
6734
1631
6303
309
3523
7947
2888
3687
3337
8339
1478
2165
4429
5064
7118
9578
4835
5059
4091
4723
8981
3194
9397
2491
5851
3839
9816
5327
1172
658
4053
9648
5999
967
6898
150
7880
7890
1982
2545
3250
8159
6197
1435
9501
7870
956
7514
9605
7339
4154
3698
3575
9852
4372
1302
9776
6611
2339
1534
1987
4499
7411
3589
295
3328
43
3578
5275
4399
8500
6758
6631
2236
8487
1533
6560
4315
392
653
8951
4614
5241
6916
9824
7765
7708
3534
1786
3835
5257
9035
1711
3293
4696
5647
9801
3085
76
2499
31
3061
2461
1914
3419
3024
111
3566
1962
4562
7748
2648
2767
7527
9467
3358
4756
4985
5251
7670
5534
9371
5632
1337
4443
9090
7448
5027
9035
8452
9499
919
8025
9784
6349
719
6964
7181
866
6753
2654
2343
7972
46
656
4084
2180
8532
8664
7548
8203
7795
9552
7639
6347
2428
2892
9288
743
8532
9376
3015
8523
7929
4971
9629
2505
4156
8532
4280
3330
9964
4912
1694
3518
3780
1117
6143
3496
4458
7039
3859
6072
6200
6244
9346
8718
519
7637
3810
7480
9415
5707
7115
5872
2972
7404
9367
5125
6275
4289
8789
613
1106
4245
9228
1796
7053
7516
4652
1051
132
2589
3713
288
7722
5886
8961
9949
1120
6586
7109
8048
576
9122
5220
6175
8726
173
2202
6549
7176
1837
1063
5389
407
7904
6724
9738
8621
2911
161
1201
4166
6327
7690
7732
3036
4753
9960
6444
7050
3488
5859
1650
6082
87
4085
4138
9898
3124
8922
6140
4096
9101
6084
48
8847
2214
7498
1878
9642
1676
8544
4271
8853
2512
8354
3195
1235
7571
2635
8192
2377
9339
8514
3827
9873
1327
3267
7079
3420
1461
268
4527
3375
6549
7550
7313
7774
8042
2019
9178
6982
3493
6351
1768
2755
2669
62
791
8530
8551
749
3595
593
8381
7973
231
9827
4814
8178
2472
7135
7987
323
2194
8776
3513
4314
7381
840
4608
2018
4090
9029
6159
9728
6832
133
5217
6929
5245
6110
1216
5091
7267
4822
8764
3409
242
6425
7528
7382
3859
4473
114
2883
3432
5280
557
2987
6350
8193
6029
5611
12
796
638
7431
3003
4432
8769
1168
7553
730
2355
6945
5435
5916
1436
5081
487
7737
4977
2435
9883
8557
4023
7088
8294
9098
4181
3959
481
2861
4436
8083
610
5166
3974
1882
1629
6710
6448
2413
4150
3387
8405
3867
9847
8119
48
7489
6314
2519
9837
76
869
5007
5477
6031
8960
4107
9333
6160
8787
6688
6650
8396
9904
6016
938
3611
2186
6380
2114
2830
7761
9781
8664
789
4699
7083
6396
9165
6817
2454
7536
2502
8403
3235
8737
5443
5993
1926
8848
779
8871
350
8370
4892
2219
4086
5296
8095
295
4999
9372
8614
5397
3579
6353
8962
4764
5452
6869
8914
638
3339
3182
6341
4475
1021
237
1841
3478
1807
3404
5484
9217
6443
4752
359
9239
8115
5211
7866
9590
9657
3425
5514
2504
4049
9332
1991
3020
5390
4430
3283
5206
6345
2730
7821
8895
1233
8608
9803
8634
8892
4747
4886
4725
2187
8249
8175
4232
8859
7454
1600
7645
1320
309
3453
7084
3788
9477
6056
3009
1381
3371
6836
5932
117
218
4882
2629
7235
1212
7767
1258
1327
6739
703
1527
3442
3088
1354
3377
3907
1167
6596
1151
3574
5197
8819
8085
6352
5367
1817
4334
2677
5137
7305
6949
3762
2624
4535
4128
439
8917
6600
1162
1164
3318
7081
3036
9972
8778
6427
615
5119
2176
5531
3392
8217
8205
9504
1064
1152
4576
4158
7479
1555
9620
9895
9109
4325
7281
3649
1445
7489
9151
3987
1918
6008
6041
1161
7286
9445
122
6455
8653
3474
4294
7545
9220
9364
8327
9369
8105
6496
6563
1722
8128
7441
3878
6465
4111
3394
8802
260
998
3237
5423
1594
2601
1606
9488
3394
1739
6330
5444
1712
1737
8305
101
2658
3008
8986
7585
7345
7724
3542
6931
1586
7150
6980
5390
220
6712
7244
1125
6548
7528
5111
2297
7108
2064
1675
5423
7562
8558
9397
6861
4908
8221
1103
6946
3226
4358
7329
7887
4076
4564
7443
1350
5610
6435
2672
7309
6218
9540
7879
1919
2468
4480
7867
3311
3634
2278
4075
9162
7843
2755
9659
1336
4078
3021
193
7966
4260
6668
9340
2564
6030
6245
3069
958
9094
7701
1914
153
97
5862
1384
4804
6329
33
2438
7064
3033
8672
3273
9413
2882
9870
8801
2026
3659
3518
794
9152
1605
8853
6798
6164
668
7301
4264
8256
9353
3495
3796
7125
5316
4147
9746
279
6967
1679
5162
693
270
9538
105
9379
555
6644
7913
1350
3238
868
3375
4123
9921
997
1053
1620
8265
4854
8616
4480
4840
4813
1716
9638
504
1519
5531
7182
5698
9278
2060
3420
7092
7967
8768
5802
4193
3799
3080
7056
8131
9234
9027
6835
3116
8448
3340
9319
1961
8685
8479
2050
3111
3627
8332
2831
6144
637
8260
2028
1630
306
6192
1137
6864
5437
8274
6684
5050
3709
3283
9069
5750
6782
8667
5659
2697
1723
991
722
945
9261
212
7562
9466
5669
801
341
6896
194
1635
9700
4862
7104
5467
7398
5893
749
7618
5887
7160
7465
9484
1217
7572
1065
4794
793
3165
392
3241
8600
3620
3931
4249
9852
8085
5423
9304
6363
5020
9778
5420
2028
4935
1850
5423
9938
1319
4278
820
8293
3728
9535
6985
5502
2176
8762
9653
5743
732
2653
2800
8989
262
3787
6098
2252
4651
7726
1379
6021
4968
9040
4386
2294
7165
838
8818
7350
6570
3914
7438
6435
4278
883
5436
314
7662
5331
2431
387
4618
8877
5255
6118
2955
3152
8180
7213
9713
9685
5784
4920
5305
3249
4634
1287
7876
4583
9238
2120
5954
3485
5777
9453
5085
6969
6587
3193
6899
9017
973
7159
2491
5564
6002
9990
7720
5279
2578
3237
8123
2040
5930
4167
5570
2201
1687
7395
223
2769
8816
6524
5060
6661
2404
807
1194
9750
8744
6334
3089
2079
6179
9760
5778
1262
6901
6946
2160
668
993
2407
8141
7195
1772
119
5880
9979
302
3775
7027
4904
7269
8644
8531
3316
824
7381
2786
4429
9913
8669
8990
4474
100
4994
4660
183
6804
173
3415
9706
3845
1174
5930
3858
8708
4187
3230
7260
8882
4028
7972
3233
9495
2903
9876
6671
9044
4635
7590
3857
5889
3387
2926
8414
2949
641
6453
6156
5331
4012
8930
3470
6449
1623
4999
1185
7620
2647
2424
5279
5608
3201
5574
5822
7340
4470
5130
1257
8186
4093
4829
1464
1491
3787
3859
3614
4745
1185
2857
4015
3478
3745
7524
4252
5418
2462
5624
9533
9106
6640
58
8825
5523
929
3629
4613
8023
3607
7608
4359
2814
9582
7209
4405
4053
2817
8675
2479
9652
7685
8707
9702
865
3779
7873
3303
2947
4143
8401
5176
1681
7705
424
9006
6632
720
9964
9177
379
9294
165
1805
309
3924
5264
3485
3690
5410
4050
6917
8347
2675
9592
5908
889
7523
5405
1140
9440
6286
3062
3528
2277
7847
4343
450
7771
5169
1672
9902
2366
2910
4882
6414
5714
4497
4212
6946
2182
4626
5938
4963
5090
3918
7452
9133
3328
7559
2957
471
6983
6655
6138
2672
9905
4317
1930
7464
9263
9882
7349
7832
7187
139
5685
7151
8346
6427
4233
2794
8636
7763
953
3758
5532
1305
7619
4181
6747
3043
2676
6147
9945
2438
3762
804
6075
8112
3574
3685
5224
3453
871
3931
3517
9402
7569
8227
1985
5588
3141
7815
2002
1692
6170
5850
5454
7081
9377
3585
1054
2666
3446
3277
2109
2951
5202
3177
4726
4354
4029
6092
1483
5216
417
9596
2466
3918
507
3376
3306
3825
7050
9599
7531
7454
9193
90
1307
5683
665
2835
669
9584
375
6953
2676
4773
7886
7409
4454
2746
2021
8994
9612
9861
8089
7405
8629
7595
6325
4664
8361
4806
749
1605
7387
1135
9227
8563
6152
8665
9952
2177
7165
2714
4524
7306
6917
70
5865
1010
4719
5433
6482
5899
7518
9953
2065
420
8826
4550
8501
8367
3651
327
1474
5822
4390
9539
4755
7161
4697
6544
2250
8798
9552
2699
8216
9829
2178
6396
713
1039
8933
3061
4774
4059
4389
8024
302
7252
5876
7858
334
8906
780
4552
2381
5772
1664
6716
6005
7727
3728
4780
5003
5710
9579
9783
3296
206
6639
6173
7616
5852
6124
1890
2023
1621
3830
78
2995
6497
3577
9236
2389
781
5575
4109
7665
1572
3533
721
3893
8314
9764
4913
7
9957
3859
8115
2390
6168
7089
4811
2146
1693
4760
7331
8904
30
7957
3399
6710
7887
4956
2543
9261
6812
8217
5178
6436
9931
5153
7555
1048
6894
9511
1603
1425
2103
874
9251
2048
1976
2139
8507
9525
2438
9869
3020
9469
6329
5909
5639
8217
99
7265
4568
5610
2490
5941
3858
4584
9844
2448
9000
4849
1294
7421
1173
910
9641
9414
4793
3473
7345
9058
9873
9019
3115
5967
7250
2971
8011
6027
5505
1633
7039
6476
4098
4224
1228
1216
8811
8113
5939
6190
9524
2420
4479
9707
9837
9634
1677
5529
5531
7022
1577
2394
3105
3546
1169
1266
5880
1253
1416
682
267
930
9033
1345
2865
6996
2070
6269
1767
9061
4812
5567
6937
470
1460
3685
7757
129
8361
921
7005
8762
1313
5270
767
9124
3387
9706
722
6367
2675
2071
7431
2911
8836
8740
6666
1577
9115
1201
3147
3814
8067
7655
7678
2490
4259
6286
2923
1518
7120
9848
9682
793
3504
3418
3631
2109
1389
6027
6293
9294
3025
2421
4315
3677
4308
3129
6464
2707
2720
4799
9068
8489
1997
8139
8532
7156
7678
7898
1801
782
934
2876
158
2815
104
9180
9429
8987
7371
1370
149
645
7734
7865
2601
1217
1453
5444
8728
2054
3096
6236
4396
354
4908
8061
4881
9624
8537
7135
9676
6597
7888
3735
614
4625
3518
9053
3844
1360
1113
4617
9828
8008
6565
503
3494
5820
6820
7993
7636
4487
7576
6763
4496
7253
7446
9938
1609
2955
9241
2814
4249
1911
4640
3967
8349
7154
5541
3107
9346
3377
1835
2509
9737
683
6915
6706
9750
4869
4731
5100
6523
969
9460
6753
1132
5781
2318
6254
2415
4448
6818
4173
7026
4503
1996
5143
9928
2678
7987
5234
7329
8002
2134
9146
7333
115
7668
7262
1949
1918
8600
5202
2943
4368
9455
9218
9892
5704
4312
966
8279
4683
8056
48
7980
9115
1814
9810
1882
5329
5865
1613
8918
311
540
1429
9262
9602
5723
7536
2463
5437
2350
557
1220
7297
9775
2193
9883
3936
8904
7036
5013
6065
2686
5338
826
4725
8596
7318
8599
4424
6846
841
5430
3283
9683
1312
1383
5119
413
2044
7312
1972
4161
2882
7678
159
7045
9490
4951
5714
1971
629
3742
3253
1033
1984
498
7994
7945
3766
420
798
5972
505
3027
6027
6718
9280
6853
9995
5182
933
6788
4375
2213
4837
6050
9342
9768
1258
8107
9921
7147
4038
7766
7435
1468
869
423
1853
3353
1429
9988
5143
2064
2850
5154
9907
7601
9354
2699
5180
7281
3583
5598
2572
6270
4731
4756
2914
2826
9133
9242
2418
4422
7969
2224
4503
5036
6350
237
6612
4329
2313
4092
2872
2213
5688
9159
8175
6336
8832
9038
4309
9067
1407
8132
7749
448
7894
8823
9296
2768
1326
5242
954
6247
812
3920
8830
9885
767
5879
3505
8379
5637
1999
164
1480
1709
1638
8787
3472
6872
9361
9882
7440
7769
8904
7079
9936
3163
7327
6955
5677
2306
7837
9707
3122
9961
8411
5411
6514
9003
2954
3465
3397
2285
225
7359
3517
8456
5266
6258
7811
6036
888
8720
1235
5216
6112
1046
8081
6975
9120
7079
6758
524
3864
4601
4939
9182
7252
7738
6481
6550
8827
1040
1194
2245
1911
5421
1799
7499
5169
4945
7375
8906
7752
7578
2169
6313
4958
8598
8247
2436
431
8217
3327
9793
5151
7434
8022
2621
7103
8503
8267
7621
7980
1769
6846
8065
868
691
9899
8058
8661
292
8039
3324
6948
9932
1974
9895
2327
9371
2390
6144
2640
9428
8699
3428
8918
8752
8056
3916
4401
6031
3911
5003
5170
4714
6485
8597
4829
5284
6141
3354
1828
5279
1551
7984
9009
2922
5789
7279
5695
9272
8178
5381
8150
684
8543
4618
8753
6032
6819
7486
9182
1781
903
5374
9137
2901
5491
9701
4997
4148
7168
575
2992
1189
5691
6649
2258
4521
803
7540
8922
2194
1759
8473
9269
1909
5295
6854
6100
5198
4813
7494
1768
4398
383
7295
5053
7167
6893
6997
9520
1288
9673
1692
7743
1691
2864
1082
27
8156
8443
8283
396
7789
962
4702
6130
1972
4350
4237
8675
4606
3225
5482
3077
7660
8725
84
8346
1564
2869
9225
6915
8995
9964
4245
3427
8533
3664
601
8753
2967
3707
8055
2649
6316
2382
9146
6544
1724
7249
82
8449
6963
5307
5661
9673
9445
8235
6305
3740
5807
9297
5541
5041
9081
3580
9456
6145
6087
3345
329
791
7055
7908
6141
7029
501
9719
9775
563
8881
9340
6218
9396
3714
5336
642
4327
2828
1126
2425
6486
1053
564
3293
5695
6990
9230
174
6397
7381
550
5390
5410
1767
7757
481
9843
7034
2353
4067
8608
8712
8210
5177
1966
1007
7922
6719
2019
7254
7193
4865
6110
2714
2018
3509
1920
1687
9814
6165
9803
7218
6243
9899
853
4387
6904
950
3561
7104
8000
7881
7130
3860
3768
3074
981
3534
9375
9447
7106
902
7593
4204
4230
1194
2687
7682
937
999
9783
3945
3903
8675
6668
5670
5525
1047
3818
9952
7721
3738
7368
6548
7846
7273
9090
9033
9435
1843
1297
3502
7687
9600
314
3967
5716
4257
8336
8614
3437
8274
7702
3693
6252
6556
2981
6658
244
3448
6726
260
4776
7230
1949
9178
3559
9675
8451
8003
5589
9281
5294
8
9255
456
5519
4733
7562
3538
9383
8102
5792
28
6903
6390
4136
6113
2899
9347
5033
9449
2050
5446
8475
206
9348
5982
258
143
592
5524
5159
6061
6265
3545
4725
2979
8941
6475
2045
1874
922
8678
4983
9242
1469
8840
3813
2373
1032
9005
6021
9230
6383
5929
820
4303
8912
8004
4041
6760
5517
6959
3141
4843
8694
1348
9157
4915
1495
5404
4897
2069
9484
1115
8197
8959
3837
4325
313
7438
6650
6340
1614
7211
3732
2081
2392
9317
437
8112
4323
1194
5709
3016
1555
6014
5994
2879
4508
7471
8707
3509
3162
3647
9073
1655
1630
6816
5963
2228
6886
2030
9052
2860
7704
3189
8995
3763
6779
5716
9527
2373
9969
649
6293
3508
597
4620
6487
6301
1773
6056
4595
8009
780
228
429
2175
1127
9055
4810
1255
417
6778
7922
6505
8486
991
4945
1635
129
6927
2378
9177
906
3738
5016
3751
7471
631
3395
7090
7757
9476
2667
9981
8443
4887
1317
2776
3907
3714
5055
9058
3791
581
5632
3279
7404
7294
4513
6660
9405
395
867
5215
9823
2912
4827
6372
3092
1684
2401
5315
7343
2070
6785
5605
9419
8845
5451
132
247
4924
7053
9930
562
469
875
2930
5327
3364
2920
1259
5765
6652
5172
8955
2182
2448
6402
6832
6602
9159
9445
7874
9575
8754
9126
100
7631
5306
2581
8153
838
3810
9193
6179
5647
1244
2613
5910
8978
2503
3354
3371
6636
3510
5891
6641
786
4060
8545
7870
3155
3203
3523
228
3706
3837
737
1710
8317
2289
3429
9929
2341
6855
5639
8528
6554
7567
7940
9919
5657
2171
4250
7577
3733
7324
7331
3893
4184
9834
3131
6723
8580
2862
1471
4973
9995
7449
2948
9192
9863
488
5921
8346
247
8975
9275
4661
6982
5825
251
3137
2681
2754
3773
9000
8965
7620
3816
1595
4107
4541
757
9635
962
2314
3166
2609
7775
6573
5716
7590
1874
5521
9789
4334
2896
2302
984
8679
2729
8440
3214
6225
534
1842
8599
9933
1809
6896
5414
1159
6736
2698
4450
3472
3679
5996
4242
8212
9081
5434
4261
5627
4547
8993
3403
2843
2677
9673
7779
8698
1846
7014
1409
65
7906
8910
5435
1820
8907
1093
9505
2061
2186
6643
5032
1121
5376
9832
993
1243
9677
7926
8970
5980
5900
3820
880
2932
9193
5587
9967
3473
752
2512
4873
8502
4100
4570
5902
904
5272
4422
702
1714
2285
431
8184
3032
4905
4865
78
4904
1056
1972
3480
4460
450
7541
9521
8156
3521
2816
1761
2705
8124
3338
2200
2484
605
5515
4964
6533
5948
6489
1200
2888
7518
1903
9529
9849
9678
2540
413
1344
3349
2392
4386
192
2089
1666
4817
7561
4176
4724
8093
1773
7567
8680
260
16
6403
1572
2848
424
1851
8496
8666
7124
7664
4232
1405
249
8994
2381
3522
9111
1233
6534
9005
235
7461
5349
8499
8718
3354
4996
4055
4746
6299
6925
9760
2924
5145
7385
2279
8453
7961
3504
8082
9466
6200
7535
8601
3500
9835
376
7826
1986
4263
6643
9357
9666
8953
7939
4158
4078
6772
7539
6898
9931
6965
4878
6479
7677
5236
5262
5549
8127
281
2941
5707
4463
9337
5351
2960
5477
6684
1649
4223
883
5611
2290
5958
7048
5611
8431
4131
5855
7297
5813
7954
3701
6529
6639
2008
3960
1671
2776
8789
5754
1505
6474
4298
6325
8695
2965
1655
6568
2056
1003
5487
9024
7250
3064
667
6306
7182
271
9383
436
4070
1263
7933
635
2883
1268
140
8111
9015
5050
6900
5643
8964
5181
9505
3057
5095
3420
3266
1274
7413
9643
9781
4635
9632
5095
4753
3987
1493
4821
3359
3217
7174
4820
9429
3570
6527
6721
9136
1624
727
3688
2030
5478
8709
5496
230
4744
3276
784
4820
639
7477
3413
4341
3402
6183
5957
475
2800
5094
7478
9757
6618
4277
3992
2943
9150
1033
6089
585
3685
443
9447
1078
8062
6345
9168
6636
9452
3019
165
1362
7194
5885
6269
451
2911
8653
9750
8014
5261
9923
7046
7943
1219
9048
191
2686
578
4932
7281
7770
9596
8792
6138
145
2200
3989
2104
1046
4114
9559
511
1632
8272
6001
7974
9651
9552
8086
556
382
781
4065
3032
5920
2784
7074
5294
7783
1282
9558
4317
1463
5935
2977
3685
9075
9815
9515
4758
5691
5039
2164
8627
3826
9124
5893
5270
170
2943
8533
1629
8270
7460
9476
6466
4460
4293
3560
5736
9614
8483
6545
8289
3460
7140
7435
5116
4703
4912
4512
9516
5212
7733
7415
6916
3691
6987
4701
7263
8362
8226
6398
7404
8291
23
6624
2966
2576
4678
6637
9489
9958
3209
7771
9936
3077
5182
3609
5540
9610
1606
1944
1519
4014
2842
5235
5991
6351
8728
2349
8758
4841
5884
5222
301
2097
570
9625
7577
6846
807
8933
5038
1764
9271
9286
6480
6670
2416
1615
7632
647
7518
6039
5539
9446
5040
8685
7359
8708
5792
1593
4286
2906
5776
8800
3189
5243
4784
1939
8334
6556
764
1925
1602
5180
3153
519
9123
1188
2128
1154
6532
956
9067
2016
5340
9814
4269
1096
31
8140
9079
9636
9949
4369
4244
2577
2039
3286
701
7154
9579
7276
3897
3136
8401
7969
284
6658
5757
8857
4945
2421
9365
4586
242
4265
7341
9060
2884
3320
3694
2043
5583
5860
6085
4979
699
2299
599
9510
2119
9385
1426
5796
7698
2475
7999
1320
8444
635
9748
6723
3895
7213
9574
4616
6919
2597
4059
6259
9480
3730
1069
711
6863
4523
5867
4530
249
4725
4314
9759
4687
2414
3448
2423
4155
5065
2465
4501
3092
9366
5802
3925
4389
8141
5067
6568
5597
6135
1722
9207
6879
2922
626
2929
7497
5343
131
1988
145
993
9090
7140
987
3027
9105
7466
2936
3214
8762
9499
7129
8647
6388
7219
2849
2634
1992
5327
9448
3269
6846
8117
9612
8466
3888
4112
6193
930
4608
9883
1449
4755
7429
3017
3823
6622
8033
9679
1341
7583
3566
6271
6094
1362
3478
6130
7550
7878
2450
1009
7965
6657
2522
8927
850
4240
2140
2422
540
2105
5159
4541
6404
3919
4807
5043
4974
6193
2603
5116
143
4784
6369
2565
6984
7994
9892
7412
4464
7592
4060
9265
144
7952
1652
3083
2615
8168
3272
2152
1694
72
4461
5709
7254
6202
3546
4182
4749
3585
4356
4419
9840
7827
1880
4352
8858
1397
5970
4303
1675
4449
8058
419
5044
8390
14
3276
830
8061
6138
5914
6362
3635
339
127
5363
1944
6820
4310
640
3186
9984
4986
9157
8414
4486
6245
3417
2917
5027
5334
7027
7991
4785
461
349
1799
7228
1190
3659
8579
8693
9487
8725
4350
1104
4504
2719
5323
4728
3510
8666
5176
5427
7108
4899
5717
1072
4407
7369
6432
3068
6045
1516
4414
3924
8977
8305
8199
7428
9197
6450
9119
4590
2908
4114
3885
631
8778
1982
8250
9691
7003
175
5687
7760
7685
396
8891
360
3916
2061
2792
113
3784
6858
1961
8615
8948
8833
6042
7944
661
5495
2692
5320
7733
6405
9315
9499
3387
548
1702
1904
5417
4036
1235
5069
5090
1669
7844
3444
5094
3017
4066
5781
7419
8929
3612
6078
777
6259
7748
1230
9474
3933
3158
9047
6893
692
9814
4129
9518
581
8933
2475
227
6988
2640
1532
6317
8531
9493
6247
521
4978
898
2846
2714
661
1724
5758
9941
8747
3065
328
6441
5274
9674
4991
5321
608
1145
9261
6071
5765
587
4736
4414
3980
513
1314
5164
6104
5105
3174
6554
7787
4124
4094
3562
9050
3612
3978
764
7692
7484
2170
5837
6609
1380
5317
7756
2832
7087
194
554
6728
5322
1347
4878
5720
8476
6722
3634
1418
5837
3636
5517
2250
3284
7162
766
6212
32
7062
6513
7131
6723
6058
3282
7558
9302
3644
8139
2454
1373
1077
8443
6834
1545
9705
8310
803
2403
8002
2611
6635
2060
3285
8758
1424
6558
5510
2905
6311
9069
1782
9273
4860
4368
1034
9324
669
3911
2696
9834
4710
7496
3083
2959
4760
4505
7605
587
4114
1180
6452
1987
1009
6290
141
7672
4595
7597
8181
2177
1128
4807
3455
600
1809
1944
5743
9743
1195
9064
5053
269
8533
3490
1206
7768
8508
1808
8156
2320
5208
5113
3645
3830
5951
9092
4353
2760
6679
6615
172
7722
3257
1408
1364
8434
2193
8624
9757
5215
1970
7839
3984
5335
3622
9184
138
924
8787
770
352
762
5801
2335
6801
7712
2344
1285
2852
4425
5839
5534
7247
3798
9839
3743
9001
3850
5550
4170
1976
6753
503
2175
4548
8333
7582
3958
5117
7390
7473
402
6199
4093
9003
6514
2963
3542
978
9945
8714
7216
6416
6456
290
4763
2974
8949
1763
5828
9564
6939
1571
9687
5502
8861
8429
1378
1169
5896
9953
6322
2859
2548
5381
8541
351
662
4744
3851
8048
9077
9751
1217
7357
6199
8697
171
2427
8072
7573
6806
192
2535
7635
1543
9387
8396
4576
5819
7122
7929
1115
8700
7971
6829
9996
9645
1547
495
5813
67
949
2061
9232
4175
3387
1200
1543
4924
8792
8763
4963
8130
9982
3745
7724
4804
8482
5729
9920
5244
6293
5375
6031
6193
3918
2848
2386
2706
6931
9297
4299
5410
87
7956
296
1728
9661
8616
370
7777
2474
3459
8674
9820
5337
9375
2530
7218
3528
9279
8481
8312
7359
3981
5808
5779
3729
2561
2074
6559
3467
3279
6897
3532
8265
3230
7091
4709
4696
4129
812
1118
3126
4035
3524
7529
6565
8004
3913
4293
6239
5482
3511
7829
4644
438
4884
8312
1902
9909
1209
8169
773
8447
2634
3909
1503
7343
5958
2677
4079
2319
7609
6535
430
176
5935
3933
647
6995
5412
2978
2540
2567
3303
4228
9655
1519
5901
6483
7291
5199
3841
7156
8440
4307
8281
5682
9325
2812
2388
4642
5159
6440
223
2465
7112
9629
7239
6252
8419
1842
5176
3884
4420
7017
980
716
5196
141
3408
1320
9930
3108
8040
2772
7718
849
739
9062
7286
1833
6273
9537
6163
8047
8304
4926
582
6766
174
2793
12
6291
4201
9158
5881
8453
786
5519
5897
9234
1841
8907
129
9895
1025
1756
6979
9787
9164
8020
864
217
4689
1189
9000
3336
7649
1284
8574
5736
6234
1161
6599
4571
2395
1734
225
4494
7286
5921
4143
7139
4211
2112
7170
5308
785
7824
5204
2598
8663
2306
4286
8704
7561
5859
6490
7446
7894
4262
8946
5566
4302
1712
2967
8046
4417
223
6830
1208
3891
8344
4197
7028
6843
3356
5555
8984
4363
7318
3693
4582
8330
5331
8020
5234
7212
2271
4220
8303
1635
9112
7128
8917
5807
97
9233
2209
3473
6005
5622
9080
653
9382
6172
4329
1165
2385
8150
7071
4387
5792
8641
431
8007
5852
6614
1892
3502
3516
5890
8293
7051
3742
6659
3728
7263
5873
6088
4325
2989
2445
2923
3618
5032
9248
4683
2646
7901
7925
4305
5235
5917
9699
3700
9349
3987
1055
6136
3754
2852
383
3282
8317
4660
1869
9382
2163
1348
9252
2833
1553
6249
6169
403
1480
2745
2521
996
5919
1151
555
6503
7179
7070
9010
8811
4380
1681
3442
8318
9575
8385
4796
8893
8732
2160
199
503
4211
9826
6749
8943
6056
1211
607
5408
9488
4419
8598
9723
2727
2038
8647
219
600
6185
5058
906
5064
743
9928
4300
3567
3833
1974
1193
9012
1651
402
457
9523
5003
6737
2887
9646
9621
9698
8040
3614
8682
267
5509
356
2248
1886
7859
6784
3842
2839
8180
3229
7287
7573
6023
5367
4096
7170
3610
7962
4819
6865
1775
2152
1285
1187
8253
838
8620
3862
9613
4501
6467
347
3301
9368
7254
3250
3058
342
7645
5828
4350
6702
9382
6941
8033
9202
5915
8548
3427
8994
6018
1128
9119
4341
8771
8136
1588
614
1108
8847
5157
7561
2689
4443
4976
3225
135
6825
956
1759
9151
8910
123
1697
3288
5732
3423
436
7901
3567
6057
3247
1446
2107
7820
6863
7082
1412
2960
9648
4129
9665
1763
9599
7256
8238
2250
1241
3438
3125
3301
6318
43
4761
5600
2168
1201
6398
8293
6722
8922
2456
1231
3191
9984
8398
5722
6649
9340
1899
1062
6954
615
1873
2859
9066
3580
9962
4182
5645
1630
6604
1409
9608
325
6456
8944
5016
4212
3088
3047
3823
6662
1666
6330
3245
7
3670
6237
6375
6383
1472
7386
934
777
2402
6576
958
4530
3745
8264
4681
540
5265
2195
3872
3058
5424
6928
8741
2310
5405
1402
512
3718
1587
1501
1700
4206
8725
9161
2285
9366
4008
8463
7257
8876
3399
8024
64
1293
39
8677
5345
7500
5160
7345
3642
2053
1029
803
4291
411
5960
4336
7320
4685
3293
285
2370
504
7473
1890
9377
2470
8118
9
87
7748
8198
4966
611
7921
3154
1905
9337
3074
6054
5678
2347
3410
4554
8638
4774
7911
1095
1758
8012
7264
3332
141
1305
4522
509
1100
5764
1426
7903
2782
2020
9524
290
8222
5900
5138
6915
9519
533
8769
6557
5006
774
3534
1300
4741
1954
8733
9982
9113
5727
1521
2829
242
414
2712
1789
3883
3468
254
7191
8447
9012
1538
9024
8996
942
773
977
6436
4728
7406
4083
9893
4752
4763
7895
1898
6075
307
5951
2643
85
4118
2044
4704
9797
6101
1845
6643
268
6526
2737
1762
1435
6528
8306
1180
4142
3917
6190
9987
1848
8525
9675
2551
6572
5599
7718
4484
6245
4107
5391
9602
6259
5282
5605
1194
3330
6599
7866
7096
3385
9431
8210
1819
6476
3443
2030
8570
3615
3951
5215
5409
423
9970
361
8697
2798
7598
7078
2357
4019
4058
6851
2520
6764
4266
4827
516
265
2016
8430
6734
9638
4476
7950
4189
2077
4431
8854
7058
917
3293
3016
9441
5355
5585
6513
1133
3115
3338
6666
6705
2139
9331
9726
2075
2516
8625
19
9683
4670
949
519
3689
2968
7473
5289
8493
5856
3367
9120
1864
4821
1373
7180
7512
8070
3549
9303
1944
7446
9993
7415
7502
2815
2172
8564
2253
1200
1851
2576
3259
8053
4618
3192
6061
3841
2331
7814
4975
1931
6801
6655
7856
2498
1378
2720
4569
9021
7179
8704
526
8580
8686
5409
2893
9413
3895
3177
2228
4772
4828
8696
5487
9010
1138
5989
7406
6968
6364
3545
5685
4608
8319
5415
3022
5216
113
5751
3145
3397
7311
5230
4819
4008
2974
6476
6692
9439
6729
33
3234
6290
4825
7596
5156
1464
7827
6018
8225
3599
1178
536
8326
788
8166
6429
4214
7924
3341
9766
4123
2944
3501
3991
4731
5974
2171
1723
2135
2690
5590
2977
6877
4817
7365
2307
8669
8989
4047
9763
2312
8490
9305
7253
4564
187
6153
7811
636
9698
5994
3617
4740
9123
6808
718
3355
8979
2171
3699
9401
5426
5009
1579
9128
5986
6452
5647
4783
4195
4794
6157
872
4157
2763
5572
2899
5209
2526
7791
4884
4301
9756
1148
5640
481
454
8215
8485
8194
2737
1607
3871
8627
