8219
7153
529
1676
9863
4541
8560
9624
657
3779
1035
5875
8254
4475
5845
9998
1814
221
7386
9187
5237
4743
6021
6035
2990
9405
6830
2830
8860
4811
659
3563
6007
7526
5009
3976
6255
7953
9167
843
7353
9452
2311
1974
5923
9318
5683
6857
1572
9923
4720
8962
1093
2488
7105
1471
8503
1747
8275
1476
175
4520
9512
3272
7733
4071
3315
7770
8117
4057
9695
6081
815
6168
4443
3568
6753
814
5654
1065
3823
1238
9747
232
5356
1359
5577
896
9640
5631
6618
3860
5270
3124
5326
4875
2857
4550
459
4950
5194
7608
1443
606
4297
5101
1370
8806
4925
8967
5331
7648
1017
2746
2422
5131
6990
1503
2560
4154
7767
885
9766
8688
9653
1970
7879
2359
3831
1704
8078
7809
8869
9970
4257
789
2905
7485
4825
9371
7627
7668
7758
5075
9208
3043
6045
5423
8382
6125
6233
4160
9783
3129
4956
7806
2783
9671
5800
9490
4659
8993
6047
3453
744
6732
3899
8444
8069
2526
8139
3555
9887
8649
6698
9957
5279
5733
2109
9382
8881
7148
3145
5176
3484
6831
9023
3921
7369
135
9094
7934
2322
3253
8787
2257
8408
6058
8230
4837
3905
242
4724
2338
5612
5531
781
2172
8210
8725
746
9846
3707
4545
8293
9908
8826
6107
7780
6718
1318
660
1235
4144
2326
4072
5245
14
1001
6207
1175
9045
5935
1903
3865
8285
7607
4126
5418
2602
9717
4677
1174
4178
8047
6560
2959
6329
309
4961
9150
7415
7564
2741
8196
4236
1717
895
2625
6714
1950
272
2656
6928
9956
8360
7533
7447
9203
2709
5268
612
1501
8330
5048
7294
178
764
8620
618
7842
9862
4593
1587
3020
908
2573
4917
674
7788
2036
5496
3404
9952
7270
2553
9477
4080
7349
3268
9461
8677
7312
1182
5644
6056
8033
4719
4488
6953
7664
9005
1684
4460
2402
2307
2717
3469
2754
4176
5217
3236
5993
3628
1350
4788
813
4022
1669
1661
6900
7960
3633
4225
7043
12
1624
9460
5111
584
7860
876
175
4660
1150
3000
5636
7916
2929
6829
1782
7201
6742
7595
5141
7322
4321
7727
9
4313
8119
9586
2574
1288
5307
6526
1743
3009
3636
5792
7757
1069
2443
2505
5773
6324
2934
7758
1932
3763
4205
5216
7615
7468
1718
3686
1419
1271
7377
7910
6445
8423
7746
2098
5160
6007
9350
4351
6889
4434
6419
2417
3080
82
4481
9731
3277
1985
4943
5987
781
8555
6916
8585
4832
4821
6323
4231
4911
262
9546
2492
5599
6467
5447
7731
8069
2601
7350
8121
453
7667
7756
796
3899
3084
4937
6606
2725
8750
702
2777
7963
2809
6699
4988
6924
7903
2323
5140
8086
6332
2079
406
5474
3891
3867
8312
9162
419
7633
1935
8567
6520
400
4515
7131
9502
6312
1471
7912
2497
8453
2485
1227
1088
3366
6654
2745
7231
3161
2799
5604
4475
7461
9495
7625
6825
9955
9205
9066
1064
1289
6326
2739
5525
9748
4140
411
9772
6530
5162
2233
3452
5162
8780
5824
2692
3352
5939
4345
1545
4121
9230
2331
8361
4639
3828
7802
6314
2737
4622
4169
7244
1843
7458
5725
7933
6349
2457
9727
8955
9146
9106
7757
7220
5344
2432
8463
5193
5638
6750
5457
465
6359
6531
6929
6362
1362
865
727
1338
4139
1463
5036
3747
9298
9878
9768
5525
9678
6544
3532
9694
3333
5260
7593
4444
6682
8550
8539
1827
2020
436
7717
7594
8519
3780
8234
9600
978
8673
6389
7996
3844
8228
9622
7650
5803
9238
8090
3425
3115
3875
1381
5273
8295
6875
8783
2138
3055
5203
8600
1863
982
9976
1993
1690
2350
6051
857
2897
8098
3000
4120
3846
6128
3273
28
8764
7586
7751
629
2005
1944
7960
1887
8496
3939
4756
3908
4720
3520
6073
9387
9288
8623
3919
5697
2051
1310
3878
2642
3136
9671
6283
2644
1098
8036
4618
6753
6613
394
2317
207
6756
793
722
2493
536
3150
698
8748
243
1426
7214
455
9883
6707
3212
8849
9146
6829
9552
394
7953
4917
3806
9805
2269
6002
6395
9321
7650
5672
4443
4826
532
6802
3588
3843
1140
8555
9122
5819
8215
4890
4180
9969
3091
1544
1556
5181
4050
8366
2916
292
6313
9727
4372
7319
7394
992
7536
1577
8054
2944
3781
5803
6583
4936
7092
5286
1512
9952
1423
8564
6256
4810
6913
7244
1331
5392
9339
5640
5825
4901
7528
6453
5755
874
5553
2502
1935
2080
1005
4292
5013
5765
2512
2038
4785
909
3637
7545
4905
7166
4742
6957
5521
8600
7704
7292
1282
4111
5811
6936
4057
2935
6431
4303
9771
7386
1563
1373
1654
440
6086
9743
2643
1996
8880
5647
552
8023
7147
4769
1770
3580
6283
6329
5087
5223
1500
5414
1777
2875
2963
7071
4879
5782
5597
6569
5374
9971
291
1442
3596
3531
8383
3597
2741
9401
6040
906
4222
1609
8457
7393
8847
4140
9345
3147
5918
5947
5651
14
1926
9877
3981
387
5671
9512
2261
9477
4566
2072
8383
7751
517
6046
5708
6882
4766
9343
2765
5499
312
3735
3941
8846
236
387
2076
2265
2034
7225
6448
998
6660
820
4357
9590
7828
2879
1997
3591
5065
2621
8179
9426
2229
243
2625
7155
8770
4867
8642
3318
5482
8358
4594
3194
9574
5509
9825
981
318
8467
5238
4644
4256
570
288
6477
7403
6609
3384
1907
8443
2311
1874
7717
1343
3856
755
3396
2149
9449
7484
382
1896
248
3636
3804
8784
4517
3860
6468
1176
7359
6747
3916
6012
3708
9714
2348
9089
3969
9530
4462
8590
6970
2017
1845
2280
3735
7860
5511
284
4852
8750
553
5526
9779
927
7525
7934
807
9096
4602
1474
3712
4130
5377
7774
5902
5246
4279
903
8803
5431
1276
1128
3514
2868
4454
1972
2606
809
3922
6410
8713
957
3417
791
794
1559
6251
725
3377
1841
2027
1040
1802
4607
9671
7257
515
553
2978
4116
4044
1235
6143
2316
7594
7278
5804
2887
616
3671
8345
3492
5691
4861
3860
272
2321
8304
354
6616
8533
1141
9755
6040
4769
8054
355
5106
3344
6870
5681
1851
1326
4994
2414
6079
4767
3363
7579
5044
9049
4272
303
9100
1184
1329
1916
1445
668
7422
4077
5755
8616
949
9054
9420
4921
3467
1016
6220
3529
7561
2263
3999
3663
9560
4330
5124
6877
2232
6375
7649
3430
5897
9304
7704
362
9933
3366
505
8191
6565
4576
546
7101
6039
9688
2962
6918
1217
2378
3051
9761
7272
170
7173
6642
6137
3881
3007
4791
8336
4916
6880
5137
9207
1929
4075
6125
2230
8038
7682
9614
5913
6560
4738
6121
5903
4221
2620
509
7518
4174
3635
5501
6420
7965
1777
1739
217
7679
8276
2706
5216
3893
726
8768
236
6341
5994
9678
2111
480
2338
8670
7886
5168
3486
5776
8736
6432
6414
4385
341
6056
5369
304
2996
1347
6006
862
8764
414
9687
7858
4940
2480
4438
7062
4158
2417
776
3665
3550
9416
3214
1474
8200
9860
3770
3285
2607
7559
7502
9462
2010
2330
3392
2991
2522
497
617
6655
6006
6461
6205
8154
1047
6631
9382
4407
3103
3776
2041
1578
4
6738
6698
1037
3739
6545
1194
2861
3056
2180
6958
4352
2305
1275
5660
9982
6138
9884
6031
9443
604
9805
9017
5215
6134
3488
1560
2375
8117
8950
8417
7836
3927
5281
2937
7573
2588
1659
8083
2716
5045
8284
2691
6483
9183
6380
3569
5345
8617
7638
202
1820
5072
1316
1856
5460
1996
7085
961
2890
4227
5400
4373
7788
7931
2619
9856
3710
3709
836
6200
7510
9589
2388
9009
947
3654
2179
1972
1675
2858
5508
718
832
6455
9750
756
4590
8061
1107
453
7204
6812
9017
2040
9453
9699
6210
675
6314
4195
4003
3341
7678
7554
7070
2316
1349
1339
6595
1096
2561
5954
8378
2129
370
4789
3734
5643
6593
6031
5654
4551
7786
3926
8365
4222
8580
1268
5516
150
5935
1570
2473
6439
1624
9776
5327
2871
139
9122
7873
4209
3174
7269
9900
2085
342
1055
1144
5945
3441
5507
9290
7868
6143
9908
5225
7579
8277
4753
9243
5133
8383
6495
3292
7721
5738
4484
8283
6327
1083
5775
6144
6372
2447
3622
9453
8127
8896
2791
7569
8976
5537
7727
4163
5193
7207
5769
7169
1460
5731
5279
8484
331
8400
1340
5583
8199
9846
6434
661
8624
6488
7558
517
1508
3376
825
3331
8819
1157
8386
4996
5878
1222
151
2757
3951
4934
59
8328
8796
9604
4817
8636
5686
53
3758
6839
5974
1568
7005
9491
662
3990
5212
9043
693
8556
4339
7377
7284
7623
4437
7701
1390
6899
2927
7715
4661
6480
9197
9362
6167
1929
2284
3685
6112
9218
8826
6759
5640
8685
601
8936
2685
2569
7683
558
523
3849
744
202
1800
3548
5426
5657
1053
9869
6089
6947
1998
6649
7347
4803
8762
3529
6435
2803
1101
6443
3474
1028
9683
529
4587
8231
7496
2710
9952
4683
9051
3624
8331
4083
3377
551
8367
1491
6837
968
1468
3687
7501
790
7649
7712
9096
966
2315
3900
6691
7301
9500
7921
2859
7392
247
1158
8924
7552
8536
6653
3688
6848
8512
3857
6756
1356
5982
2264
2908
6136
4378
9829
71
794
3802
2653
2261
7141
1319
419
2692
9474
4266
4162
3970
4237
2688
3335
877
2778
6493
5721
4790
6627
2701
6198
2037
8271
389
1147
8053
6032
5431
7167
6336
488
4900
2333
5061
729
5756
9564
8773
3816
4578
5372
4286
7149
2587
927
1647
4794
5301
7314
7562
2357
9187
3127
9719
4916
3558
2032
3653
1060
1320
9082
699
1302
610
6212
6269
1015
5262
2010
2026
5658
9190
9282
3346
5028
9707
4466
6101
4803
6098
3484
5175
5340
1721
8856
847
3584
855
8764
1023
6074
1937
4602
6078
2855
4072
9126
7936
6163
5824
9395
5271
92
8012
6377
7763
1061
7317
6789
4885
8601
3338
9820
1969
634
2672
2493
689
8421
2426
5283
9831
8724
4837
6675
5259
2880
5274
9176
2418
8640
4310
9641
3199
338
2775
6948
4707
6053
4732
1625
8929
1201
2399
518
4220
3332
7087
1386
5633
7081
1189
4167
5761
7623
8616
8233
8359
1123
252
4686
5864
1379
3846
8305
6552
897
3450
7335
5688
5048
7109
7125
6253
941
9479
8284
2877
3773
1192
4099
6323
5487
3259
559
3970
5782
927
7872
2789
1766
2530
6779
245
2976
9153
3984
1428
139
6139
9879
6774
9457
2547
4620
5023
2899
7332
1332
3735
8938
3679
9307
9546
4587
2271
9068
4365
2102
942
1564
6619
5228
6864
2915
2669
3498
45
808
5559
3222
3053
2055
5455
2485
2667
562
1721
9078
7884
8034
7006
1023
505
5272
4476
4818
9671
6068
9974
8267
920
9393
4315
6601
9691
8747
5940
2166
3118
9470
5383
3493
7619
268
6793
6407
2385
2634
2752
7898
4209
1369
6087
431
697
2652
1306
2678
4550
9434
9969
8968
466
6562
8714
9953
2821
5398
1119
1992
2407
742
4534
5980
6275
937
3367
8684
1400
6458
344
467
5865
8205
6533
8527
1092
3181
6955
9357
7440
1091
9299
8482
4351
8485
8076
1016
7491
6952
2017
3459
3789
7651
7610
4911
5248
7187
1806
7096
4756
1876
4453
9797
8999
4979
8012
2226
7486
8973
3282
5241
1897
6882
7567
7997
7620
4604
5717
8450
9769
5254
3582
6236
4691
971
9124
6018
4158
3773
7712
4655
7946
2542
2747
9509
1567
7950
1872
5518
3898
529
7650
2832
9221
6540
4521
7276
9796
4668
4728
5380
5499
7491
5994
2502
1070
3361
8555
8282
17
9371
2579
6244
142
2378
9293
1830
7108
1746
6150
117
4604
6189
7904
9061
3543
6516
4790
1668
9892
3609
2570
7617
4718
6628
7930
8439
1713
6824
2466
5993
5341
7105
2746
2460
4675
5341
9440
619
2556
2612
7265
5883
2393
3925
2512
8028
181
2782
8281
7225
6871
7927
751
9452
3844
8268
3777
5441
6033
8006
8940
8373
1126
1621
3050
4922
2237
8411
6232
3562
7434
7111
4437
8358
7829
9181
6758
5722
5170
8383
2662
94
3746
7162
5195
7083
2754
368
20
3960
9185
317
3822
6801
9472
1560
1702
7155
6738
7880
6536
5862
9794
7296
9974
9831
7443
3161
9637
5153
3602
9194
7730
4968
2537
2278
2769
7714
1389
1139
2869
33
9862
4850
1020
3249
1071
8592
3378
9643
1171
6168
7894
2164
4488
4162
4169
8485
9288
5404
5986
7255
7257
5252
95
3339
1918
9951
8375
8179
6903
745
8714
5120
9876
8121
4489
2681
5047
1024
4482
2213
3446
8287
7780
790
8992
274
4049
7282
247
4108
1889
2879
8331
9344
1651
1626
6680
4841
9135
2899
4694
6727
9334
6873
6414
6838
891
6654
9068
8429
7563
1542
7631
6944
5351
4578
6158
7027
7811
6467
8693
6955
854
9869
701
2242
5522
1002
2569
4935
94
7575
3612
8496
8302
8751
4328
7613
964
8178
7346
5450
7904
1394
6097
8369
4787
9306
54
3785
9457
412
9973
767
565
2053
9857
5071
3086
7902
7541
4879
5127
2338
3423
2040
1077
1383
7447
50
4409
9547
7965
8380
4677
1757
2497
5700
5579
7908
1308
2601
3585
4288
2652
3418
1217
7771
2396
7370
7677
9067
8402
7907
2192
5240
785
9236
4527
1012
4383
3017
1726
6012
4449
5509
7919
9642
4819
7695
2661
8627
5668
4806
8614
6164
7581
6337
9967
452
7698
664
9218
9029
6417
8345
7307
1421
6664
4408
2032
4156
5251
4294
5782
9721
1250
252
8304
9725
9145
1476
7123
7067
3826
4948
3813
8795
7725
2105
6019
4130
8215
5708
2834
5776
7640
1075
3821
3557
6854
214
589
8528
3832
7868
3175
4918
645
1683
9918
9484
6330
4936
3946
5969
810
2136
5585
6026
5279
3444
2769
8315
191
9834
4879
9807
315
4150
5946
821
6513
1733
921
6535
5105
6497
5315
9751
3676
6910
2301
7689
3016
6959
2205
5095
3936
8726
4974
6997
1560
4615
3292
7666
1231
4455
8223
2183
9565
7558
2037
5343
8876
1494
408
435
6467
151
2830
289
4268
2625
9951
4696
4503
4589
7826
7091
3976
6289
1600
8608
5820
9733
8298
331
2761
8886
3317
7851
1187
4183
4851
25
7034
143
9966
73
9729
8660
3470
4791
2794
6849
2058
1631
7628
8838
8683
8984
2182
3645
7867
382
1422
3364
2013
2730
7458
2572
150
2561
832
8685
728
1958
9777
8052
1040
9580
4096
5770
6966
9244
8344
8786
6033
1232
1707
4734
5901
346
6751
2046
9732
2995
5538
6279
8777
7588
9935
924
6117
8570
2297
2348
6568
1786
7908
6071
65
4881
867
6590
7737
6806
6811
6166
6681
431
5031
8249
6684
3709
3509
3369
8558
149
2557
2673
8388
4891
9554
7675
4774
2189
2017
8423
3975
5033
3687
1023
7765
6396
879
7268
3868
5801
8488
1651
2949
2706
7540
5578
4155
5157
6861
8290
3182
9510
3715
6888
2144
437
4625
6379
3085
8348
93
7220
4840
8424
2509
7485
9441
5377
7319
8864
2979
3383
1601
6717
6537
3099
2696
1191
3328
8935
6716
8155
359
1595
5847
9006
3187
8373
2494
3843
8863
7820
7520
8854
8561
2761
2300
8919
3736
2739
5872
1830
7889
6005
3484
2839
1737
4910
5652
5394
1373
3301
6740
7915
8125
3127
2846
1849
8351
7679
2783
1748
3871
1472
7935
8448
9876
9858
1495
8737
6990
8694
5645
2793
4715
9192
7675
853
7258
7040
7678
3505
4839
6629
4826
7331
1188
223
4347
3883
9848
9815
4630
3045
4289
2701
3934
7367
102
1558
2034
8813
7831
3120
7427
63
1702
3987
5956
5164
4558
1365
1594
7238
9409
5690
2179
4889
6528
4167
3475
4601
1172
5841
857
999
1562
5959
4256
3935
6282
5385
6353
5378
1944
7667
3670
619
4947
8378
1721
1407
7356
9825
9803
9462
8497
1480
1905
7409
9142
658
9113
9463
7285
5650
9658
5712
2364
5217
6361
6669
85
8767
7624
321
2484
6724
3913
7584
3113
7969
7472
7203
5877
6007
518
9413
4249
3587
7178
5054
3529
9893
9938
2713
1872
7484
4159
2483
718
5009
1758
2531
8268
828
2107
2720
2559
1062
5712
132
1723
684
8108
6363
5807
9276
7646
7623
5630
5744
656
9220
8030
1876
7569
5171
2521
3221
443
9397
3809
328
5779
4741
2881
4388
5694
1315
5118
1278
8992
2921
2796
1791
4688
1595
5629
6916
3208
1312
7156
8977
3481
9591
6664
5266
5131
9080
9188
3120
7905
9465
9963
6541
4699
4921
3048
7548
8101
5181
4900
5680
6973
8916
2321
127
5890
6200
1491
8002
8136
8548
8222
540
6471
9485
2059
644
1155
9694
4372
8097
1863
7524
4910
4498
6363
3842
9191
4535
6532
82
2389
7023
6874
2681
222
3694
8981
5078
1285
2587
1952
8407
7682
9492
8192
5767
9531
5422
6318
264
9278
9581
1056
8857
81
8235
6262
5444
2464
2361
3471
4775
1589
7472
6124
5980
3702
5650
4844
4855
6248
6130
3415
9772
7250
4413
6039
5307
2252
5875
8224
2953
6150
3366
1055
812
2021
6254
5488
4178
7592
4166
1242
7455
7097
9574
358
5873
6735
5070
3469
8609
3663
8428
2047
3561
2867
9659
5135
1404
4739
8
4427
3030
5776
114
4586
5330
7488
2541
6719
8322
9971
3778
2458
9582
9588
1815
5037
6876
5627
3510
5243
7128
8847
3197
2268
752
2057
1858
382
3103
7555
9297
3510
4516
2927
659
1140
7854
485
1180
8420
8374
8868
3314
9937
1609
2362
5717
4260
1841
8847
6479
3658
2879
939
3097
3139
198
9367
1303
4295
4615
5745
6673
4387
5461
1561
6335
1745
6468
504
6241
6278
483
433
4696
7108
5955
9007
7396
7792
6211
2110
7867
8414
522
3510
1763
7864
8720
4162
9116
3534
200
8479
5277
6503
1038
9712
5737
7749
6473
5422
5118
1894
1438
3964
5162
9767
6609
1304
2682
7988
9928
430
1056
3451
8365
743
336
7966
4496
14
2023
3110
7399
2435
4393
7189
6259
2393
8389
8148
2353
1946
3639
8715
5033
9882
8571
9951
5974
6360
7369
9525
1890
8129
4993
2805
3534
8415
6531
4650
3691
3871
3707
101
8424
9088
6968
5441
9208
535
1336
4706
719
8016
978
6983
8937
8255
9631
4942
9975
6692
1173
4438
7478
7708
3170
1264
910
5060
5377
6463
7669
1289
2012
5982
8141
3979
7023
160
3089
2400
8724
1971
6999
868
9841
5102
4945
9838
9466
9337
5126
6014
4115
9020
6745
2899
6631
6496
3907
6041
4382
1569
2498
4143
5566
1173
6572
4359
9713
7510
5009
4806
5519
491
6749
9883
5656
1797
4199
5916
8688
4821
218
7852
3767
9803
7677
3402
4
2457
6304
2387
4013
8086
3637
6294
9766
94
8793
1640
1156
5446
62
7646
2188
6814
7062
7800
2924
9263
7550
1598
8166
2180
3477
801
6821
3974
9063
4756
8733
3199
4154
9844
4371
7135
1028
7138
294
2893
2183
5746
7257
7365
7546
4572
9055
8448
1654
7535
6785
5233
1018
6021
1758
1980
4475
8498
5168
6177
5723
4358
3927
1734
7684
7154
1764
8691
4898
407
7076
390
3786
3450
4199
1158
5195
9795
8924
4661
9696
6549
6347
3327
9918
6024
4046
6527
5984
4354
4413
3521
637
6260
2053
1058
5283
6432
6884
4467
3730
3561
8467
4061
6775
371
3328
94
7427
6345
5591
8721
1160
9517
4173
8796
3616
3193
6505
4963
7865
3701
6079
4954
9441
8466
7658
9287
8297
6419
4774
1030
2953
6075
2103
6278
3505
1553
8649
6272
2423
6096
9941
1384
8482
8555
3884
5949
7058
3310
1251
9770
9145
2591
363
6271
9114
8195
940
4249
5085
8654
1806
9950
7676
4674
8820
8421
7549
8408
1429
3329
2412
6541
3560
6639
2979
1747
267
1221
7529
1065
5120
874
5653
4005
2581
3956
8094
6813
7519
6781
8833
8405
9858
751
6013
9346
8767
1134
3262
9645
6458
8069
884
3923
8182
2472
2175
4634
9264
504
1833
6350
2261
9398
4080
8826
8401
4655
3279
962
3877
7125
857
3116
7620
8334
241
6175
8570
1381
4456
4099
8249
6623
324
6888
7234
1064
9993
2835
7885
9420
4102
7459
7876
8065
3487
8818
882
9953
6707
8775
5011
2614
2137
6424
9928
9534
3004
3788
4475
5422
8592
3902
9721
2499
4159
6238
8624
4947
9749
2098
230
9730
4980
9626
8723
3025
405
3425
1837
4785
1820
5935
2334
2229
1398
9691
6932
5924
8642
5678
9237
3998
5609
4963
3516
8086
9227
874
2340
8126
824
8540
736
1281
6839
4136
9349
6089
8678
5052
8517
4912
9407
9648
9193
2436
9540
5596
3162
4804
4983
2489
7692
7079
4168
6837
9575
8988
6923
7008
7523
5739
965
84
5407
5738
3203
8993
2254
8268
1143
7094
7455
4389
2192
7740
8536
8968
7909
9100
6446
2913
2142
1121
3380
1646
4288
3688
4285
7352
4050
9092
4351
576
384
7966
4742
1140
428
2985
5682
1968
507
5043
3631
2097
4627
7560
9951
8934
7391
7777
7542
1039
5437
9210
5601
103
9157
1808
2355
8846
1414
2137
6222
15
4190
6734
3835
2833
69
9555
742
1768
3015
4120
3960
5435
2156
9192
8850
6160
6870
5054
9732
3924
6119
3719
7655
1591
8876
9170
2029
5923
5753
7508
5923
6045
6738
9849
4031
7109
5268
6645
8044
8328
9550
1608
5296
501
3919
5631
8678
8764
3453
7271
9964
3073
4463
8557
8091
5824
7016
9649
3022
7435
6721
5769
5746
6783
9601
6354
953
5701
523
1873
2730
68
3988
311
3096
7539
5872
3635
8909
764
7352
7313
7252
2988
7034
3600
2320
5240
3582
4817
6043
1017
4368
8284
9711
9992
6174
4221
7723
6612
8319
4635
771
6080
5342
2249
967
4650
9923
9766
2429
9574
8780
6639
3549
1113
4541
9908
9946
6961
9025
4999
9496
4402
859
4928
7022
3643
2478
9230
2666
6759
6309
5305
6491
464
6335
8883
3567
4174
1851
4413
8697
9420
188
9301
14
9563
1034
9180
2461
3072
4661
3174
2361
4089
3638
1627
7636
366
3779
3226
6809
7298
4047
4989
2182
6136
3884
6984
1332
8978
8766
1819
7237
2404
8765
4359
4921
1271
1942
5757
301
714
3199
9218
7905
2131
9989
2111
947
4211
116
2500
2205
7112
1362
8748
7176
8172
3304
6572
4924
8842
6286
5382
5029
8192
8050
282
4131
9920
3445
4619
2030
481
258
2399
2628
147
7644
3969
6465
8736
9394
8257
3706
8045
5202
7610
5366
3920
9832
5316
6889
2155
2560
9088
7870
3238
9552
9633
2400
5115
7979
2874
2069
7355
5059
5026
6040
9694
7726
5396
9489
5512
4116
1795
6963
1126
2706
2155
8530
2648
3054
531
479
9465
6472
2206
4818
7689
6441
2912
6291
396
6491
5486
9605
8171
8453
6366
255
9864
1857
7054
7015
2190
2715
5296
9069
1703
8296
5843
4466
6552
9473
3997
3668
1527
1867
3892
135
4525
1716
4572
3345
2021
2235
7066
7809
8788
2012
8407
5837
8531
7128
161
8520
5464
4653
8395
2588
2867
5911
853
2809
4820
9858
6134
2202
6378
2315
3749
7488
7333
2898
4536
4733
3309
9678
8979
5183
2524
2573
2962
4760
2598
6998
9698
6150
873
7421
233
7763
3327
1746
4486
5531
5536
151
2179
7989
1029
9068
6775
2465
311
4041
6360
9580
5142
5639
7917
6387
8965
6891
2370
8658
5523
9120
69
5207
5749
6352
4589
9879
6142
4031
9018
4316
3344
7156
7591
8155
300
628
3436
1950
9606
4269
2912
1010
9332
9324
3308
7775
8773
2827
3307
9743
5742
5563
6941
9565
8064
1753
6027
1148
2981
1280
1300
1793
3065
9660
9238
4958
8389
9014
4137
7339
7830
1729
3029
1971
3692
927
6323
664
3327
9568
4321
532
3196
8073
4255
4558
3821
7085
8999
5173
5463
427
2986
2092
957
4227
276
3682
402
4006
577
3549
7083
5033
282
82
8882
5365
5960
8483
4951
8031
6345
1765
8625
7503
927
7501
1298
8111
790
2983
4857
2610
3198
8227
4641
6542
3510
4092
3927
4215
1498
1046
9865
1050
6499
9556
8041
8482
1053
6931
1041
427
7062
3734
3680
8401
5553
398
9362
1203
9178
6358
4270
474
5605
2441
5257
9184
8575
6208
441
1407
7206
8268
2964
999
9973
1196
1718
826
6791
5452
4176
4472
828
1082
5566
2227
5401
7462
8865
4510
4890
4485
4603
3255
515
5010
8154
1309
2884
6002
5931
2720
3898
6930
5456
6676
8418
1359
172
1329
3513
2530
3562
7579
2575
2086
2622
7496
5034
8327
6355
7331
8759
3321
420
9725
555
4386
3238
8410
5575
7301
4066
7903
2170
1500
9937
7558
6752
8865
6511
3147
5417
4185
7730
6759
9028
4110
7012
566
3946
8103
5452
6007
1799
4758
7564
7039
434
9309
8323
4923
7118
4430
2225
4320
8154
2382
3147
864
6787
998
7893
7388
6137
1702
7756
2976
7550
8005
5782
1328
9227
3929
5008
4365
9165
5663
823
9331
284
5912
8483
8674
845
5649
77
2631
7901
5965
770
2503
5389
5569
3215
1016
3294
7963
6332
4859
2306
3280
9829
489
2657
2017
467
4329
9725
1321
3338
5852
381
566
299
5477
3910
8273
2778
4712
4264
8507
6218
7198
4564
9366
5236
7106
9916
446
9926
508
4402
450
6664
9191
7426
3907
6474
4736
4940
503
7817
2381
1209
2058
9280
6504
1951
3651
5899
6711
3631
3118
8055
5162
940
9963
8101
5632
2118
9042
4222
3125
7588
4976
8496
892
5616
3203
8215
8421
637
8719
6791
3260
8675
5050
2293
7566
4923
1930
3093
6232
8550
4345
9645
5118
823
8370
9433
7540
7313
1483
760
2172
507
2030
340
3021
5329
7062
8479
7645
6340
2019
8328
3851
5361
9337
3997
3067
414
6811
7371
6543
1280
3840
4736
1982
1835
591
5122
5715
3137
893
2264
1861
172
5680
2630
3598
3974
5326
1686
4955
8309
7223
4433
2687
7989
9324
8286
5380
9901
4554
2289
2079
8643
9303
7973
7375
6587
9080
6788
4642
682
4588
2946
3411
5514
8777
1962
3027
1334
9009
928
2387
7429
1888
6662
7820
1875
245
1962
5372
2347
267
8636
30
5905
1666
4862
3844
5643
6735
1956
8835
7376
9469
4666
9114
6617
4558
7301
864
5012
66
8210
4346
3639
3266
2666
3670
6881
1082
8839
8360
6412
3041
8320
638
9391
8262
2336
977
640
8105
533
6331
646
7842
9829
5695
6045
8130
7946
6937
243
9573
6062
7875
3199
9841
3602
1137
4113
9501
9720
2027
6228
4593
9168
4404
3408
3414
4991
2523
1277
7593
8604
2702
8530
7137
4853
421
8426
9546
6030
8258
3048
1790
3177
8499
8162
9968
3281
97
488
9972
7392
713
6728
526
3281
6117
3322
2181
9216
6342
7062
6756
8525
5663
3638
8973
255
5441
9429
3242
4421
9343
4087
2034
472
2381
8546
4980
4668
7866
1210
1202
7381
6263
7131
509
886
7795
6463
3417
1237
7124
4687
5901
5259
5620
4198
8602
4951
3238
2177
822
3746
9395
8563
435
9405
6886
9429
8448
6230
7344
1179
6620
1130
5240
3857
1074
7748
6451
4724
2326
9284
1948
157
1946
5627
2208
1160
2893
1762
4776
5635
1025
2938
5476
4946
1399
6141
3937
8159
6265
1988
182
7838
9716
6707
817
3615
976
6191
2649
397
1390
1679
7775
195
7053
6368
9606
2366
9368
8898
5932
558
9647
9840
6180
5398
7057
4445
2466
8114
3827
3306
2338
5656
7024
9108
1029
3896
940
1562
5769
7341
8102
1628
1667
5701
1642
7822
556
8205
4865
8188
5925
2822
7334
5336
4136
3012
2773
6991
5549
20
2145
9786
6534
8525
6770
3745
1832
3776
4202
5017
7238
9994
243
7933
4827
9896
9127
1146
9956
6217
7946
101
264
6079
4616
248
7125
8991
4887
5417
408
4265
9305
971
6168
1905
3408
5757
2751
7531
2381
5393
8710
1222
1352
2536
300
5807
6774
1832
1763
6230
1753
7391
4744
2861
8602
3985
6125
3933
7803
8094
4724
7123
2732
5375
6122
9240
525
5214
1917
1262
5675
7397
3612
8150
4008
7503
1673
3038
6539
3243
4653
2567
4385
3664
6793
293
6783
4090
2117
9056
2246
9089
1367
824
2097
330
7729
1765
2333
23
8295
7868
1205
4298
2827
8589
4122
9784
7319
8345
6619
7400
9095
7858
4183
3386
2336
7898
7084
4820
8865
4237
4874
8632
4020
6443
5850
1873
8881
9885
9076
4732
464
4905
8402
4228
4568
4497
3839
1765
2937
9141
8250
242
4002
1081
7949
1283
9184
5681
7733
3926
9861
5048
6237
2053
8384
4416
6635
1784
3694
644
1831
9745
5420
8218
4292
6518
2024
1572
7484
6892
2340
9989
8892
8734
8581
6273
553
3181
3118
6749
669
5761
4900
7669
3730
1998
2526
588
5626
4674
6380
4062
5817
9130
2992
2914
5007
2469
9789
7643
454
7440
1002
9197
6884
5152
1859
6413
2877
9886
4141
1282
4777
2460
8116
8903
3837
9110
7395
690
5033
7764
4798
3678
4045
7084
9327
4581
8025
2500
4428
842
7615
7349
4338
5698
2487
3211
9296
802
5615
7096
1906
7748
2653
1577
1991
7027
195
9633
2
6838
7533
577
1738
2442
297
8393
590
5271
6148
2327
5577
6564
8317
7214
2381
3319
4168
8675
1551
197
4242
7409
1183
1815
6252
5436
1075
3149
2006
3378
9599
6925
3049
5566
2227
916
3376
1206
2080
6077
7636
6468
6712
7871
6307
4337
833
8992
6557
1805
2086
5432
3482
6476
7451
2512
3371
7770
5194
9625
7211
1183
9231
6969
3394
6894
5052
6241
9879
3799
2970
3402
7134
7932
4573
1021
9909
4929
5122
3761
6471
636
7175
4879
6476
8668
9815
7842
7598
8407
3314
59
6951
6507
1093
960
1436
965
4778
2596
1760
7296
4703
9250
2870
4438
139
8099
6168
4082
6099
8671
2381
1509
9912
1616
8970
6775
7705
2370
4504
9030
6077
1766
2205
1930
5637
822
4602
9705
7026
7827
9713
5094
5955
8858
880
7155
24
7477
1726
9784
4296
9805
7473
9612
7691
3069
2810
2144
3013
4946
3070
1451
752
8879
8769
7904
2468
7517
6433
9228
7078
8864
2284
2827
1131
2212
7391
6794
359
2310
3901
6455
5814
5503
7912
1236
4629
8619
671
6155
7886
8536
6179
475
6623
7914
1831
7473
1462
7003
2596
3026
2571
1424
3511
452
4602
5750
7288
9645
6507
5931
6728
7939
7584
8138
6469
642
3690
4142
220
2140
4328
183
6349
8586
78
8571
5236
8529
2974
1651
1177
8784
3157
8630
3589
277
9428
4292
5327
832
2569
7976
9090
3792
1690
4417
7821
5929
2926
42
4936
7686
4856
5780
397
8747
2976
9701
1162
1220
8144
6522
2962
9705
7080
3784
7114
5475
750
2208
7079
8472
9542
4833
3106
4898
5289
376
8276
3981
1429
8930
7044
1039
9553
4034
3130
4435
5179
6861
1919
2894
7472
7715
5187
8530
952
3000
8011
1584
6619
4832
8853
3272
4900
8810
6601
3325
6064
1123
2574
1716
9395
5851
8069
5178
5128
7125
8070
2373
4818
8679
8374
3603
6787
8018
5026
9711
7384
8475
2026
4978
5136
6392
5708
4453
6376
8918
3020
9749
452
6215
9710
8287
2363
9097
7856
5995
239
2321
4502
5334
6504
8455
8739
4679
6893
1115
9488
4275
1358
2309
509
3499
6320
5482
6562
2867
9046
3338
832
3230
2936
727
7592
2661
3347
6272
8488
7206
2957
7579
1566
9273
3635
6337
346
446
9665
7682
6836
146
8908
9322
6215
1105
6768
6124
4553
3269
1074
8650
487
5852
2577
3719
9554
6600
2653
8243
4800
6655
9892
5398
4065
6067
8501
5912
6367
2316
7011
4508
1568
7857
8200
9485
8636
6694
3507
1761
5573
3791
5471
4522
1703
5123
7090
1579
510
6796
6543
8344
8030
3002
2872
2422
868
6119
275
3137
935
7653
7095
2796
5641
4420
7508
6515
4064
5056
2397
4029
171
7142
6995
702
2883
1367
1327
7816
4977
5942
7227
4865
3350
1915
1069
5535
3130
6442
8913
2384
1908
4670
1666
3143
3139
830
6405
3504
1527
8353
4915
3525
2671
3726
2225
3801
5328
6397
3309
6657
7566
233
1702
4339
8650
2774
5000
9110
3352
3199
3283
361
6636
6809
4296
640
7521
436
6688
936
8053
671
9480
5340
1908
954
4780
2048
6064
1767
1135
4298
4266
5946
2868
8929
8160
5696
1645
4286
6018
667
749
4319
1714
1147
5132
1114
5160
9993
5559
4575
8863
8509
1985
8358
944
5423
9258
3351
4520
2778
7321
9240
3625
6780
297
145
4602
9067
4014
5627
2716
1010
1795
4615
9386
4520
2914
2092
6859
8882
6671
4792
9592
2574
1937
1207
276
3040
7469
7682
1341
3130
1312
1086
478
3108
6937
5717
1598
4700
82
8994
7081
4935
697
8726
3352
4613
8095
1239
3775
1954
6251
1176
8980
6344
2140
6564
1799
9314
7178
9252
9410
8844
2248
9632
4046
3878
9240
5506
5551
3495
8042
8678
2333
3294
4883
1501
5809
3364
7814
7777
7800
5950
2497
1411
759
3342
1415
1984
843
3128
9365
9234
1483
1890
8835
8515
5997
6645
6746
8812
4129
2369
6220
1035
9582
4028
1156
5939
1191
4266
8203
2189
7162
3193
52
8957
4245
116
4501
31
7077
4199
1634
160
9900
514
9608
3737
990
3094
6850
7878
9640
748
380
1157
6014
6405
8034
5594
7376
3052
7731
9840
7432
2504
6808
5945
2370
9821
7579
7766
2680
4962
7573
4514
9513
7246
2984
5128
2598
9036
2806
1174
6425
9277
1084
505
1026
6140
6703
5879
9247
380
4225
1132
8695
3742
384
7708
3699
4335
5692
9048
3833
734
242
7707
5271
9276
7593
2420
2648
3419
5016
9902
4774
8089
227
9466
5069
2278
7968
7694
5944
6032
234
5447
6234
3216
7873
1450
250
365
5660
793
428
9711
1741
5249
8424
1790
9007
5327
6890
2889
1918
6307
7109
9042
9490
9932
7380
9542
6186
4531
3183
762
7473
1748
9270
9073
9728
2087
4717
3403
3728
8397
6388
1240
9609
3350
8466
1914
8364
7311
430
759
1450
2376
9865
5773
7983
8212
9003
1505
7295
2986
9384
6704
9611
2968
1327
3910
4207
471
3359
7437
9515
5113
3622
4877
8364
3855
2616
2098
119
2391
1256
8715
3057
9395
2102
5007
6270
7141
3877
9226
9252
2022
6744
1909
8731
9638
6888
8307
3267
5005
9364
3319
5650
4240
3878
4067
4216
7887
1166
7500
5441
236
1773
3993
3799
2614
8880
6490
8753
6643
3463
2598
1149
5644
6241
3436
5541
3778
5094
7931
9008
2126
3649
317
4648
1622
583
2366
7763
6652
5784
2122
3808
7008
1121
4565
7824
4758
3244
3380
8815
4434
5653
6216
1085
8096
2873
939
4206
272
5261
4275
7914
1934
7880
6195
3233
2848
3182
2529
9727
8248
7195
3410
1064
7193
3752
7233
3600
3831
2972
303
3113
4231
7346
1477
3674
3285
2243
4197
921
5669
9312
2606
8357
7281
5071
7773
2146
8737
3215
6384
209
6104
8777
1959
6603
9419
8661
6436
2619
9757
7702
929
8773
5045
2131
7920
4407
2145
4675
3037
1578
7172
2516
3552
485
3418
2265
6495
8798
8493
9245
145
6397
8016
8472
6028
6224
8664
7709
5824
3157
4379
9053
4157
7847
8928
6220
2558
1895
7046
7725
7561
9654
1889
2893
3790
4781
3807
8089
3405
8122
4664
