4177
8385
8473
6133
1773
7848
9104
5998
3295
14
9116
1407
3269
8445
6581
8530
1476
3995
8677
3303
6969
4577
7484
8585
971
6251
2415
2272
7932
9003
768
3602
8493
1577
7336
1654
5905
6491
417
3975
8442
1277
7201
6961
320
1406
1136
3851
976
4711
8554
3601
2449
3480
5504
6060
4466
2288
5177
3968
7134
7144
2679
6707
3346
3165
4740
4373
3125
4073
2714
9056
9798
3565
6609
6973
9428
4781
7556
1088
9446
8600
3581
5010
4795
8450
2143
3753
5867
6240
5618
7350
2685
8479
2840
1226
7650
3201
1614
8166
3550
2165
5247
4893
4631
6801
114
1432
693
959
2100
4935
2522
3218
1920
1951
9723
5524
5371
2132
9724
6045
1004
4084
9354
9074
8712
1741
2130
2583
4700
2396
8847
9730
915
4947
4657
910
3096
8886
6664
3592
9317
9331
1391
1882
2793
4843
3910
4786
2185
1457
3496
1086
7133
3054
5644
9574
7947
4479
3302
6309
1905
8700
4653
2918
3563
4837
936
2791
2629
971
6513
8732
3083
9816
8379
7811
4700
5916
7808
1760
4828
2069
6179
7877
7064
7082
9669
351
6085
1588
5171
7679
6017
5673
6540
867
4939
5015
7344
8017
511
2250
5443
1151
873
7946
2913
7570
2779
2067
4812
2210
426
3074
4785
4918
7410
6809
505
737
2985
1216
3979
3528
8593
841
1486
4766
8807
9229
3501
7055
969
5431
7891
9301
645
4317
6053
8074
220
8503
2255
9083
7605
3278
6598
9461
6574
4402
4925
7936
3597
6983
7156
4068
9620
7821
1962
6571
9187
5067
7347
1621
5831
4472
2436
4514
945
7173
1883
1952
7858
5898
5916
2049
6530
3212
9158
8023
544
8055
2293
2847
2179
5966
4368
7400
6286
4300
98
30
9394
1238
6230
9336
8158
5887
1195
7082
3634
2455
1111
8487
4993
2801
952
118
8629
3056
7093
9632
7932
9965
3092
36
6143
7831
5476
391
2116
9912
5290
2315
745
6928
7514
2027
497
8897
8347
7392
9020
6726
3293
8195
9470
752
2822
5792
3377
1662
2903
1059
6086
7816
7374
8257
3351
1672
8837
9766
744
3862
1079
5254
988
9663
5123
8690
8900
945
6793
3130
5234
470
4913
8393
7900
1802
8027
1601
316
522
5537
3028
8339
7019
5080
9724
1854
340
9206
8616
3585
5290
1805
691
3471
8070
7365
9522
9804
3940
1112
9642
7450
8043
6087
4412
9871
6052
6858
9806
7048
1672
7509
8279
1510
2827
1686
4391
8503
2351
5050
7585
368
5127
6655
8278
5094
4905
7044
9886
4428
9518
6893
8261
1334
5289
4067
2625
7579
2657
5016
28
9898
6765
6168
2498
5364
2251
3019
2167
9063
3310
9111
8902
7226
4354
5378
7394
1220
4044
9205
3595
8744
9490
955
5904
6219
980
777
2635
5925
9654
4409
8269
1365
1964
2558
8982
6783
5041
4460
1905
5425
1123
2959
5898
4004
5630
7737
1501
4094
9619
6698
5308
6500
7205
8759
2621
8988
2273
4445
9646
7088
2919
7535
5510
4831
4953
3484
7817
9677
6222
1196
3719
9739
1684
3864
1729
866
7552
985
7433
4568
8179
6904
4822
9573
8683
5
9617
383
5058
2564
6815
4625
1240
2689
3354
6058
9528
8596
7150
2306
9465
7327
1870
9287
5635
2949
1824
614
8764
7429
5372
2614
2046
1811
8716
7725
7239
7896
2384
2022
8205
7056
9537
4874
4860
9217
7359
3707
9597
3259
7082
5744
4836
4267
5433
6522
3718
9177
7291
1126
1045
7314
2936
9515
3946
9248
3074
1235
718
8228
6189
1254
805
2662
8088
7761
5799
9955
7288
9478
3468
86
7424
9773
5492
5281
1294
2424
4272
298
6645
9845
6720
7203
3474
7900
7418
1937
3437
6440
452
4974
1150
1315
8974
234
3833
3145
9759
77
7064
4431
8490
2727
8196
4492
3356
5560
5872
3381
6357
8539
8498
8519
1521
6509
8478
4269
3778
540
6768
6994
5404
282
6134
9312
4589
2305
4728
215
8854
9456
8821
3177
9626
1859
2923
1122
82
5842
6594
5860
9754
7856
4326
2577
6236
339
4192
8546
2295
9923
7952
6148
6283
4491
3064
5874
868
2749
3576
6077
6881
4162
6641
6953
9200
4367
5736
417
2407
7923
2794
5419
577
3229
6790
8981
5572
9546
6124
4239
3259
9420
5600
2034
4965
8806
3706
6270
4489
8595
989
9153
819
6999
4402
1859
4352
9309
2096
5679
1042
896
8234
8220
5408
9621
1782
6026
8765
7221
3973
2103
1444
5369
6852
1281
4573
5278
4142
1302
3598
2408
1915
9063
1345
4338
7898
8683
2830
1555
3318
8783
9349
7500
5896
412
1290
3118
6025
5249
7149
6857
2577
639
3524
8592
7025
4676
8648
8504
6329
9806
601
1278
6999
9553
3103
4840
3774
8836
6494
9491
2959
4582
149
6748
6966
14
6819
4299
2867
3408
2646
6954
6227
5627
4817
8739
7306
8463
9209
8279
4512
9036
717
3691
4805
9685
1280
5276
850
6339
5989
9587
526
4551
2325
1940
4921
9495
9103
6624
6456
3866
8765
8235
638
5551
9166
2632
9060
6742
950
6672
9653
1106
2735
2177
9560
3462
5241
6483
2026
8749
5701
1254
4471
7046
7306
6023
165
3436
2754
3409
6813
3571
8741
5424
9239
9710
1792
3937
4546
1390
3633
7942
1565
5701
2705
4534
6372
1497
5758
7360
1162
9539
20
3151
4271
4103
2648
3161
4222
2414
1105
7922
1398
2976
5363
814
5347
461
8809
2372
3992
250
622
7342
3387
7769
3480
1084
6430
992
3762
1576
7013
4844
1637
9924
8953
9311
3730
4944
24
3876
1342
7607
6758
9779
7947
505
420
8016
4431
5188
1099
5678
9954
6411
3077
2417
6377
2137
8729
1409
4586
9742
8497
826
3852
3768
2137
2353
4317
1037
5398
1793
799
4133
4785
5618
2752
7028
2799
3147
5652
9941
3006
7711
3553
9042
4414
1283
8551
671
8137
1279
4666
6999
6881
9875
7757
8447
1636
1793
4285
7062
7118
6136
4583
270
7292
6577
1495
996
6984
2322
9086
2250
4102
3808
4399
2150
6778
1377
742
1572
4579
2463
9957
1479
4024
2025
8701
7196
9214
883
9045
7983
6387
206
7066
5303
6954
6643
3300
7244
9875
9928
5408
3081
4422
5237
7247
8060
3628
8240
5322
6907
6794
5428
9648
4529
8363
7904
2350
6597
1257
796
602
1419
2184
1415
1884
100
3871
7691
5690
6481
5668
1986
5950
7365
8114
7202
8246
9608
7049
628
9175
9767
6147
7634
6175
9113
591
558
8150
9053
2315
2287
4896
2703
514
9926
2274
8825
6736
8768
3486
5894
3118
4244
7725
4850
1087
1964
5399
7085
4518
4096
530
2142
1489
7405
405
9156
9782
9733
7784
8408
8728
7488
6186
6334
9750
9809
9918
8426
3136
1075
4035
2560
4295
7170
8831
2292
4256
9350
9687
2367
3621
1529
2510
3235
7721
5370
4071
3286
3813
5866
9272
9578
2291
6484
7725
7421
9174
7226
1302
4892
4
9434
3183
3106
4754
2623
5946
1519
3146
8500
4330
3940
6299
5267
8750
6410
7165
1516
3849
9522
7520
4769
8778
1447
2256
3198
8653
8447
4439
7366
7165
9041
9551
4040
3796
1585
6962
8369
3008
2487
3088
9706
9300
989
2796
1714
5736
2935
8292
6983
8910
4492
8667
6606
3587
5539
2772
530
701
9801
9053
4889
2295
9086
1702
2337
5974
8192
7036
8730
3063
9504
9959
7357
1144
8400
4316
2954
31
7869
4543
3360
4715
4410
842
36
8069
6066
4194
1157
2066
3743
1836
9462
1000
6376
252
9306
5354
5252
3781
9566
2114
3262
978
8640
5483
6225
7967
6254
3864
178
5925
6713
2979
1517
7808
1593
7302
5880
7951
9465
5680
4836
4872
1986
8452
3313
805
4342
260
6753
8335
2915
6950
6981
1989
3224
7392
6403
537
6115
3029
393
3527
888
716
411
6547
3871
8265
1913
1630
3620
1002
6652
7556
9682
6768
6351
1750
6425
1544
1626
1535
4187
3349
8489
213
1399
6348
9499
9965
557
3148
614
331
5537
8967
5368
6341
714
9506
8281
5859
1594
7381
5756
198
9975
7903
212
4178
8712
9513
4099
121
5388
8133
1694
6309
6035
3
4092
241
4416
815
8541
4948
3542
3323
4839
1964
400
9333
6300
4115
4493
1060
8312
881
2312
7636
7190
2957
1413
6124
497
7009
1832
9832
8584
9081
1104
6984
8891
1159
9712
1476
4658
9063
9405
2490
477
3850
4867
7878
4742
7969
1155
7405
451
2008
7943
5429
7671
7820
6679
4388
4184
5818
6643
5908
6155
5846
7664
4064
1147
693
4784
3006
9801
9447
9722
9337
7918
6020
1416
6873
8891
3378
1919
9345
1137
2816
8458
7254
5741
1827
127
3047
8587
4058
6051
348
4683
5567
2777
5871
8737
8573
501
2369
6006
2857
6639
2827
1276
9102
6931
2355
8079
1593
8134
4823
9735
622
531
2409
9658
8084
1554
9270
2143
3268
7050
5236
9164
4825
462
3688
7601
4244
6179
8930
8557
6448
450
662
222
7580
6328
3191
8247
2874
9082
8561
5257
9796
3062
3315
116
7494
4181
3112
9431
8763
8445
6225
3859
2903
51
6672
9197
5214
1630
9891
8483
944
8934
2683
3462
9314
3530
1721
5813
9418
9105
1076
8298
4199
1353
8473
1614
3802
7532
9855
5991
8101
864
7381
5538
8894
2125
1211
2508
591
6217
4282
2858
3102
9487
6881
6696
3876
319
4685
1982
7437
8622
8372
7615
3563
7438
2862
8779
6038
8857
3296
405
3732
1783
8310
7006
8737
8191
6476
1328
3259
5801
3530
8135
9037
7874
3450
6041
9510
2297
2743
6599
5621
9814
8740
9259
6036
3690
4213
4049
4734
9266
7870
4514
733
8581
5927
8508
1572
5117
8936
8125
2646
5874
7879
3038
3202
2594
3211
6861
7964
8957
3803
4194
184
8908
9561
8467
8453
1761
2260
9475
7156
9082
7934
8085
5076
5919
2156
9406
4268
5323
6707
5768
8964
2584
4933
1907
112
9523
1383
6183
8073
990
4942
8644
8986
2308
6486
1530
2644
7495
1967
5173
110
3445
1428
9024
1565
9129
7353
1274
7020
3358
2864
405
6968
8879
2968
4779
8891
281
9363
5115
6147
8994
1907
7442
5758
8386
7216
3125
1348
239
7976
7434
8096
9976
5283
3447
5836
1927
7634
2322
3481
6473
2244
1399
7672
3258
2853
8856
6104
9113
9155
9439
636
5643
8846
6206
7192
1227
6843
3496
5576
959
8453
5368
2557
9253
625
4015
3445
8509
7116
5819
9254
3472
4499
403
3222
3646
9326
1311
7754
5254
266
1012
4553
5742
3043
5646
6349
1922
2122
7573
6181
3673
6488
722
4858
2899
1471
8107
7484
4302
8649
2682
3159
2024
5104
9500
4200
95
3465
3349
8630
2052
4798
1008
2991
7854
694
6996
6352
9115
3922
3955
2272
8529
7383
7180
2921
819
8772
1568
2340
287
2047
4402
6737
4244
8160
2951
4672
8145
3689
8428
1759
7928
4048
439
272
5697
4987
1542
2165
619
8471
3924
2075
2797
5125
4730
2545
5115
7938
5938
1523
9620
5521
966
2999
5336
7143
6119
2371
6551
2546
1754
5209
9493
9671
1436
4913
3817
3463
3335
6177
8996
1245
4924
2411
9711
8518
7024
6963
7742
765
5716
7036
529
2723
9244
5182
7800
8264
833
2165
4598
5560
9329
4409
1103
7285
5012
4214
4795
4844
6810
2935
797
8023
4080
612
8076
9215
290
149
4832
859
2890
6466
8809
3817
9062
8393
8569
8264
1576
8170
6610
6800
9223
50
3866
46
3218
3955
8027
7040
9493
396
7047
5753
7108
586
7016
1154
6052
2011
7478
6142
4073
7978
3761
5927
5978
8556
8190
7514
7985
6454
6991
9340
7806
4217
1899
216
6843
427
6509
4614
1354
1139
231
6937
9851
8497
407
1093
2698
6376
930
410
7733
312
9389
6674
9163
6012
2939
3779
8303
5565
7745
5970
6444
1153
9925
7845
7507
6628
484
130
4671
1041
2402
3817
4522
829
8477
7706
7336
5472
1338
4677
6737
3392
9729
5197
8684
7356
741
6951
4551
9411
5835
1141
5860
1790
6364
8409
701
9024
4629
8616
1607
3449
8956
5278
7492
2065
9901
7319
2594
3543
7122
4721
50
294
3217
5452
4259
2881
959
1610
7709
6075
6546
8697
7305
8325
3045
6746
7949
2133
340
2253
2166
7983
8007
1659
9086
7459
3772
6319
8557
6019
6941
4914
4331
1710
240
7811
5155
2254
9757
5967
2851
5467
4794
850
7761
666
7826
2506
600
1781
7781
4531
6224
6728
7321
2149
7755
2709
3006
327
4923
9701
670
4606
2801
6236
7843
2118
2512
2023
8515
1467
7008
3717
7159
1044
175
6703
2905
8397
2865
8070
6812
3824
520
3159
3189
4944
2480
1437
3974
8977
8305
275
6844
6183
7783
3156
1390
809
8350
6081
1462
9585
6966
1950
5388
1716
3142
8922
6030
1704
9197
8778
2140
8999
7972
4001
1327
6079
1440
6861
9466
5699
8931
3536
7560
2049
2146
4825
4197
6192
6865
3360
5289
8470
2506
859
9679
6884
8332
6591
1859
7647
912
8822
7354
7276
5463
6521
796
9271
2560
3978
6796
2287
9653
3121
9176
6114
901
4945
3179
1568
1597
2950
4464
3950
4175
7758
4498
586
9236
2657
14
742
3501
3934
5066
3187
1253
9571
8863
5499
3027
2296
321
1995
6252
73
5743
4059
3589
9390
8006
7196
6645
5641
4064
5917
8249
9580
5818
4601
5778
4212
435
8688
6841
9318
3103
4369
7346
7492
7132
3345
686
1899
4509
1066
3690
5261
8225
2723
213
6454
2616
1176
3759
9229
876
1782
1773
9161
74
4725
8490
9549
6372
3442
6087
3473
5999
216
6754
8575
6855
4731
4404
2647
5875
4320
8133
2815
6595
1084
8218
8699
8358
1528
2654
8357
6616
8014
2895
8409
9128
4706
4895
7023
1991
9408
4524
9829
1580
2782
9497
3688
6325
1293
2666
8592
1016
946
9503
8998
2168
7403
3832
5298
5971
4944
4375
21
4008
3336
7634
2063
9526
9413
3575
8622
3007
4221
8987
8821
1915
8902
5259
4868
5689
1693
324
2826
8096
6098
5341
9507
1876
932
1618
3967
5
7685
7884
7250
6737
8121
7483
2801
2489
7552
5973
6287
9232
9358
2648
2500
1248
6196
7484
3255
3847
4956
5205
7544
7951
9190
6836
3981
1020
6938
6764
6214
4782
4905
7938
8319
3206
3685
2493
2466
9012
6457
5885
4694
159
7926
9433
408
47
7596
2368
2404
5476
7473
7601
9008
5945
4337
870
6101
7010
5362
5451
6779
5635
8610
9837
3456
7819
5071
2365
3701
7453
3587
8451
6917
2447
2283
8624
9731
3339
9874
8348
9055
9187
6142
1373
3252
2625
7367
2361
7505
6189
9263
8899
8962
3447
4851
3569
5066
1476
4556
4094
1359
7302
6450
1419
5491
7748
3294
9217
2394
1513
4218
4130
6701
1352
456
2397
3993
9597
7820
1663
3396
7982
2182
6439
5215
4464
6848
2130
6385
6886
528
325
7957
5316
186
2266
5521
4195
5910
8929
9825
6349
8105
8983
9185
4711
6275
644
8452
4191
2100
7806
9379
2954
7307
5787
7141
9760
1005
1124
3783
3092
3438
3190
7017
7835
4512
6642
5093
5518
8133
4963
7484
8571
2866
1695
6287
5221
6770
295
7255
6651
1491
8553
4593
4678
9074
3413
5354
3628
606
8764
3730
2114
7131
9924
6944
8287
3734
4568
9362
3019
9008
2012
2607
6982
5257
8958
2044
7461
5882
9017
2263
2471
3214
6291
7699
8198
2926
6566
624
6216
2536
3628
694
1157
7243
323
6302
755
3426
3360
2061
3150
1898
6608
1582
3715
9314
9721
1403
5579
9886
8111
4824
4533
7288
4402
2940
1372
8452
3525
172
5896
8845
6473
7942
8688
385
7736
1511
621
4631
1950
4345
2665
7592
7762
1485
118
8561
8962
3265
1724
5123
5340
5598
4058
901
393
0
3758
1623
6563
9027
7775
4051
6968
5638
8919
3234
8247
6895
8559
8505
4646
6459
5746
7294
5846
5840
8755
3914
7438
4561
7435
2893
4037
3869
2170
3177
4924
3812
6479
9468
2071
5575
8290
6461
9067
9947
3679
9570
1635
6073
9725
7548
3581
9446
8556
4624
9521
3594
3342
2882
8146
5311
5228
2400
5965
8424
9449
3800
302
2747
1523
5607
8930
3133
4997
4287
6855
4024
5514
1812
528
7723
7245
9844
4245
5214
8604
9137
1847
1377
4794
8108
8752
128
4899
8975
329
757
5162
2982
7701
5002
271
1051
8635
169
7980
4846
2545
1906
7246
3213
9443
7144
5473
4613
3363
7464
7892
8981
7147
5447
620
6268
6158
1639
3669
351
1132
9702
1778
4344
7364
9716
3077
3981
7188
7486
9979
9484
2235
4156
7215
81
7552
6659
4734
772
4316
2855
9930
8722
6114
9505
1368
7254
670
3065
1989
2803
683
8401
2805
8192
5775
9805
2812
9377
625
5010
3669
7951
5723
1002
9343
5475
6746
2897
7720
5732
9490
6688
9714
8874
1791
4084
4066
3710
4198
2713
6839
5344
6857
9176
5783
6900
6762
9658
3909
9387
8679
4584
1311
8489
5827
9121
3236
1992
6134
5479
8307
4633
5722
5046
6494
7218
6374
7330
2717
2616
5224
1276
6095
5546
2987
8848
620
7847
9433
4542
1734
8142
3001
6019
6013
4672
5417
372
8273
3444
7367
1767
6498
3463
7481
3470
6004
2509
3485
6304
4847
2761
634
4693
7682
1652
437
77
2951
3997
7472
4750
3938
7310
5292
6457
4547
9719
3008
4184
571
2794
4514
5734
3083
1538
8545
9258
2759
9152
7733
9794
8746
6019
5135
8872
2499
1731
3930
563
2845
4747
2435
2525
109
8801
3636
7436
9892
9443
7947
6480
4628
8991
2058
1944
4064
7998
4264
3009
2636
7919
1397
7051
5011
1820
4826
3626
9431
3707
5919
5446
6770
8051
7590
895
844
1849
3332
7170
9926
5382
6880
2256
8914
54
3796
5537
6694
5904
3249
1076
3765
6685
7567
4401
2301
2711
7553
9406
1424
5135
871
2970
7610
7291
9277
8937
2401
2666
3105
1469
4891
4677
5202
6461
9785
3301
8099
8149
1504
9275
4927
9161
408
5455
8647
8711
222
7576
3623
5960
9060
3860
8726
1715
7944
1302
4348
6239
9714
8602
526
7042
7367
261
5332
6762
1915
877
3948
9959
6883
562
3016
7636
9737
8569
4850
4144
5480
8787
1551
5549
9782
4766
7329
9076
6786
5624
1479
1091
8755
4731
9039
2629
208
4953
9852
28
7198
7845
9811
253
7076
123
9438
4344
9706
3086
8979
370
7872
5117
6063
913
9083
7408
7548
4147
4170
5717
1266
2347
6311
5905
5962
618
1432
469
2525
8934
7445
7455
6939
585
709
9770
7687
9273
785
8947
4047
6751
5082
2232
4634
9558
2886
5279
9386
5490
7445
8001
1137
4187
5473
8530
5040
1093
8852
333
5003
4988
5429
4384
2680
1873
5578
6561
8518
3868
8769
9772
6106
5292
9881
9898
7236
9155
5531
2175
7952
9543
9878
9216
4457
3606
2184
6847
7976
9
2728
4053
3178
2499
8912
6107
6447
6791
313
6901
8734
1268
6046
8140
1799
1326
3570
1222
6513
7481
2478
2083
8529
4164
1779
1591
9980
2576
6541
4495
5091
7916
4376
4258
6638
3679
3020
2230
5700
6224
6756
59
3125
4021
1117
1640
3962
6599
6282
2384
9269
654
9684
7120
4338
5262
4190
9289
4431
5758
3414
436
8616
7392
7400
7927
8586
5506
4652
7362
5530
4416
7600
9286
6910
5428
7505
563
6280
236
7170
636
2036
3333
271
5338
695
6937
3084
3241
1094
6403
518
6643
2409
1979
411
7751
7924
2194
7941
9254
3669
7483
17
8714
7565
6468
3758
2723
3413
1025
3361
6431
658
2483
9766
4692
9026
105
3424
93
8694
1587
7553
4624
4298
2879
358
7592
31
3187
8234
7764
858
6981
8187
5019
1750
3658
6361
5450
6532
8521
8650
4891
9491
3243
506
4179
4586
6402
5616
345
3457
2803
9292
7342
5680
1617
5709
4541
4303
5816
639
2737
7709
8466
1953
1341
9853
1673
3732
3772
6090
3722
2848
2102
2731
2002
7201
7611
3201
6104
3582
7903
4429
8583
4186
6466
7502
8838
9299
1307
264
2549
6152
3536
3153
7126
7896
5973
3750
7718
5029
4830
4586
1255
8184
867
5358
1451
7198
3487
9835
4031
2527
724
7244
5313
5039
2992
681
688
8206
4388
9615
8303
4362
7606
6683
9221
3828
1413
8533
7012
2736
9412
9273
1139
2694
7638
3504
9322
9189
3044
7949
4874
1031
29
2100
9143
8160
4267
3845
532
9760
1630
6854
8825
8072
5159
7710
4242
3945
5491
5694
8263
4519
8786
4858
180
6077
7971
4437
7220
6635
750
9851
3807
3770
7085
1127
7837
1615
5208
2805
9189
9998
4619
1250
1847
7334
1942
5887
179
922
3794
277
5668
9952
1483
6146
9404
786
7742
9617
8668
6787
3920
7848
2048
2219
8440
5371
3718
7507
506
3709
4025
4604
6001
7383
6478
8105
8264
5841
1258
5149
4166
302
6430
1775
7956
1620
6544
7338
1947
2776
8071
5505
6543
1800
4883
4095
6962
9410
342
4285
8326
6035
6691
6877
9747
2569
898
7603
6913
2057
8924
9956
9683
3933
1033
2150
4368
3317
3620
6743
1967
4718
3480
249
4926
177
986
8074
3215
4642
9186
8498
8512
2088
9591
9958
4581
3676
9237
9706
7332
1691
3278
3044
4765
6086
6458
2523
612
2105
3212
1629
5005
2328
7572
8048
4978
6692
3386
9136
7108
6557
5597
3879
8764
9058
7480
3371
4828
821
4877
690
9639
8474
2466
7552
6937
2781
5669
2929
3812
8434
780
7314
2937
6872
5133
4345
9295
2215
1735
949
1635
681
3820
6208
8973
2037
6843
7472
3594
6934
6574
6893
3003
9146
4301
3918
4425
6822
4637
5036
3348
2151
2024
8728
503
5699
3226
9528
3305
6718
1493
5228
1618
745
1282
2815
695
2420
8517
2217
1493
4084
5595
6257
7655
5440
8531
4080
2243
277
6582
9105
3127
8586
9940
1892
3851
526
5276
1874
5683
5804
1032
4490
756
9984
3843
9626
9376
5396
3624
3833
4992
2964
3800
961
1117
7776
4983
9995
5866
1935
1860
6563
7266
9247
4084
8538
3961
3579
3257
3449
1474
1622
8228
3667
3677
5620
8420
2020
3594
7400
2761
4870
1247
4664
3674
9346
1713
8973
6015
1107
2450
2374
6012
2726
8424
1499
603
3389
2182
4927
21
8099
4073
2943
2268
7819
2785
4696
2920
7697
6938
8069
252
9442
4326
5493
7540
6231
2792
4267
4830
4107
3296
5087
754
6206
3198
5538
2591
3779
1461
6719
2675
2260
1677
7868
5894
7765
6325
2976
852
6070
7027
399
6245
6449
5209
4208
8603
6164
8550
6751
807
8953
3030
8735
2185
2928
1112
1303
5666
6382
7114
8733
4103
2446
9890
2993
3668
8166
7723
8032
1483
725
682
3512
9288
8809
5885
395
7650
3181
6239
5597
6240
6351
4506
2744
997
6831
6073
8095
7657
8179
3289
5183
1062
7335
3388
1425
1756
4466
6969
1740
1841
3701
1779
4583
2281
9836
3700
7980
4285
5383
5382
2280
9003
2322
8526
4991
3674
5183
6838
9661
3384
1702
4246
3895
5011
1107
3614
6448
896
525
562
6023
6155
6471
6193
7950
4315
3759
5092
2709
7345
8724
5008
533
4061
2469
4008
937
4621
4229
4659
6454
964
1930
8757
8507
3986
564
2012
3219
8997
1339
9034
711
780
7473
4713
7857
356
678
5104
3692
8209
2923
5441
8071
7259
8734
2843
4024
3874
4980
5219
7005
2143
6404
2027
3037
4504
4208
3884
6798
1647
9279
3861
6527
3737
7030
7759
2981
5174
6597
1820
2692
4114
9277
7036
979
7815
6799
8844
8354
4924
6384
8699
2007
2398
7112
8026
419
4505
2506
2112
9284
8466
9070
5591
7491
6213
5290
774
7278
6759
6015
1868
4768
8823
6016
6182
9868
6886
5981
3277
1801
8943
2541
9663
87
4244
4650
2872
4224
3623
8358
3533
2345
4674
3452
5012
3735
2324
1218
1299
3567
3161
1482
8260
1014
8020
4743
1074
9767
3883
6124
8948
8579
5472
3520
6834
66
6535
4974
7800
7175
8152
393
6934
2498
1331
9469
6481
3040
3419
2704
7786
8845
2465
3816
8361
5593
1934
3462
2870
711
620
6031
1811
1426
4098
9276
4457
4907
6154
439
7774
9214
5088
3878
9104
835
3369
36
9697
5360
8061
6922
1854
6923
5251
4829
1358
5692
6328
9761
8500
9361
5100
796
1136
8652
6249
949
7320
8375
7456
7771
3214
456
7218
2577
7103
1855
5480
7895
8232
668
5615
6260
404
5501
179
6127
3286
7541
6263
4221
7792
5097
1247
3365
8142
7156
7034
1488
4530
2570
7759
2204
5597
4649
7426
9167
2230
7691
8499
9304
7322
8024
6324
7201
2112
6921
5717
9456
3319
5463
1742
8573
7919
4178
3816
7711
1297
8541
3544
2831
3308
6407
9753
5038
6173
1172
261
2946
5626
9674
6352
2139
4891
7832
6065
8564
261
6992
8637
1382
3013
6870
8961
9494
2021
4048
5596
1646
3742
2973
1448
6888
714
5794
8899
7239
3156
8479
8254
5168
9215
1521
9025
6310
3599
864
7464
6212
9832
7512
6767
3154
4114
3126
8853
4443
8806
6520
3312
8661
6551
2471
9805
2255
3503
5696
7874
5497
4597
3245
4562
3549
3816
1747
9627
8571
2475
8709
2992
6162
6333
1445
2286
9371
4867
810
6638
2191
917
158
5942
6585
4002
7486
7819
134
8624
9301
5048
5417
1748
7442
2116
2507
7882
9589
6658
6144
3218
8153
8058
5252
3607
8955
5504
3716
4749
9800
1502
9993
6038
4373
5395
6078
2914
5624
3463
4115
8321
1908
1786
6091
4341
2882
7464
3536
5417
3674
5771
4599
7032
3345
7981
2781
3259
7996
1063
784
9587
2691
1755
1786
9599
3537
3115
6200
2234
9864
2277
6570
2101
2737
2955
979
9997
5441
2755
2239
4392
2439
9448
6436
8833
4722
4826
3345
349
3055
4633
7572
5113
2799
3753
8456
4546
103
7282
9563
6577
8242
7911
2429
7905
8753
4369
2884
5678
531
7000
9965
7996
4591
6301
285
9153
7470
7
8085
8000
6550
136
4004
8195
7152
4539
8310
9332
5035
540
4682
1880
1962
7443
530
2968
1000
8975
5235
4910
2716
76
6701
1912
2135
6272
9844
28
410
6759
7804
8281
277
1241
1107
4613
5354
9077
9481
136
4544
7373
5211
564
6852
2205
8684
9168
121
3497
3812
3520
5632
2354
9507
7954
3571
164
8990
5623
9819
2015
4634
7403
3985
9616
3767
867
7089
3084
9027
5763
8603
7416
6240
7738
6900
4072
3615
4538
7225
5714
7483
199
6995
2478
5731
2908
6822
3197
7439
2372
963
4514
3812
8140
462
5681
8418
7250
3610
3155
314
9609
3055
6659
8557
9725
9246
6456
4624
1037
6635
2191
3164
6538
9449
1717
6481
2794
580
7358
3515
5753
7416
6773
221
205
7631
6128
6137
1989
9751
8846
4257
1597
5393
928
3496
0
6790
3586
4818
1307
6692
293
6826
922
9078
106
3810
2337
8082
2492
3013
5497
3356
4363
9641
4213
5400
1233
8096
4080
9933
290
8029
709
9541
917
5731
2857
3072
7065
8777
4265
7848
3350
3450
8268
8943
1874
41
6197
2004
3356
6802
5800
133
8920
9356
8182
5054
7991
1690
2599
2800
4931
1281
306
7005
1252
9507
7308
7600
4370
9674
7931
5289
5527
6672
1861
278
6304
1755
2714
7325
4464
2886
7498
8517
5761
9818
197
1381
2104
5517
7406
1732
8979
8881
9467
4336
5698
3628
1291
8858
4752
6471
7556
6974
9964
6304
4536
7776
6936
4027
4819
2482
9149
8021
8884
3330
3465
4728
3749
3008
8614
8667
5513
3998
696
6577
6162
9648
995
2578
2604
7762
7895
6806
5337
2537
2841
2973
3049
3473
5391
6620
3589
7670
999
7443
3080
8479
3477
2170
1116
5348
8567
8744
7773
3888
3798
8710
9275
993
347
6536
129
6908
5388
2779
2845
1262
8962
3341
2604
7422
7048
5029
4243
2254
9378
1443
5820
8703
3431
7810
1051
2692
6205
1626
8652
3679
4576
7906
6940
7320
5678
99
1664
6749
482
4312
5045
930
7851
6898
6325
9673
3240
7927
323
2157
2866
5466
4371
920
630
3750
57
6565
4893
8052
9036
3040
4554
6828
6407
4105
5760
9079
4060
3911
670
4355
6901
1257
423
2528
8664
4583
5298
1368
4902
4472
7723
8940
2273
1453
7348
3897
3496
9578
8988
73
5632
3557
4153
2837
5776
8743
9589
6008
8889
7263
1251
4479
2640
7142
4284
9357
9978
7245
522
2091
4451
4754
1441
5741
4410
1794
8997
6879
157
1896
7260
6350
7180
3603
944
1891
7261
6150
1984
9130
8667
713
773
8673
1131
9341
1485
2763
8814
3181
8245
9333
5260
7072
4151
3392
1411
8491
1421
893
8555
6850
6737
4343
6325
5487
3508
5481
1232
5067
2551
1040
2247
5642
4761
6587
7562
9540
6797
8336
2535
5709
3223
6824
9686
2149
6883
4026
5326
3451
5633
9733
327
7405
801
8775
2749
3883
2584
8555
8413
9850
1452
3519
7119
9940
6850
3219
417
9068
4673
6526
4716
8191
6418
7626
4148
8262
6727
5711
2881
5544
7093
4414
3477
7997
527
9699
218
4797
4176
2254
1785
8630
8549
2955
889
5868
8085
8861
9219
8507
4013
9705
9230
5033
7708
5630
5995
3879
2632
1075
2703
9093
4188
5961
4600
3701
1103
4944
7710
1207
1841
8693
6632
9540
5700
3720
2360
1815
1861
8315
6628
6341
4454
3575
2754
269
8553
7193
2127
4811
9738
9130
940
3542
7738
156
965
4777
9732
4047
8799
7359
3502
5844
4078
2487
7022
377
7328
9095
7974
5795
6842
2141
2222
3674
8556
3009
7660
8494
2835
9590
8114
2375
988
4607
5108
3450
6032
5710
372
7527
7952
6216
3932
2703
7102
8052
9479
4195
3861
6434
6781
1784
8343
8808
9273
9079
6929
8711
9321
8433
1052
3821
2738
3583
7955
2132
4397
4471
4012
7048
7249
3851
5206
1909
942
6443
1117
7342
6963
1194
1468
1242
7053
9231
3775
8393
6589
1074
5972
21
4613
8198
7758
2756
8703
5158
2518
6601
537
9416
3278
1610
7104
1870
211
9820
6984
7963
7023
858
5654
850
6103
9525
2187
9946
7944
5221
8989
895
5369
9790
5395
5554
4557
142
1436
9936
3415
9650
6061
7615
2458
792
3734
6373
1260
8944
5535
5779
1399
5611
6388
1871
2716
4341
4570
1151
1860
5296
4925
9745
9572
8246
3879
4728
2412
7999
5663
8208
4620
4179
5532
50
2675
8071
3141
9092
3558
4724
2070
8312
250
4774
1137
2148
8094
192
62
4114
5047
8412
5088
7757
6809
5056
1350
2908
2143
909
4923
6187
7496
2112
59
741
3294
8827
4642
7422
7060
3102
3218
7341
4347
3823
8256
1318
433
553
5356
1989
247
3040
7884
7239
1965
946
5156
4226
2028
2041
5235
4342
7759
5278
2893
5675
3935
5607
7041
3881
4506
5153
4278
678
5423
2041
8199
1145
4617
3091
8967
3406
4486
7422
3587
3795
1634
6095
1203
3871
2437
2889
5677
818
949
5007
8630
7320
5401
3360
3589
8119
2540
4705
7751
471
7610
5800
7176
8385
7866
8036
8756
2544
6200
3450
2794
9028
2238
795
266
2518
3246
2849
4043
150
9999
8376
3499
320
1345
7401
3780
9421
5854
6546
7271
2741
8784
6385
9400
4786
8393
8815
6726
3071
7907
5945
3429
7600
7476
5594
8842
8059
8157
3445
6722
8932
9551
7757
7488
2775
1675
5815
273
2702
7125
2199
3629
2419
7156
8648
5388
255
2536
4904
9410
6816
2088
7407
5689
9385
6136
3696
4649
3187
9076
2407
5415
1249
4139
7011
5671
8706
9402
6477
895
8768
2675
3462
7946
5973
8715
7040
8966
8701
4093
1538
2011
886
9934
5343
263
7748
8430
4736
4091
6625
2951
5102
764
9313
3110
6396
7862
4212
5587
7568
6596
5237
1230
930
4244
2368
9912
1405
6699
816
235
8803
709
5749
2471
5198
3302
9524
8906
5280
7874
5625
3948
396
6614
200
7652
6957
3681
8593
3130
4
7298
786
1097
3807
111
4182
7552
2981
3183
8331
9622
9470
4261
8242
2536
1263
7609
8159
9777
4339
6853
6704
3732
8341
105
1450
5385
6203
539
9982
4194
652
1822
1947
5032
8353
9326
7197
5687
6505
646
9124
2643
1751
3758
8239
4805
2246
2340
5847
8118
205
2357
344
2390
2430
7928
874
2585
7976
2584
8638
5536
4636
9356
4164
1648
5852
965
137
2544
655
5363
3661
1012
6082
4388
9314
7473
5769
6106
849
3484
419
9464
4887
9332
6234
5721
765
6681
3497
9725
3941
3815
1257
3232
8928
1795
980
8569
2748
3520
9307
9196
5947
4095
595
6300
351
4705
4809
6945
6257
217
5879
9346
9793
3075
6510
783
6311
2732
2003
8557
6216
6108
5351
2478
9764
4327
638
253
4172
7723
4512
8068
3106
1878
2382
5578
8440
728
8493
4619
5946
9345
8910
2661
1736
1831
6222
2653
172
181
5512
7021
1434
8515
4969
7690
3476
4814
3180
6309
1405
2597
5027
4494
5813
3727
6503
9856
4499
3884
4823
734
4690
5174
8172
8520
6434
3907
3901
5001
2207
6298
3886
8255
2511
96
6259
2664
2820
4718
3523
7622
8993
6561
6552
831
3721
141
9970
3108
8404
3134
3291
1308
1675
3245
7653
7052
8834
8924
7520
8197
8069
9070
8600
9002
779
5718
4794
6828
919
8922
6887
2516
1534
9603
1041
5628
2675
5828
2531
4122
3197
8181
2014
5146
202
3915
3325
391
6205
8837
8346
5094
7538
310
5049
7328
3106
7882
8562
8025
8867
5478
8412
6305
9159
257
9621
4215
5972
2953
7838
9685
3284
5683
8515
1148
7954
7299
233
7261
4181
3428
9311
9120
4426
6452
6279
8421
1081
3807
6462
4085
5066
9255
9527
100
6896
9581
6454
5365
7427
9342
1415
8633
60
29
7743
6006
7913
1145
891
7728
9360
5594
9717
2999
1632
7806
4292
5245
1252
7034
7651
6754
6001
4143
8426
3246
8654
4107
8792
3818
9411
7001
8195
3435
8569
9270
1846
8828
5505
8177
6952
5223
6609
174
4445
6143
6010
774
3734
3613
2837
7807
1796
6182
9563
7284
7306
5029
7908
1457
816
5226
4455
5453
1316
1694
9024
4659
8123
3698
8031
8255
4756
595
2109
2562
9518
3484
2970
3250
448
9289
9330
9858
3830
467
1694
4681
3708
4604
310
1137
7298
745
8324
798
4143
6007
292
888
6034
6203
2215
9063
8740
5210
167
3691
3097
4866
9829
1093
6870
4227
6622
5974
5020
7518
5580
2354
4962
6408
6520
8959
1873
4858
4622
7968
3544
1161
7177
8041
5088
6141
4973
5262
618
1488
6579
4684
4597
3173
2670
5076
4187
9314
2189
2671
5835
9403
522
8067
8513
9468
3439
7585
5265
7443
184
8567
3684
4152
6147
8841
25
7018
9476
8871
892
8952
5893
4219
9235
8424
4651
7969
389
695
1876
8243
662
2526
524
4944
1822
173
1070
2441
3399
2583
7287
968
1077
1545
1207
3964
400
5256
5505
6357
3420
8550
626
3929
9882
9665
4174
7505
6967
1800
8549
9780
7842
1243
8213
3773
9899
8126
7785
5659
3831
2697
5824
6117
2864
9647
1864
4408
2057
777
4024
2366
2320
7071
3437
3565
1516
2002
3564
1497
8677
9897
8359
8295
6146
949
8363
3679
5134
3699
3925
2556
2884
1182
9588
9124
1754
9327
9354
1103
9482
2706
6989
9206
7466
1590
442
1609
3917
496
7609
2220
5603
9149
6155
7279
1163
9074
5792
3113
5689
3953
2037
9904
7459
235
6058
5736
4309
9996
9554
4294
5316
5639
5155
2159
304
495
7358
4706
7922
8256
24
3086
8405
2808
8519
177
8001
2965
1113
6767
2546
9563
4509
7563
8487
146
9461
1765
7671
5530
6035
8272
6302
5484
2752
8670
276
4415
2315
667
8015
5028
3183
5523
5743
4606
2302
6961
1319
6497
8153
5253
4171
7158
6897
6368
8117
6360
3688
2943
9490
174
5089
7762
969
5877
2038
9704
6972
4666
1512
7705
3079
7297
3184
8959
2181
3876
8068
4898
3441
5340
4630
7183
9018
4677
1478
3284
9488
7057
2152
4075
9260
2859
1968
9664
7276
6998
3914
5104
9115
8082
7878
2528
4430
8875
8192
5607
1915
7982
814
8425
4261
4712
5442
4145
7410
6604
9071
2555
3885
8625
4649
4971
8135
4214
8149
1853
1177
7539
3695
9114
8580
61
2587
3843
6473
9350
4819
110
2981
7663
3822
1578
5700
9322
7330
4176
2071
4928
4864
1416
3183
9772
3182
5685
8393
2802
7923
8286
8788
4608
3067
6378
3837
5999
1337
6615
5580
5733
3180
5063
5527
4155
3450
2920
676
4038
8042
2847
3708
3620
4270
3824
6843
2581
2781
7580
2324
1476
6958
8455
9362
4080
6256
2692
8409
2699
3607
7008
5242
2910
1888
328
4085
5575
1510
456
8377
384
1453
145
6871
9789
9132
6726
805
1394
3160
1940
6990
8238
2075
315
6566
4297
8739
3405
5244
8997
3846
7265
6744
8227
8067
4564
9443
7910
5061
9038
1334
4588
6129
3084
43
1998
1262
1647
2560
3093
4564
769
7722
8295
156
1343
7749
205
4760
7511
9625
7426
9292
463
4217
7466
1769
4336
7221
9740
2731
2221
7056
5230
3608
9508
8716
8780
8088
1647
832
6164
7028
5127
59
5072
2871
8471
6915
1793
4546
9400
