7216
2235
3561
8435
3134
2467
4350
8438
1878
8651
9914
9738
7171
9560
7317
5361
203
1201
1654
1776
8575
5831
8708
442
6558
3237
3880
1082
2005
4117
3506
3245
1633
701
467
4937
3349
2900
6759
5054
6887
9077
9285
3224
3364
9599
4607
3870
4148
422
2964
9626
4392
4938
9637
9109
8656
433
2645
5454
2281
4548
9657
247
1972
3331
5678
6445
9905
8870
2458
9250
4250
3633
8923
920
1852
3714
2156
1115
4064
4298
8902
396
6329
8390
8003
3190
7333
9546
254
1087
2982
185
4534
3181
5355
8659
9264
2194
4279
5914
860
2981
7363
6531
6560
1614
6303
2102
8721
1694
4755
8130
4977
2457
4596
4081
5266
5297
8211
6146
1000
3984
6495
5241
9516
6130
6618
9599
2252
3372
7817
1015
6704
7133
5589
1279
4040
2063
5455
3999
6370
3930
4401
4945
967
118
8159
5292
3829
9034
8571
4719
6455
326
4120
247
6576
3609
1367
9485
1094
480
1053
271
6363
796
4422
9145
4040
5934
3106
8064
5298
6466
3389
1627
6030
8405
2301
9214
2912
5333
7380
5108
7919
404
1094
3736
7621
151
9684
9344
2514
929
3350
9991
3200
1943
4456
2502
6274
5552
6459
8174
5861
3403
7420
9092
632
3341
3794
9769
7096
2037
5025
6389
84
862
9259
2944
208
7585
5974
3532
4341
9268
2569
9490
7460
4962
1952
280
8795
968
5615
7132
7889
2890
9538
9968
8907
4112
7123
3074
2065
5856
6501
246
6106
3417
589
7938
5908
6553
1217
2278
241
4940
2361
6486
7915
657
6449
6549
7703
5482
1424
383
9095
9793
9011
8436
2298
2626
8179
5452
9502
2969
4325
9195
4966
4456
3888
3827
6806
8564
5945
9744
2331
8205
5962
7716
6280
7576
5249
1072
3834
1323
