5609
2981
8747
2967
3457
6071
4541
3471
9003
1420
6239
4659
9351
1943
7015
7692
958
1741
9570
1428
6244
1173
8641
8285
456
2750
8098
538
9270
5405
7626
7630
8987
4609
4413
9615
3576
8340
2800
2662
3631
8305
7702
5174
4890
1661
215
9255
4044
8948
4927
3902
2639
784
706
1515
6588
9592
8061
9310
6570
9139
8072
3030
8477
9495
3527
2184
8223
1699
432
840
5821
469
9511
3191
8424
5128
8532
6714
5468
7438
9254
1842
6621
4358
6625
1261
1469
2187
7571
6281
3274
1720
901
3696
9588
6571
6605
7125
6348
1173
2192
3849
8504
3947
7668
6185
724
493
1331
9608
114
9153
6555
9589
9442
7035
6531
1545
6252
9178
4472
9503
2058
1954
22
5904
6931
5969
3122
5258
6370
5888
3300
156
6949
7929
9826
1984
6801
5264
9847
7206
2355
4655
7570
8809
5681
273
7403
4305
2127
3771
2464
4548
1038
674
5470
4009
4063
4877
6251
8251
4757
5784
4112
5894
6648
4721
8164
1537
9701
9187
2820
7592
5347
5997
4255
2100
8512
8111
8333
3929
1802
6640
5231
269
3674
1934
8177
304
2283
2115
8076
140
8713
5632
489
8042
5620
4777
4816
2238
2099
3724
7614
1105
1269
6639
7669
4041
4322
2566
2397
9895
2672
6702
2136
5772
2803
4265
4916
8377
4940
422
2905
2626
9266
2764
738
3805
8621
4947
5992
1373
3630
5087
1738
4550
3261
7161
6633
4492
9723
9212
9536
9213
1990
3321
16
8679
8731
9256
8889
9095
5285
1244
245
815
1171
7633
7311
9763
8472
8276
5953
2689
4268
5631
1611
1642
8304
5327
3183
4881
9807
6356
632
639
880
8133
3835
9057
5927
7502
4150
5503
2539
8167
214
4633
6866
9026
4949
8288
6585
3376
2511
8750
720
6240
9029
5987
978
1125
6219
1197
9602
7091
7196
2211
7521
4662
7901
174
6476
7407
7551
2100
561
1789
6974
6083
7234
9283
9238
3735
6963
4267
486
2648
2398
6935
8524
5827
1686
9679
3712
9970
5016
6028
1293
7963
8493
6736
6074
2098
364
6768
2630
4108
6620
9712
9074
2177
4535
9705
5144
8476
2107
9113
8457
5491
538
3063
4181
4030
7649
1025
5811
4614
6981
532
9201
6091
6457
6455
7941
4001
2540
2613
1041
9096
1824
677
1461
1959
1333
6903
7711
6133
3332
238
2653
8787
5944
660
3827
7017
9302
462
5688
5692
9549
8526
5435
8056
9512
9071
1155
5664
8561
8416
5908
7791
4352
7472
5341
6362
4289
4626
157
996
9347
3853
6838
7069
8940
4563
2555
6344
9338
4828
8451
7896
1316
6334
5903
1958
5263
8491
808
3089
8893
6872
7313
2771
9888
6677
4172
4988
301
5837
1320
1822
187
9436
4744
4
4298
5816
95
4639
2688
9469
9688
2718
2558
2969
5906
9561
1970
2273
9431
3450
3574
846
3374
7977
4725
840
9399
4787
3870
141
4132
3702
5633
4093
1335
2044
262
885
3749
5009
1037
71
6538
8770
159
1746
2791
5700
4276
8179
3094
9422
6462
3672
6014
3541
5251
7485
2321
3762
3160
1461
7091
5249
4648
358
9190
8729
2548
6401
5296
2227
4500
3420
2174
6985
5676
3886
4402
5932
8042
3063
7
9329
4443
4793
4341
4122
1053
8663
8400
349
5519
8361
7723
9267
5525
6137
6554
7007
8664
8653
6165
9960
3370
2209
2680
2389
2007
2144
3943
8452
2327
9535
8879
9384
8799
7446
3544
4333
4280
9356
6758
6760
759
5566
4431
1439
3403
8091
5095
7618
1926
3903
4695
3557
674
8650
1932
9004
9557
3597
5099
5890
479
496
6002
8085
4368
5474
3146
1313
855
750
4008
2711
6597
823
339
3450
2271
1888
8256
551
7554
8986
7194
6046
1969
3067
1581
7793
5594
8935
5585
4328
9448
3214
6803
3662
3697
1106
911
6283
4430
3315
5978
2047
2795
136
1884
1416
8677
5628
5803
8096
2928
4483
1906
631
3371
4952
7280
6664
3099
3621
3533
4778
771
6797
600
8133
9669
1993
6923
1359
6531
8525
6464
5283
1118
1302
8573
508
5584
3923
6250
2739
2757
77
6899
4643
4931
1829
5417
8117
8218
4600
5956
4589
5206
977
2515
2656
9618
6379
1555
2640
6855
257
7533
3286
8451
2853
1018
6779
4164
6089
6306
8051
1107
7885
8034
8919
7661
3973
2444
829
1804
2534
2872
5077
1045
4638
489
4082
2491
3069
8074
1268
8833
1187
6855
5806
8556
488
8375
2345
6678
9458
3735
4548
7407
678
1795
5238
6846
8958
2957
642
2262
9587
9743
2613
2292
6599
7565
3616
1028
9522
1028
8988
4387
4391
7520
8558
8766
803
7705
1545
9178
4097
8988
3019
2957
4556
1848
9877
7242
5698
4831
1850
2474
4610
7453
3235
6885
2498
213
332
6177
1919
2918
3455
4897
9009
3004
3275
2606
5082
8147
3984
1523
9004
3911
5514
6002
8148
8583
7112
5380
903
4999
5176
8990
3767
8837
1648
9375
4865
979
9627
9221
7127
5699
5327
7728
3813
161
903
46
1458
4313
2194
7350
1589
154
5703
1776
977
3443
4370
4705
4207
8633
9696
3396
439
6282
115
4580
122
3660
6402
5206
7454
5983
8753
2595
375
4513
8584
6404
7007
4496
2658
6758
3106
8314
4996
5708
2824
1520
8152
3348
9359
8025
4166
7842
7861
6819
782
3816
1599
1732
7764
8663
8249
606
9064
8911
3067
6417
5312
5346
2803
2683
389
1655
4661
3947
9927
6187
8604
3539
1598
3666
7739
1227
2286
4506
3749
161
4246
9408
7589
8478
7765
9692
3691
6837
2089
2152
9732
2229
2325
9470
2565
9854
6047
8415
2819
9840
707
7647
1537
7982
7415
7246
6039
3218
7373
3810
3068
9658
5342
1760
2721
3088
8009
5993
5561
4583
7032
2017
4600
801
8394
5115
4246
2733
3907
8591
8496
9758
7389
1470
9132
1671
6104
8973
9927
7651
9205
3869
1965
1601
443
5659
709
3036
6644
6194
9126
8904
3672
558
7273
5112
9972
6508
8876
3709
6838
606
3680
9257
9095
9082
6513
8594
357
5618
111
178
4748
8558
1613
9322
2929
4549
5029
6903
9579
3595
7542
8045
8542
5748
8556
9104
5301
7799
9515
7265
9419
7726
503
5269
5318
8153
6210
2722
4881
1602
1683
2482
3749
7899
1327
4714
291
3091
7319
773
8320
4040
7966
2713
2846
7719
8709
8827
6083
4415
8518
5693
3607
7827
2601
54
6639
4766
8005
2731
5921
9408
4791
7769
5636
4215
9960
884
1990
1465
3566
7897
7209
5021
2402
7232
8283
5034
5241
8797
9456
5015
2097
7798
7006
7698
8953
2975
8581
5980
9822
8817
793
1633
6014
6137
3869
613
2795
476
7182
4186
46
7224
6457
2558
1332
4646
3802
5394
7722
780
3074
8309
480
1343
2740
5470
2717
5829
2876
953
1376
8712
2652
4040
8366
471
3477
7131
9420
7831
494
5259
570
5318
5524
2144
9258
176
6607
2722
4844
4122
7660
3980
2664
5788
4764
1244
7000
5868
3752
8919
1583
3093
559
5786
4569
1271
8750
1900
9936
3975
4027
8783
7128
5255
7582
7333
6664
257
2205
1519
261
9596
4546
7664
3933
6065
3835
1248
1165
3320
3518
9388
3312
3835
8550
1467
4500
236
478
1740
3898
6530
6457
1307
2778
4447
9036
6050
2129
61
2489
5708
4440
70
3401
4501
3634
9347
3380
8429
9489
380
3984
3659
4598
9775
9060
9518
7795
4556
2520
5071
3951
4204
4715
2338
2405
257
8240
8315
1689
6601
9078
5566
1529
9276
2227
3214
3707
4613
8860
2935
7641
798
8132
7736
6261
8147
5358
5959
7786
6425
496
6137
6786
7015
9254
5785
3150
5490
9280
6965
6581
5719
5642
1160
475
8354
5670
5937
4765
2635
9735
4435
5159
1184
316
6438
4226
3405
88
972
7901
1256
5354
6013
1495
8537
1758
2259
1623
3558
1295
738
2824
1021
4663
3743
8452
3195
7476
8561
1291
8634
329
2565
2112
2790
8606
6331
4592
4544
5653
5278
336
9484
7291
9521
7011
1029
4678
8533
6341
6097
3809
7783
3654
4927
6705
9062
3942
4156
2211
6018
6841
8053
7893
976
6216
1366
7421
666
2468
9809
2474
6659
3543
5179
9013
4328
6121
6240
3219
6226
4235
390
1258
3161
148
1663
7773
642
3078
3737
54
8904
4028
3376
8624
5049
8851
3955
8654
2199
849
7075
7194
1807
4694
7
1118
550
8574
989
905
2111
6847
9243
687
5002
2934
9555
2943
5671
4696
1221
6514
3271
6263
1103
1821
1315
1412
9056
7683
2742
6908
4442
7131
7237
4608
7781
5177
2544
4277
2880
6779
352
5188
7826
2418
9263
3038
5375
2427
40
2288
822
1449
7171
6991
6247
8353
4195
5969
7506
9634
7627
4680
5562
3599
8378
4955
9641
1514
2952
5714
797
5246
8248
6174
8512
1065
2189
994
6101
388
4233
210
8542
2065
4017
3383
8875
6320
1740
5564
9420
2413
7978
4217
8824
1482
5009
9673
886
8341
4483
1274
2008
2949
4731
3952
6328
8694
8662
6022
6395
783
5535
9362
3362
876
4579
9412
7103
6557
4099
4923
6324
9050
9655
2676
6679
513
287
4208
5618
3822
2053
624
6630
2886
1551
1984
7808
5503
6384
9005
7124
9471
270
6308
918
8336
9326
681
4967
2509
171
8224
5820
9516
6
9980
6123
5496
1527
7074
319
3146
3602
1817
9642
5555
1669
9072
7754
888
4174
5419
548
5242
3177
9164
6909
8672
4934
266
392
9124
1449
7281
2265
2792
9531
69
8504
2707
4702
3828
9842
9339
8574
440
4041
48
8595
9797
8459
5667
7043
3941
6432
7105
5060
1389
2060
3216
3839
9276
3445
581
6752
8544
927
7472
7578
7668
3059
8885
6920
5130
6798
7335
9534
2385
3174
9474
221
4435
5079
1061
9861
9598
4939
6859
4869
7885
1400
6821
7966
4642
3746
2581
9685
2402
2738
8153
7671
8749
4367
6531
9096
9096
8889
9073
6980
425
9749
9021
7110
318
3457
1523
2374
7067
4105
6970
4509
7102
7794
6353
1845
6224
996
2520
6988
5771
9701
3880
391
5699
2720
5312
8370
1394
1397
3613
3653
2643
378
9301
1779
2938
1279
4320
9180
7567
318
8323
4578
6405
2513
5930
3561
1147
2766
2337
424
1567
2782
7904
5884
8890
2875
6129
2475
2204
4919
4767
1093
4548
8681
7741
7831
9307
9091
4863
5642
9678
9855
4233
1752
1687
9223
4227
6031
5559
9060
325
4157
4178
4095
8565
3115
118
7475
474
8567
8345
4611
4428
5689
8703
1095
2554
2791
1877
8178
5959
1332
9165
9775
7841
8163
2806
7594
8528
7865
1047
4139
7240
1200
999
1580
8779
5912
1628
5340
5966
8345
3215
5612
9078
4275
8728
7591
2047
9974
8492
9247
8329
5085
1647
9874
4959
4197
9767
460
9909
7276
7407
1461
1501
1573
9844
8795
6646
6696
5248
4426
3666
5061
816
6344
8355
6521
4596
6174
9217
3929
5603
6208
4122
4747
889
2109
3943
4101
2014
6945
5158
5693
2899
488
1401
2367
9708
3662
6427
8893
628
9522
6026
9520
9490
2441
2070
5917
4999
4862
4388
6803
7392
6983
8047
2993
7102
9315
892
3365
2927
3615
6312
4286
3560
8360
8160
4931
5650
1402
3468
556
895
3799
7562
5134
8919
1396
3059
6613
9123
157
427
5577
1925
1433
2426
5267
8034
5048
3890
7849
4733
6168
8557
1157
8114
8023
4229
3956
3387
4531
9375
4906
5634
6045
6165
8450
9412
7837
6734
7091
6574
4062
4252
5631
9575
4298
2593
8261
4794
6368
7855
9286
4974
7409
9531
6964
5715
5707
6093
983
1644
8109
8551
3017
6707
9865
3487
8737
8237
327
5387
637
92
3814
776
1528
9291
8077
9847
2395
4921
5856
6661
751
2565
6574
3333
2849
5522
2263
7724
6159
6791
2747
8504
607
1398
2206
5966
206
8102
4343
143
6165
8432
3816
8694
3320
9955
1880
4752
6473
6548
219
2360
6633
7989
8579
3103
9759
8272
80
1237
4417
5505
3939
582
734
2030
7504
3972
8830
931
5826
2380
4081
4750
6760
9640
9940
6772
7373
3409
5651
7102
3669
1422
7160
9571
163
1149
1697
8755
4808
1037
8960
1342
2791
2838
7772
3871
1155
4437
5444
264
4553
3496
4388
5963
8586
7298
0
6514
5297
5948
9693
2155
6947
7369
1887
3876
4068
3988
9565
9343
9957
5975
8353
5682
9307
4954
939
6670
8604
9719
6149
5049
9043
9670
6993
9498
995
9898
4271
4016
23
1655
2651
4352
8280
9502
4227
5706
3752
342
7974
7239
3595
9593
4439
1904
7205
4488
7345
8254
7406
5340
756
5017
2082
3210
7918
7375
4022
882
2742
5780
1029
9828
7425
6000
4712
8832
3991
8714
1556
5001
9951
9023
6028
132
9399
9086
5735
6931
6352
5283
4909
5864
7718
1918
2380
9720
6878
4031
4407
8383
7944
5761
7821
2809
9043
8224
5239
5636
847
4664
1179
9280
4622
8091
7838
7823
3636
3647
1287
2623
750
4306
670
6945
2511
9626
2387
7381
1589
5118
8618
2868
153
3674
9076
281
6469
5539
666
3277
8753
6952
9826
5455
886
6688
7940
44
3619
5110
9638
9248
9246
9966
9076
5369
9794
1875
9403
3811
3446
6398
8836
4534
8863
8197
5230
7369
300
9694
3636
1
2926
8190
9262
6042
5147
8002
8355
3760
680
2393
5163
6586
8467
8924
8595
4
1731
8859
9210
8696
8167
918
1832
4281
4235
916
9871
4139
1818
6227
5129
2530
7805
285
177
5285
9377
8388
8189
430
5174
3386
3513
7922
883
6463
7455
616
1847
6183
8514
7639
7803
6263
1755
6320
4020
6124
7290
6197
5236
7593
4910
8452
8607
7643
2767
1717
3355
3306
1496
6300
9713
1422
4899
1690
1281
9627
1485
7574
3410
2427
9928
5428
2182
8215
7567
5184
6795
3938
2356
9257
222
2641
325
413
1051
2859
7790
4812
1839
4201
7992
1643
2350
5033
3438
9912
113
1285
5680
5925
7687
1883
6576
6883
6316
25
746
5309
3255
9384
7617
9533
2333
3490
3396
4622
8195
9184
304
8256
8480
8276
5887
1618
1665
8239
5454
9567
2567
8017
2396
3863
3211
6043
3822
6169
2769
4434
5871
6906
426
1171
9077
8916
6435
7933
4623
5646
8395
9135
1194
6228
1154
1919
6643
659
733
5892
8311
3459
5574
3393
7861
2865
321
1887
2517
4632
8921
4021
7827
2524
2856
1831
1779
3266
613
1944
488
7391
6616
9869
5712
5484
3097
6079
8183
1315
7591
4140
7260
4024
7716
9675
3552
5879
4957
3515
186
1702
9320
647
1896
8950
9446
4839
8785
7260
7784
5014
2149
8486
9549
5516
53
1404
8153
9880
4623
2853
6466
9595
4706
3923
2468
9491
3056
9052
9493
6114
7377
2422
5634
7819
7636
8990
2903
409
6177
8820
5902
5452
7946
8455
6927
4657
4831
5241
3718
1596
1632
8894
7267
7269
4653
2278
9066
9452
3802
7749
5514
8682
2894
6156
7099
1205
6715
6693
2704
3664
7944
4576
8589
3245
4265
981
3810
6384
8336
7093
8613
6113
2077
4818
5837
1677
4289
2295
5642
234
8992
5285
3779
9893
5141
4892
5863
1130
6287
7058
5525
2431
2297
4899
8935
4638
8472
2565
5545
4333
7773
214
6888
1499
5418
5140
2469
1305
3329
8985
3624
7650
504
9602
1393
7449
5865
3402
3770
9694
4454
1879
5401
2828
3274
4561
3730
8738
9242
1786
6280
2955
7450
1855
212
9357
92
665
5774
8123
3203
2864
4536
8295
1301
765
9947
1384
1903
7242
5801
9747
6787
5481
6769
7289
8365
142
8976
8669
6259
1385
7573
5280
6698
1796
5245
7947
3285
2773
2925
7640
2361
9296
1582
5374
9628
4653
6275
8023
267
1793
5894
4031
7643
3084
7360
3915
2375
1422
1367
5572
968
2710
7713
9391
2179
3897
5943
2730
1003
315
9845
1300
7656
4494
6334
1802
1776
6516
525
858
7585
8066
374
1574
5248
9859
4794
9206
9068
1157
2810
7274
2092
3797
8450
43
4375
1554
8151
1437
3762
7296
6827
7652
3603
7420
7629
8895
405
8967
5918
4645
6404
4273
8221
1546
2520
1683
325
3998
1743
4376
6444
3331
451
9945
3372
2522
6587
1716
7359
7513
7852
7624
2339
3978
5136
4576
4493
578
9423
7017
7689
9132
9626
6738
6240
8034
1655
3999
3570
9015
789
650
2883
5684
3009
6983
3682
7166
9186
8209
2276
5376
9663
2534
1312
7643
1
9741
6819
5878
8195
4015
8323
4243
9093
6697
5665
4959
9855
9548
760
1045
8275
5759
5234
2033
6347
6082
8345
6140
6242
5519
7098
409
9214
3199
9734
1546
2763
3079
6419
3296
5955
5453
9952
3133
9353
9962
21
8279
9782
5022
8424
5900
458
9163
4476
3069
9236
4911
8788
9928
8349
929
4998
9814
5678
1543
1146
8349
4930
9666
9473
6163
6374
8263
7763
2928
428
714
6177
2926
4783
9545
5321
2944
9105
7218
7959
4188
1936
1282
1880
1606
4184
4283
1258
9147
482
8001
2960
3399
7497
8322
8418
6355
3261
8928
6929
2510
1024
6396
8535
2423
8846
1008
6029
4644
2603
2200
9318
7410
7428
5838
857
3418
9207
4482
2220
9724
3214
8434
5627
7243
5158
2571
8872
1573
7374
4252
4061
1645
2523
2964
8189
550
6744
6936
2776
270
2235
1538
3277
9668
2883
6296
1817
8552
381
8056
2798
3454
1462
7038
7984
9679
2795
5554
4248
6508
7068
129
9611
5263
2719
5014
7093
2976
6192
628
1775
8384
22
4739
8224
3062
4017
8020
191
6980
1567
1651
4534
2325
1695
2056
1794
9733
7421
714
8919
4877
43
5665
9265
3673
1968
3430
8965
1752
7498
7113
7653
8896
6304
9710
963
1483
9682
8982
6157
4609
6818
8597
9382
6948
8539
5733
5302
2594
1455
5495
1895
9803
1648
721
736
1583
6388
2504
7903
7202
8875
4507
1583
1200
780
4761
1946
6503
283
2689
167
7573
3527
9268
5924
3535
7937
9641
8559
5178
5911
8109
8126
9658
8861
7988
4286
1157
5341
5521
217
8899
4646
7885
4801
3637
8576
1880
921
4223
1839
7385
4722
5106
8773
3635
6722
2634
3154
7207
9650
529
4103
5552
302
3199
9897
6591
6751
367
2336
7923
6549
1327
5471
5732
8398
6339
2590
9469
228
1254
6578
6996
7058
7694
8335
4215
4454
4410
1972
5012
2690
7211
4324
8212
7341
5565
9477
2934
103
6193
4673
9892
985
5112
3354
6324
4986
926
7355
8941
399
9904
9305
5380
9034
1915
6200
9202
1075
4867
6730
8707
1316
2940
5746
9374
7965
3577
7975
4956
8
5823
4740
6503
7624
2820
428
4800
4874
6170
5274
3469
8942
8978
9223
9757
2527
7854
3925
7754
1980
9432
5544
410
1115
1448
7876
6033
4612
1894
3394
6342
5273
124
1004
7296
8725
3959
3463
2877
6690
6986
2737
720
2117
6351
3072
1093
5668
6859
9658
5713
5223
6669
7331
6123
9436
2643
3248
5296
7845
8472
2746
6840
5388
3102
9710
2483
7622
6436
8514
2895
8053
2100
6850
9514
5560
812
1960
3518
7165
9974
2426
1469
5591
166
2461
6522
7786
1408
4472
4930
8387
2772
5331
9829
2613
7399
8974
1397
4014
6287
334
2746
7992
5035
9090
8575
2363
4860
5732
844
2544
3203
7979
4961
6448
681
9116
2236
3370
3477
8305
6776
5076
4077
2706
8706
9593
1197
3584
7448
1457
2909
6529
3249
1166
8242
4293
9331
1762
7587
3863
229
7518
2502
6111
7889
1974
9031
1620
7077
5104
2516
1247
7847
555
6216
4202
1459
8540
4802
439
2626
6163
7153
6478
2760
2076
4334
206
2570
3649
7702
2949
7515
1405
5475
9675
7890
2572
7494
824
9417
3231
9827
6741
6307
9115
9688
896
4059
6081
1339
105
8630
824
4928
7689
7061
5541
5860
6851
6313
9789
1097
8019
8786
3201
221
1426
2022
4328
4777
2828
5163
2603
8900
3912
401
6874
8434
8774
2863
620
7132
6296
9176
6099
9069
6935
6345
3646
8406
6438
3203
6520
7614
8547
2655
398
8186
3370
4355
5277
4773
7044
9695
4025
7052
9660
2276
5979
7529
8594
3250
2530
8073
5945
5420
2538
4956
6107
331
2474
5209
7692
1691
9575
7083
2075
8886
8582
5788
9477
4619
2079
1725
2596
587
6557
7455
1477
4880
7378
113
1287
4442
6039
9206
4623
6199
1104
3458
4617
8573
6254
369
8025
7687
5791
9828
1455
3979
256
4777
1848
3668
9858
1877
5825
2929
6122
4593
6327
9161
4099
7135
8170
553
5710
9479
9712
5851
4137
3970
9349
2548
7774
1810
928
3643
578
1036
7937
1329
6190
5827
6471
8241
8794
6130
6254
2614
9541
2822
4709
2451
9441
7142
4942
9715
8268
2416
7982
5102
8569
5729
1972
7540
6893
4736
5815
3513
3237
8791
5319
5645
7764
1807
2550
7943
3067
6344
9888
7757
5809
6466
9028
7155
3794
5242
6839
1197
5364
3716
8350
2227
4980
9218
3801
8048
3695
110
4960
5286
8029
7594
1429
3699
5623
4289
7784
4232
6425
889
6505
9019
9155
1384
9032
747
953
9536
7577
4235
8171
4905
676
3630
6207
1257
856
3949
7849
1058
3711
8311
1196
3912
8221
3926
9179
7837
7090
4458
4696
8443
6991
5236
3934
4302
7781
545
7658
4700
9449
7569
3604
6481
9859
7539
6380
1131
9990
9231
5311
7934
4154
1023
1992
5333
3685
6011
4323
4023
232
2367
461
6434
7365
9835
9415
6310
3871
1544
2505
5872
8154
6226
740
3601
5985
2390
1280
4987
5206
7017
3124
248
4868
8882
4243
3510
464
2021
7395
4035
8990
1773
7242
3137
5680
1621
7345
3318
4185
8212
1850
1586
8656
771
6974
6670
6928
7515
8175
1150
1532
7040
9676
4674
4016
7300
9091
6239
8178
8345
4656
5605
5255
8711
9636
3612
899
4582
353
9728
4664
4761
6850
7686
495
1911
8023
9866
6197
407
7101
3831
3548
5879
3052
9921
5011
6537
9211
2387
7872
1195
8958
1232
1369
9329
1071
1048
4770
6530
299
5417
9840
9371
9251
543
2236
2291
1314
4714
6884
2509
6094
9514
523
1411
4024
1210
912
6182
6094
9606
2989
6431
976
7082
6662
8976
3855
8296
5681
2300
1233
8645
3093
5135
1154
193
2538
1627
388
1458
5312
769
3271
8092
796
7320
7955
1727
6813
1597
5986
7596
2349
4712
3051
8709
6499
8086
7801
6705
7269
3896
6778
4152
2026
9416
7987
6417
7789
3747
8353
3718
1742
3127
4746
7616
3715
4522
4050
7221
2844
3476
762
1450
6948
3803
3122
7334
6451
905
1135
9606
5361
2492
6568
6246
8212
6281
7338
8514
9066
7790
3980
4601
2658
707
9404
6507
9877
5356
7288
3103
6930
8670
3817
548
6999
6203
7626
5778
2620
3836
6342
4987
9801
9258
6431
1539
6647
4776
9115
5065
9172
6721
8745
7857
3632
7593
5858
3968
9733
8467
282
4691
6403
3999
3605
3884
2793
1101
2598
3995
8976
3923
3699
933
9889
6982
2916
5043
2151
9192
2507
5753
6431
7423
157
1425
8364
8126
8958
1379
6167
4434
9707
2660
2067
4859
5825
953
7566
4485
5627
3334
5316
7778
6216
8487
3886
1590
6955
3897
4792
2478
1564
8582
9375
7981
1436
1564
1129
5557
2150
9321
7071
4926
9952
7045
7477
6119
6913
6348
7835
3574
2364
8631
6828
8877
6747
7285
371
7147
2135
7291
4829
7180
9347
5509
9945
6543
9369
1960
6092
8098
316
5446
130
6251
6749
1996
9727
8629
8888
5339
6675
2933
238
5377
4267
1657
8254
9428
9892
7004
7261
2251
2091
4936
4341
8873
4192
6552
3929
5287
4745
8217
6582
3516
5843
3725
7076
5419
1923
3435
3740
7754
7178
1382
3077
3786
6695
2216
3671
6248
4006
5835
9184
7263
7830
9845
1908
8135
296
8973
5119
4350
3860
6622
4198
6945
6278
3015
6476
3848
3397
9836
9984
1883
9796
6940
9284
4277
1042
4752
8792
9668
8252
6877
741
2825
9810
390
9654
4706
1510
8994
7120
3793
7792
3013
4274
6073
8543
9725
5207
8677
7147
2908
7000
4005
4326
7980
3759
5397
5313
2964
9351
5388
8874
9126
8959
5246
9186
2546
3357
3310
6413
8906
8719
8676
7779
8947
3868
2903
2099
549
8169
7495
2295
7711
5192
8857
1315
8762
2299
5872
7671
1656
5718
2676
9828
7017
1203
7378
1435
7770
2350
6160
3153
2762
97
923
3695
8282
2762
1215
1733
6049
4743
7858
4607
1065
2980
6557
815
4010
6220
2600
1738
6016
6251
449
8943
2779
9572
5289
8129
5843
6286
9883
1942
7078
7785
1690
4697
2448
9775
2374
7082
4326
2261
5082
7556
8127
560
7765
5967
1391
2165
6563
4380
5680
1913
2663
6254
9504
7959
8231
6536
1650
400
4452
5057
7905
444
1605
7732
6120
2094
2047
4164
2663
9398
1667
3213
7603
8608
4468
3110
3037
4842
7379
8642
4589
4131
937
6085
4059
6415
1024
1700
441
7703
270
4405
8672
1053
8815
8582
5830
1581
7902
761
8985
3199
9793
9213
1643
9288
4430
4840
6042
8592
7533
5520
5754
7583
2843
3881
4497
9937
5015
2824
7998
4265
9966
8230
9543
7217
4782
9825
750
7727
9288
4748
6016
9795
9095
2711
8010
5853
4776
9593
2680
1883
9845
7353
8043
7024
1074
5965
7173
4560
1586
3081
6564
9400
4822
1737
9561
5051
4356
3226
181
167
3297
4386
6063
3095
9403
9616
9764
4417
309
4174
2443
7934
6367
4531
3412
938
977
8645
7548
705
9636
7243
8255
1914
4845
8865
1259
6720
6311
5397
4029
5275
7276
8862
3099
6350
383
2556
3453
8105
6377
4698
280
2734
3359
2864
5209
3825
9916
7413
5162
8296
2912
4626
1668
178
2644
5970
3329
2500
8969
7749
3644
5006
557
5380
4520
3580
7225
4126
3994
1481
7289
8593
9091
254
9448
757
1518
1528
5816
82
531
7240
3083
3505
3253
5556
5554
7600
9534
10
63
1743
2933
6996
8984
7320
9257
4695
3227
764
6173
3701
3992
4072
5040
3043
688
4214
4983
5333
5896
4607
7162
757
890
5310
9880
7091
7784
3360
7447
806
9805
5592
1596
7985
3122
8127
5699
6817
6538
5416
5676
1138
8939
785
6178
2848
809
3526
6729
7211
9873
4368
4420
4885
7631
7707
1824
6581
7292
4981
4368
9550
7239
1665
7829
1065
1151
1676
3130
4846
2858
7319
3898
2242
3045
4178
5518
1210
4601
9562
4183
8430
4294
8266
7524
9881
2719
45
5057
5037
9041
8131
2124
6883
8049
5489
1253
4496
6385
4723
9329
931
6063
8685
9579
2826
7131
3855
1320
901
9186
8086
7333
9314
2283
975
9215
647
5470
4983
1135
6831
8380
9838
0
3131
1999
1659
2606
7178
9359
1368
6285
7635
4669
4845
9763
4527
9920
8346
755
4628
4905
1102
9959
5883
5365
4245
2201
5267
3648
6255
2046
4287
7168
3483
5599
6522
7237
530
7318
5435
1002
5824
6658
2851
4456
492
7446
7331
5112
3769
6196
5531
5859
6918
8353
6013
6104
3072
7733
7280
6376
599
1586
2657
9202
7517
191
1411
7062
9131
3952
4007
9448
6382
4579
7463
6931
190
441
9756
8664
1840
542
1295
9106
4657
9480
8700
3638
1970
6040
2307
2860
2308
4400
5545
9204
809
4818
3739
7080
9066
3008
930
637
2278
981
6514
9364
7687
7870
1324
6899
8001
5863
5460
4475
3844
3102
7436
5701
3297
3702
2047
878
9242
6267
5307
2061
8193
6172
949
6701
6066
5066
6624
779
1629
4075
9608
9838
9627
5995
3641
365
674
6608
6941
6673
8307
521
4930
5161
1201
4643
8169
276
4972
1927
6603
9263
8875
7954
1974
6442
1944
9282
5109
3449
4150
6250
9278
3748
2525
8963
933
3931
7094
5328
398
7066
7170
6460
1808
9525
2212
1842
1684
3392
9823
2264
8573
4654
1514
2808
5329
4164
6305
2172
8485
4056
9541
5174
6696
9099
3203
2538
8374
8033
6625
9177
7516
3289
7333
5675
4907
6733
9584
2535
453
9672
3319
1986
4629
9278
7571
1506
3499
749
9838
397
9893
5310
5118
3075
8313
6760
719
53
8926
2641
8776
3520
5483
8402
207
3658
5079
9318
2376
6024
9344
6270
2952
3705
4647
5396
3097
4723
4616
8250
9142
5592
4327
2767
5462
356
9590
7757
8117
2150
1619
6850
4222
7272
9086
6120
9253
8413
9048
9571
3008
5911
1352
8247
7062
8050
9239
676
5264
48
5963
8543
1356
6849
9696
414
1440
8206
7074
5535
5675
5235
7400
7525
7703
743
6490
4768
1643
6329
2547
1065
4029
1176
8673
5703
3908
303
4537
5072
2748
9820
7352
8912
4787
7132
6676
5535
7472
2836
5682
658
6659
9118
1008
4528
3111
3454
8498
8943
5188
2768
7626
363
4162
8161
6368
2386
2280
5526
3777
7887
5314
5148
8212
3552
1248
8157
9752
8070
6411
5068
8921
3306
2834
1485
6785
5942
7747
6228
2443
8263
2358
5816
3010
5085
51
2324
7992
9356
996
7754
6564
338
7380
4404
4547
6597
7079
4744
4222
4792
2659
6135
1612
4442
9644
5331
5902
684
4990
9595
7800
7357
3891
6628
4976
5812
8228
9845
3823
4584
9820
3903
6692
4543
5257
3303
3256
3890
8587
9394
7228
5145
2911
6956
5422
3960
7621
9444
3067
3013
2620
8360
3598
2933
1392
3752
4918
9747
5354
3722
1734
1388
342
4457
486
7194
4706
5818
5383
3322
7122
6334
2852
9196
6064
4557
3380
7495
5232
1989
2763
774
3202
8846
4032
3971
3169
3241
154
5518
4216
7813
9987
91
3668
8045
6399
3285
2309
1265
373
9586
8558
7680
428
8325
636
6559
4497
8330
659
3352
5908
5538
8227
4050
339
5355
9049
4489
6942
9738
7186
9850
2666
6504
7963
4558
4177
2663
6085
1280
3846
8303
7828
6236
3142
7769
8774
7285
890
4455
6896
5875
2393
1885
7027
4184
874
5441
2094
926
3912
1995
717
8878
8654
8360
4815
9455
6241
257
854
3914
7197
4563
6104
9590
5384
5675
3170
9220
546
3280
3899
3657
398
476
3222
9843
282
6248
7394
3850
5002
4308
9180
8949
7044
3968
6260
4726
1332
3737
9341
1267
3551
5443
2077
9906
8628
1311
2340
4336
8942
1642
5002
6542
6183
259
5809
2200
8503
1238
3306
5459
1994
4425
8931
3475
7967
8818
9694
8454
6716
4851
5180
5057
9999
1395
9544
6773
9584
2490
9745
1580
5362
6169
7663
1478
6056
5284
7783
411
6292
173
8825
6092
3722
62
5239
4075
548
771
3440
6323
911
9937
7082
7606
3490
791
2733
2225
5118
3904
9516
2478
3601
3393
2959
757
8821
9845
5884
7935
7877
3459
4341
7018
5824
7800
9434
9266
998
9543
335
4562
4015
8730
3256
4422
7595
5107
6048
6940
6740
4675
1433
3831
8192
9414
1294
7632
4994
7274
1397
7833
1760
5322
5696
9071
9871
2923
4466
2108
4186
9362
8191
2117
322
1375
1340
9495
7391
907
1685
7657
2677
1545
3325
9358
5954
8364
8736
1513
4611
709
3013
3325
3366
1063
8111
4384
7626
1210
6083
9452
9811
6743
1923
6850
7722
8342
1417
5691
3457
6114
2479
1308
3284
4662
7435
5717
6715
6775
6617
7030
2748
4829
752
4622
2205
6798
9766
194
4695
3561
8767
2039
7590
9804
5393
6620
2093
2195
5475
3414
3990
3086
8979
9433
3927
5485
1383
6656
3008
7690
4716
4298
1873
6707
9242
4673
7097
2323
6057
2904
1049
2445
7308
9024
7863
6084
2075
7911
7534
2121
7134
8958
7794
433
3637
2005
6721
6482
6742
2373
4341
6091
2174
473
9078
4125
8408
4826
6973
9178
6347
8950
9188
2121
7709
396
392
6626
9094
167
5232
4108
4287
5573
4568
17
985
5186
5158
922
9498
6982
5037
7708
7395
6983
5680
2063
9869
7516
4222
71
5857
7680
9995
3521
9142
4895
8592
4924
8325
624
5481
7521
2825
4239
4188
5264
8579
3094
7594
3640
2601
9447
5709
3747
4862
9929
6161
6636
9805
6172
2655
6206
2879
7386
4596
2778
1596
5821
2753
4692
7214
2839
8316
2603
9633
8098
9635
3715
2166
5252
6448
8385
1463
3438
2888
754
4469
7921
8670
9928
6717
1326
5445
8674
1001
6057
9186
1703
6450
9513
3296
1823
7475
3951
2716
9102
6793
4816
801
5614
5143
752
4254
4120
1414
765
403
8286
586
5797
7563
1320
3759
8405
5667
8697
4898
9872
9513
7453
8156
4552
8560
7745
3641
8475
1727
5823
9527
5197
7353
2005
6010
8238
5543
3441
8124
8216
7153
7947
2
8600
1021
4431
2329
3494
5998
1925
3023
5474
4813
5903
607
9037
2485
7902
3956
7873
8024
226
2510
6206
1535
5356
3635
5171
3823
5489
7260
677
2983
4941
6768
4958
2726
4897
5759
7253
6553
4300
6436
7285
2210
8673
1086
2237
1428
4346
8408
9604
5275
9081
9235
9287
153
8743
517
2097
1562
3547
9003
5878
3657
8168
9690
2619
4843
4707
5075
5861
1753
4672
1957
4940
1516
2232
7021
4316
2753
9929
6408
2777
6428
2826
1385
7692
9064
8377
1285
8910
7020
3620
5324
8143
7578
6480
7538
7027
9649
9385
3115
5531
6274
870
5926
9420
5903
6872
7616
9485
9727
5535
665
2338
5903
25
436
9920
1459
3064
8119
5165
3401
399
7651
7413
2558
8073
5149
6523
1514
8773
6107
2282
3671
1586
8634
2007
3919
4115
3692
8182
9139
800
7055
4453
5064
4585
5624
3112
4171
6871
5055
4274
1893
2320
6356
6316
3386
3206
5359
6118
1196
7966
1845
695
5036
7112
310
1939
9264
479
1588
9960
6160
3407
1630
9476
779
1326
5898
4439
8599
5081
5697
817
7157
3196
4275
7112
8498
3837
6412
599
3305
197
4399
5222
2086
8732
1422
6066
8134
6832
6092
1770
1931
8098
921
8005
780
9709
7421
563
600
1603
4272
7134
347
9286
4757
5740
8393
4688
743
8916
1367
8816
9052
1419
1225
482
4534
1546
9862
5993
1080
1406
2855
9787
1142
2635
4943
3209
6821
1437
7701
3306
9153
7629
8108
115
4685
9389
2339
9349
2629
5184
5240
3922
2832
7849
8392
8749
4946
3502
8770
398
5661
5528
8153
1807
4327
3738
1480
5095
9990
4076
6224
272
7960
7891
2876
4854
9328
4814
2102
1582
2058
32
7074
4560
9872
7909
4888
3299
8421
2882
1087
7188
2366
6510
1829
4738
7025
9063
5403
8778
2981
5122
5725
4874
9721
3155
6319
1507
8385
2885
6787
9776
8154
5046
6792
1933
2351
5154
3980
5190
1348
3755
4961
526
6512
4658
6542
5641
9575
7476
3788
2934
7637
676
2417
6764
4839
1713
5978
3423
5876
4820
1072
7423
8009
9192
2589
8046
4385
2069
7545
7068
691
1867
941
5121
4773
1160
4600
710
5231
999
8719
2016
5546
4117
9887
8442
4008
7665
7743
493
4749
6415
4545
9695
5066
2104
2727
1846
1626
578
3618
3991
4486
760
2853
4144
6691
2758
7208
1981
683
3683
7033
6939
2265
1050
700
8631
1406
7671
6003
3090
1680
9499
777
6740
1026
2060
4089
7145
2735
5997
2908
3932
4016
9957
910
3759
3757
782
5426
6516
1968
7020
2332
4939
805
3191
8812
1641
8477
3399
4347
7985
3890
8540
221
7666
4725
5287
2166
748
339
7193
4458
9631
8422
8134
749
3123
5768
7332
2089
2334
4482
7606
4621
8533
2562
6672
6642
1827
235
8918
153
1599
1686
965
8368
5020
8871
1022
4980
2354
6570
1259
2161
8357
860
127
1044
863
8534
6766
1793
1423
2020
6869
448
1069
9396
6584
9187
6744
4026
135
3394
5102
5601
4396
4903
7944
2123
3187
310
4672
7961
7910
4884
3967
7094
3380
5177
1623
621
7966
5487
3146
9932
6574
5258
4902
448
7700
8322
9997
2592
9182
4859
6037
8437
8402
7302
3240
6198
9708
4976
8953
9635
6511
3800
4052
9416
2954
9710
8144
8737
8280
3127
6485
9052
1923
717
756
4569
6023
2387
887
6878
9903
3046
2725
5560
6142
2592
9586
9260
3035
2022
6145
3324
4842
6160
439
2869
3955
4217
7998
8500
2
7292
6322
1993
2202
5198
651
3028
5574
3003
1048
7611
174
1433
6020
2797
4850
985
9656
7985
3718
892
9949
1032
6714
3441
1004
6802
2661
2380
5860
220
8637
2163
9510
4806
902
9234
9185
3235
6005
9310
7077
6746
7087
7111
2086
7993
3507
6598
927
377
1536
2678
2656
6172
2276
5935
7558
1555
2355
6333
1254
8284
4544
3455
4981
5465
3387
6827
3095
1804
39
5535
18
6734
6263
7091
7918
5711
3140
5578
1563
1975
6973
7544
5599
7643
9868
4541
9755
3996
4081
8622
1960
5433
8109
2773
9987
5828
1213
9983
7171
5106
7153
6115
8131
6844
4024
579
3440
7347
7818
3211
9568
800
6610
2630
7917
6793
4213
6175
7645
7376
4947
9173
9247
8069
6665
9272
5796
9740
3169
848
3976
3625
1671
6846
8412
7416
56
8777
801
8041
985
58
7970
8520
8849
372
3582
8267
8052
970
257
4500
8637
2709
7695
4566
7528
9517
460
3541
2025
724
43
9222
7916
9938
3152
230
7514
3499
3892
7238
4372
8157
2325
6707
4512
7174
4855
5620
4573
2146
2956
3452
1588
8337
1563
4608
5469
1687
3871
6355
8955
6686
9279
6316
8965
2406
2549
8569
3490
6956
4254
9565
5904
8952
8717
6612
6817
3568
3052
5160
2339
5914
7040
2988
5019
5135
5751
9637
7389
9995
577
9145
7306
9665
7560
5855
2454
2812
7758
7990
1652
224
6129
2194
8289
8446
6094
9441
5290
5542
463
219
203
9463
9074
5896
6277
1650
3176
9067
4939
8861
5957
3676
3914
2851
891
2388
8098
7016
2830
8673
9701
314
8036
4281
8490
7876
8027
2844
942
2764
4870
9058
5657
8972
5286
259
6984
2350
2273
7461
9757
7168
7457
6464
3551
5062
8267
9326
510
143
618
7406
3463
1328
6185
4775
2352
2413
7866
746
786
5398
6149
4016
7504
302
8271
5986
2248
4342
4566
2888
3124
5240
5399
6281
3613
2816
6477
961
5486
6037
2151
4928
3232
2325
3476
4879
8343
5390
6269
6558
5512
6745
4655
9833
4933
4176
7011
3705
327
3744
1420
22
3655
8938
7101
9482
3705
9124
292
6321
4421
1869
4567
8317
7555
3869
3993
902
3746
3386
5529
4318
7318
4599
2520
5922
1724
5927
7429
8924
2554
6911
4502
9829
9400
3898
7045
2409
53
4502
9317
1539
9368
5643
3343
487
5620
9532
4013
8926
9030
3062
5458
4156
7246
5605
7669
6045
4968
3382
7080
1390
1686
4023
9081
8457
6092
2299
9284
9848
1175
8489
6578
6890
9866
1812
8611
5811
5335
4182
7572
685
71
3445
3356
157
102
215
2505
5472
9054
1074
5922
533
8878
4828
7384
4596
9942
5185
494
6923
5666
6083
6354
3162
5953
1292
1175
7188
1
3583
7600
7862
4088
5500
955
9844
5105
4290
1800
7423
2273
8942
261
7043
8150
7554
4791
3356
1979
1089
6199
7048
2058
9143
8455
3639
4703
6198
7215
3008
2436
9019
7160
990
6142
7022
979
4295
4115
8472
7015
636
8695
5599
7254
3244
6642
