4412
6201
4854
3260
5902
4777
8037
9111
7895
6300
3590
950
1473
9945
3188
6313
7569
1047
4584
1119
9228
6860
5639
3612
9789
2102
1013
855
4319
4677
9543
8030
3524
3252
3302
7286
3560
2722
6320
8002
8224
4977
8
415
5916
9803
3261
5787
572
7867
1432
1232
2878
9151
1328
1904
1205
5272
7176
2478
8917
3227
8535
9159
91
3192
6968
7083
8458
1380
8552
6508
3280
1189
4972
4466
1607
5289
5141
8840
9831
5779
364
2758
1688
1812
904
4332
3318
7234
703
4184
3389
7063
6184
3013
4164
7401
3470
6800
3782
1617
4017
4039
571
5659
3015
5089
9077
7785
6048
9476
7206
7571
7223
3991
5679
1807
8548
1300
243
3545
6782
5033
8027
4447
3950
7340
6978
8620
6079
7801
3424
463
5617
1257
3140
6407
4636
3584
7915
3773
2178
7347
2653
6046
5613
4597
3190
83
3880
2701
674
7935
6794
4005
3730
741
8124
9153
1627
1188
5916
297
7645
1792
6954
7557
7985
5997
6432
4917
9132
970
5358
218
9089
4296
3619
6228
9666
8406
7992
9641
4630
8235
9862
1215
7046
3918
2216
6
8642
7813
539
9397
5025
1305
8993
671
9301
4354
5749
5778
7517
2372
9321
412
7796
710
5356
3049
118
5035
4551
7438
5139
2414
9030
8908
700
7951
6340
9009
203
4564
1087
1856
9007
2766
6602
4795
1348
1546
4785
1323
2961
8975
7671
9645
4187
9467
1756
7528
9671
5413
4410
5214
2205
6462
7663
1471
6712
7674
9093
9589
3850
7796
396
80
3436
8659
201
4478
6274
4503
6631
2917
7309
9471
5116
6081
2218
235
647
6149
4137
2521
5285
415
2648
6975
5187
7117
3245
468
5486
5878
7522
250
502
7639
8091
4811
9057
2442
6835
7232
9692
1028
180
3080
3100
6252
8214
3355
4306
5795
9615
1420
7644
3572
7640
4628
3881
1162
7696
4944
3845
5560
5993
7193
6642
6633
5104
2956
7927
469
6907
6710
1474
5356
3963
4894
2346
834
3473
2463
7248
9239
3885
7920
2147
9874
8817
6961
4994
4745
2564
9156
4988
8688
9442
9974
1459
3867
8081
1033
623
6914
1486
3359
1567
8352
3190
709
5211
824
5345
2601
6901
8469
5064
8746
1277
3563
1271
9339
9572
559
270
9459
2264
256
5313
6916
8541
3329
8447
3189
9885
8229
4352
8015
3047
6917
376
4368
4131
6752
3304
6592
2629
3472
4756
6766
9952
9269
2286
4149
9553
9424
5345
2544
220
1454
5018
3383
5221
5727
8161
7526
1349
4418
9813
9816
2252
191
4485
6357
5285
9936
5516
8773
8709
877
5764
3120
6669
5218
7898
4787
8032
9407
3810
6241
4126
8317
5681
9188
3758
2568
5993
2590
986
9309
7650
9665
644
9985
5730
6790
119
4187
271
5246
6472
5087
2412
6307
5403
1496
4384
3162
8978
1202
1556
7256
1776
2705
4154
6110
1788
9873
171
8098
5953
5707
6601
8363
4898
1088
2179
3305
315
4965
8855
7710
1218
219
3665
4397
8029
3962
2850
4686
589
3338
8284
5675
5207
686
4057
3706
9396
6557
8252
630
4190
1838
7407
7500
971
5023
939
1456
6166
7106
4230
2986
1256
197
3447
5265
2086
9437
8885
5153
6340
4478
8557
2060
3879
1352
6162
1451
3560
1505
639
1790
2021
1612
1688
8664
9233
3684
9135
3664
2732
1063
2914
725
8749
2097
3633
4418
27
9379
1661
1338
6011
9312
172
7536
5748
3172
858
2949
4766
7073
3097
5934
5097
760
8617
4450
8858
5600
1474
8909
5056
9350
6318
5732
9173
8722
3428
9910
3664
2945
3503
8874
9831
7892
3421
123
65
645
3827
3773
2746
1409
206
4826
1808
5030
5540
6990
2458
4666
5721
4619
1992
1637
9869
2250
4469
4429
8707
1311
1993
2188
6205
3991
8123
7504
243
3233
9700
1326
9474
5702
2494
7076
6049
102
5564
3322
5454
7328
9027
7972
2871
1886
838
2743
7013
9211
8191
7349
1267
8354
9753
4871
7820
7940
8539
5382
7106
7590
9775
4917
6491
3908
1440
9439
5718
9014
1313
5577
1260
9486
5387
9747
1713
6650
4367
3744
4633
8268
4617
1343
4519
1059
8293
7542
6193
4326
683
7626
9535
6253
422
8126
5762
5948
5811
9589
7826
7037
8229
6549
4976
7385
8629
4282
6202
8802
2182
5172
653
9264
7959
6111
852
5750
3649
6221
9310
80
6432
6130
1310
364
1263
5371
1356
6274
8156
2443
2297
7409
266
3396
1983
9047
4229
8734
871
2540
9057
4264
4820
3900
2699
4328
9085
9039
577
2880
4297
4743
9533
6288
1666
1637
7292
6081
6555
4569
6894
4789
5518
3060
5606
2793
3742
6347
9888
3027
2699
3819
7602
3230
9908
7651
3227
5055
7239
9458
969
356
3092
6222
9959
3672
9872
2750
4610
3237
9332
7717
8781
4982
3605
9003
3963
4696
2015
6762
5849
9629
3723
1890
1566
5356
6096
1897
4586
648
4453
3411
7404
7643
2309
2025
6592
1487
9691
4601
4981
7690
2860
1002
1517
9763
5604
5355
6429
5381
4280
9607
6356
4079
1051
1334
6169
2117
7532
5939
5229
8055
2812
9717
9199
6331
7070
7917
6558
7801
8391
4171
9161
9140
5461
6589
6690
7312
3980
7158
482
1028
2395
5206
422
6334
3966
3835
822
701
316
8404
7238
3615
8320
8478
6422
2007
7141
4749
9236
5450
1178
6425
4593
4775
2901
5826
33
7424
9652
1201
6572
7754
4350
6796
5490
4621
200
9510
9963
9160
9012
2193
443
8596
9892
3936
9925
2211
5276
1902
1383
3605
2869
9637
6467
8087
1054
6124
1069
4280
525
8816
8944
297
1972
765
6764
3761
3070
2441
2490
6298
7288
3277
224
6476
8444
8961
7583
8419
3273
2419
6121
943
2303
5716
9361
5352
3494
1535
7499
9036
3758
7302
7218
935
768
8683
376
5998
9412
6713
9320
7432
732
8572
2983
9065
6830
3
201
4700
2127
2048
9392
4252
2090
6522
8736
655
6879
7088
1549
543
1529
8409
7606
6919
328
508
1275
5479
2157
3945
9672
9476
148
3075
8022
2623
2443
3419
2679
4864
7057
6458
9328
399
9338
8010
3011
3854
1263
5058
2009
6710
4178
844
3951
3677
3199
7684
3192
4177
3709
5919
4400
5556
2564
4310
1536
9172
681
1581
8493
7109
4885
340
5787
3741
8084
7674
2655
3451
4425
1225
115
1285
4974
8898
9346
8301
9736
5526
8739
6992
7482
4926
4530
2459
8944
6855
7961
5898
2140
8461
5791
1870
8158
2115
1063
6889
6331
5213
3641
5225
2192
4954
6525
463
5888
9697
2163
7980
7913
6582
640
7479
357
2041
4963
3149
5149
9724
5334
8949
535
8655
5040
5279
1504
522
4391
3272
4804
8262
8723
8476
6314
3848
1213
3849
5133
9259
9830
9532
8965
441
7684
7099
7781
3126
5271
1310
4189
9225
3402
5323
7071
7639
3701
1244
2974
7630
6687
9534
2067
1483
2145
6153
9258
3048
6326
8071
7337
3541
8910
6595
8944
8162
3698
3456
7067
5447
3762
7987
5253
4673
217
2653
1063
57
7858
3721
8558
7377
852
3119
3243
9758
3241
818
2099
7341
3724
8396
5607
5588
225
8036
702
3158
4766
169
7934
8385
9591
2270
9561
7832
8904
7234
9716
1128
2763
315
6147
666
7833
6302
4160
980
2381
4509
1915
7916
5492
2061
1643
4954
7441
5779
1779
9400
5821
8443
8415
7465
4491
3141
5693
7907
74
5340
3209
5018
1283
1604
8209
4906
2850
6224
6391
1313
418
4429
5093
4631
7361
8654
1386
6764
4483
4676
835
8908
1954
1210
837
1649
7138
6171
9046
7429
8067
1840
3531
2801
7488
7082
2972
9303
7252
9480
1364
9097
8716
4294
2853
9285
1463
7746
2360
4110
6282
8268
7282
7383
865
1673
5874
2078
4304
4212
7110
3826
135
1298
1325
1043
5556
5184
3368
8245
4178
9195
6186
7456
6191
700
9039
9927
107
1694
1016
1843
236
9293
4052
4524
2734
5373
7482
420
3832
4708
9699
5535
395
6229
4596
8082
8291
746
25
7591
4576
4765
1374
2970
4366
6899
8358
9700
6176
2982
1903
7233
4651
1501
3565
6272
8526
3002
6050
5958
5344
8287
3359
2719
1186
4334
1092
8227
6371
204
6483
9201
7714
1377
7587
2107
6606
7007
416
2253
3738
1325
4944
9435
6956
1743
7649
8902
4772
4851
5117
9594
746
7626
3311
5495
2848
3696
9584
5546
8262
571
346
120
8525
8556
5902
5478
4419
5045
8784
4392
2445
3432
8192
4884
7955
4183
6196
9634
5972
2493
7136
2931
6379
5703
520
1098
3737
6145
6716
843
3458
2505
7474
6351
9444
9426
2754
1745
5361
1576
2346
4360
2142
2522
450
6914
2323
2089
1658
857
4291
3851
1039
2388
5654
812
1820
4093
8530
3987
2877
7546
3673
9996
4943
3994
843
3463
3828
8399
3291
5996
5202
178
447
5096
5851
2231
5026
7273
9319
6398
6868
915
7085
1235
9809
4476
1409
1059
7710
3018
4327
7003
9247
1303
9750
4158
5142
2798
8839
5843
6711
4789
9660
3497
8663
4758
2766
7032
5858
5228
9071
1414
9611
22
1631
5698
2798
1659
4569
4544
7234
1739
3661
9042
5274
8270
9801
639
5738
123
9984
7410
3095
8135
4397
8098
6055
6808
1024
9161
7208
2372
262
6900
8476
2907
1880
4406
7826
2942
9114
9737
1136
4138
5460
5714
6572
1621
2669
5839
682
2852
8450
912
7536
4118
8279
5792
6245
3665
2644
5310
3463
4663
1441
3484
7356
4900
9740
2851
8145
5335
6359
4993
9726
8555
1215
993
6042
2736
5558
5941
5643
2651
2834
1537
8453
6007
3823
4135
4548
8230
7103
2379
8357
7240
9778
3363
7918
9302
6481
2125
1246
9660
3331
3197
8959
1057
5923
257
1864
7636
7625
658
6079
2868
1972
4521
5724
7132
9273
2492
6600
9018
1189
9412
5588
8139
798
572
2406
6212
1080
792
31
8319
9236
7920
3640
5024
2883
3719
9834
403
5400
3068
6124
7813
1435
3628
7639
6955
1945
8146
5238
4178
2313
3693
8457
1412
7658
9532
2985
2116
3032
9272
9254
4230
5725
414
8971
1470
9348
5176
4675
4099
7736
8614
5733
6272
9035
6702
3115
3783
195
5230
8529
2690
1951
1066
9944
2296
3560
2742
7690
1095
1538
65
4360
2852
6962
3164
6878
6509
8489
3878
9064
7591
8446
7013
767
5001
8585
2563
9084
5156
7724
8291
2541
8093
8076
286
9093
6377
1021
2159
8333
8692
9165
3191
5592
2669
790
5341
7029
5922
5991
8774
1757
6099
2108
2268
7004
230
777
4847
301
6647
1782
1381
1614
2105
6644
2671
8787
941
9678
7145
2310
1981
3643
5709
3548
3238
8623
5510
9922
8752
2833
1532
1542
5084
1223
7472
9667
5353
8670
21
3524
1970
8310
5433
8777
9943
314
1183
5239
6535
3645
6923
5418
2167
2496
921
5542
9105
3040
10
6571
7052
1756
3691
9351
5956
996
2308
4165
7590
5837
1403
6803
2331
7457
1154
17
9070
9059
6579
9813
4363
1072
7702
7756
2581
3809
829
715
1172
3037
2237
1875
5482
4635
5305
3619
545
1941
9804
5191
5427
3577
51
4095
4500
6713
213
1530
5168
6930
6640
1617
2141
8777
1744
4160
2844
4401
46
287
3922
3338
2068
5663
4477
6115
3113
1791
213
8240
4029
6910
7713
5383
722
395
9891
100
2885
7993
9649
3548
7992
4318
8481
9902
8269
9611
2896
3333
5665
6805
6575
1483
7122
9185
6794
9096
3038
2495
902
9320
1498
8781
3559
4122
5772
3949
4123
5780
7510
7457
2647
8100
2784
7250
9388
2993
8176
6463
7781
3633
7752
5715
6335
5204
4172
6575
9509
1069
4926
8327
2007
960
952
3433
2935
7287
9397
3703
9473
2430
189
1862
7524
6175
3356
3567
5040
4232
5085
6530
542
296
6632
3083
8390
2169
7925
3517
9393
422
9707
3898
9293
3150
362
2053
9014
5089
769
9118
9575
8631
8045
6876
6285
6528
4591
2698
579
6374
3833
3352
6687
4622
1733
7666
3417
6494
8881
5469
4563
1832
3403
845
9882
1108
5012
7109
8520
5677
3988
8054
7138
1010
5435
3704
1093
2316
5087
9718
6232
14
1767
5539
414
5896
867
2651
4538
1959
453
7701
2335
8919
6256
6212
8452
8600
4699
9069
9216
9422
2210
8770
8247
8114
1018
1165
5745
4150
4239
89
2387
7110
7372
1257
6989
1978
133
796
2735
3064
4340
8392
9704
4918
1535
1571
1981
637
5650
7745
3
9641
2367
4600
8041
5741
1422
1503
548
1395
850
5781
3064
3041
8987
7422
3248
5479
6145
9367
6299
7253
9635
6379
5443
6282
5692
2686
9355
5895
9678
1158
5316
5905
2174
1786
156
4469
8476
1059
3508
9623
7662
2175
2444
3635
9096
36
7901
5204
3337
4705
2258
5922
5589
6432
3876
6054
4539
3560
9393
2985
8994
6447
3208
9195
5029
6349
9428
288
3032
1963
4915
901
7397
7419
1809
9104
3176
6545
7110
8580
899
5774
3736
7539
9055
3773
1342
5455
6448
4678
4675
5497
147
8177
3955
6123
9894
6949
7414
4849
596
2222
1893
4961
2028
6892
8477
6459
5998
3784
15
428
5729
34
3874
8477
4771
4357
9622
5496
1310
9276
4870
7370
8899
9630
4233
2164
7319
2053
1988
1516
4374
4237
7296
6592
1672
3911
7843
3306
2494
7133
6830
1647
8665
8304
2850
6210
1144
7917
3936
7622
3947
4750
188
3264
5305
6092
9117
8554
4906
3234
6372
8212
1058
9838
4774
1334
9531
8240
4839
7536
3245
7973
5797
594
253
4653
9710
5511
623
3128
5199
4252
569
5615
6235
5743
5126
3823
9524
82
3508
9120
5624
7135
4971
2804
5627
2806
1882
9899
2973
161
4655
6803
4616
8152
6274
1629
4585
2416
3006
3898
2264
5775
382
1733
3573
2859
7809
73
8545
1824
3817
7235
7158
8432
2261
5187
884
1988
4920
5372
3594
9457
6454
1147
1805
6310
108
3348
3831
2258
7801
6711
9359
4738
6028
8898
5040
1608
9851
2448
393
7847
845
2031
3441
3451
6021
2079
4213
9077
7723
7222
3808
3780
8361
1825
2262
6784
8367
1093
7452
7231
1267
8148
6215
8122
8920
2939
6831
7322
6618
3895
9184
7916
5284
7975
9406
3844
8878
3821
3714
3517
6534
2591
37
7454
5945
8474
9255
8681
7022
3126
8493
6141
2656
884
693
2475
4359
9827
5447
6101
2257
6098
3977
6034
865
4369
1231
2943
3812
3824
7246
4975
573
4025
6444
1683
2012
4377
9797
2437
4575
2537
4716
974
3237
7979
9500
7000
5307
112
1370
6013
2517
1206
5418
6302
8602
9807
5370
6640
4076
3020
4878
6960
8355
6616
1961
7719
838
9730
1716
3865
181
2019
9551
5784
3573
7405
6946
6805
1241
8548
5646
4038
4041
2902
516
9539
8914
6357
577
5595
5114
3574
4870
9491
3646
6530
7472
2222
6969
8682
6952
2585
1395
7495
6136
6733
5477
4047
9896
2343
2132
7108
7781
8004
8194
3110
9038
870
4156
5401
7610
596
3824
3681
3945
3597
3808
2057
8885
8524
4188
6564
9252
1384
8079
3387
2653
8227
3976
52
773
2530
6562
483
6677
4523
2306
5211
2490
9962
8222
9533
7336
191
6053
3521
1228
2161
4958
2675
6844
2918
1728
6436
1741
3738
251
9313
6034
8444
5842
7249
7691
5129
1318
6727
8161
3552
5584
6663
6604
1284
2890
5062
3808
4176
1418
5003
4578
9764
8700
8609
1258
6718
2555
4062
1591
4964
5756
9374
2361
7998
6248
616
6287
9745
1476
8626
9325
8005
5006
9905
6426
6071
3013
4344
1156
7467
7445
8065
6944
2522
2014
3946
8946
649
3361
2071
8213
9642
9302
7462
5911
3659
2925
3823
452
6317
2911
3865
4878
8367
4128
3466
7590
6200
7635
2359
857
7252
6313
3609
7946
7990
488
2945
5160
5131
2965
9842
3148
9967
9294
5148
5569
6969
8453
3113
2992
2705
9884
6736
5702
5874
3770
5143
213
2475
4408
294
2132
1343
91
2039
4403
3052
238
9897
3632
4521
6219
8115
639
8616
6165
69
9882
7915
5461
5019
6948
8467
6688
4171
3083
2451
881
8093
2618
2931
9944
6202
8808
1568
4942
1949
8929
9169
6692
4087
3326
85
7944
4735
851
648
1218
1478
4213
8900
2785
7959
5095
6084
3677
7917
7024
9348
7657
2496
4026
4740
8999
3479
2153
4844
8279
8209
8405
3977
5838
4511
4534
580
5199
7816
6604
868
9656
4528
873
8378
8060
6723
91
9211
1832
6316
3881
7947
6004
3922
4376
7891
5001
8305
3947
1045
3257
5590
7702
4583
4095
3476
1677
3323
1476
6405
7214
223
7771
9850
6055
5712
9514
8947
9973
5657
1573
3290
3370
74
5912
6329
5818
4356
225
5852
4322
5856
6904
1793
4214
5455
8765
3484
8278
3804
7212
4087
316
4014
686
9143
6932
5578
5135
7305
1736
4693
3064
6939
5959
5206
1049
2568
386
3498
2037
731
7395
3122
5721
6965
9530
2598
9930
2169
4869
9453
2346
5508
4570
1844
8839
4170
8261
1964
1856
7355
4713
4497
9701
629
3285
708
7194
6003
9476
5674
6887
8227
6944
2173
2207
6134
2741
5024
4699
528
1902
7344
739
3951
8462
4918
3128
9208
6556
6986
353
3660
8396
4865
4032
9338
2470
8006
9919
5999
2086
439
7549
4232
1775
7366
2383
8264
1820
6160
3844
9076
997
651
970
1948
7274
5896
3399
4053
9071
7543
7157
1697
996
6426
6860
2031
1712
1938
9565
1679
3082
3638
8233
1374
2067
1778
4364
7279
4883
4315
2538
7419
3902
2688
3716
2015
6163
685
9238
3188
6817
3273
7792
8988
7862
2400
7023
232
710
6843
6279
8743
2132
4634
2000
6680
1632
1219
2394
8768
6685
1316
5375
2695
2622
6869
6323
6637
3164
2793
2218
3754
4150
6675
870
4595
9814
1334
7867
5321
1420
2180
2482
1851
6185
4312
9702
2603
5882
5119
8286
2302
2303
208
4551
6717
3479
4381
8558
4041
7482
8673
5991
6972
5107
1961
9565
7962
2151
2512
886
5685
3654
4083
1745
4528
3549
6739
271
5115
1926
2312
3852
4030
5229
178
8680
8465
591
6827
1894
392
8529
8457
3233
9180
9130
1487
2278
1523
878
2211
5106
7186
6408
4538
5912
1929
7060
8080
2543
6924
7206
52
8854
290
762
4191
5701
3511
8809
8357
9986
3180
372
9316
7740
1870
5313
4554
2455
2676
3247
2755
7156
4290
519
1919
4172
9370
6961
6338
5722
1410
5680
6981
7250
7856
9227
2091
5490
2322
2297
7342
1731
6571
5864
8935
3371
392
4138
140
3939
448
9165
2291
7344
2761
7862
2917
7665
4536
985
2942
5971
9920
647
2161
9892
6140
9076
3576
2914
9143
4467
4841
6463
5240
6305
661
2612
7996
571
4714
63
5996
6925
5608
8858
317
9177
8400
3209
4629
5215
8807
1520
5195
8895
7931
6335
8728
2648
1245
9771
7994
9084
732
9977
3688
9842
8642
9402
6799
6407
2216
8286
6986
5203
7557
406
592
8436
3507
4458
5320
8377
8594
371
2615
3260
3414
7703
8778
6156
1740
4335
3839
7062
8506
2550
5933
2576
6660
8752
2197
1267
874
1268
272
7618
95
3864
8727
5835
1668
2168
8274
2440
5795
9234
2296
7314
104
4193
6309
8804
1433
7091
8858
2807
439
9689
5278
7711
8572
6987
8785
145
4084
2550
7633
5327
5705
5108
5798
8274
2726
5542
5081
3011
3309
5871
6178
8598
7956
4448
6781
5315
1161
5019
4958
5298
6839
2167
7964
6338
9889
1600
5145
7719
2587
7847
626
4062
5256
3757
1089
9277
9709
8104
5168
492
1204
4687
6776
6682
1933
9576
9687
1934
8192
4764
9632
3179
3902
4195
7036
1678
2709
1601
4719
3799
4353
8124
3094
8258
4127
569
5100
2881
6877
8290
1051
1160
5374
2775
8479
8836
697
5390
2070
5961
5489
8008
2388
7430
240
1825
915
6967
5308
2083
9208
1895
8603
168
6433
5040
883
6314
3226
1425
2762
9162
4750
9834
9852
2969
5659
6871
1275
5765
5710
9703
6321
1139
1950
8856
944
2198
3109
8432
1707
1162
6168
3514
3758
7184
4279
4476
5159
1270
8160
8257
7320
1889
6254
7047
7204
4666
751
7943
9527
7746
7348
5133
755
3603
385
1395
452
6661
9348
158
3861
1946
7362
6388
4108
4871
9133
4153
928
6063
8498
7045
3947
1069
1262
6867
8922
8813
6449
6664
241
4120
6347
1198
6555
2171
6114
253
240
7443
4102
3221
8431
7831
1323
7626
3258
1297
9222
8268
1425
3130
2547
3297
7495
3809
851
2866
7665
5256
5027
4687
4781
4220
4327
9135
2911
9567
5733
2201
2486
1843
9918
9288
765
3764
4776
2542
7917
499
9190
6440
4303
4123
9977
2490
7152
7122
4191
6631
8446
2494
4618
6062
5663
2065
3308
8548
1264
5234
7422
6107
459
9161
7904
7676
2514
5303
4746
4774
8583
7040
5489
4338
8318
2390
5142
3106
8026
8019
1432
6998
9892
3314
730
9387
6923
1915
2047
9729
2629
3161
6817
7527
275
9482
9409
5925
6466
931
360
7605
6942
652
2076
4974
7409
4239
7311
7231
2185
3801
1265
1957
2696
9322
9302
9241
1285
6575
5475
5801
5647
217
9873
817
1266
4505
6819
4774
4066
2299
8964
7391
9204
6428
7978
2624
2925
7978
2568
7812
9217
9638
1487
4918
9901
9448
9475
8876
545
400
1516
2049
9253
4932
1843
4237
6780
2811
157
9364
278
3012
3828
88
9807
2388
9760
2955
7573
8906
8964
8069
5431
817
1541
6238
4376
66
1670
8680
3571
3170
2638
1420
6201
8815
9723
1888
8997
1763
9264
3890
3713
9923
9690
1636
7409
5302
3152
5780
4813
9509
5240
8518
1629
9564
9815
6528
829
6506
1600
8594
3871
2442
2206
2624
7423
8926
8797
1213
8770
3029
1666
8021
5048
8506
6362
3335
5840
9305
9456
5774
1050
9117
6313
603
2232
8427
1161
7921
6894
3221
8792
9948
3961
2988
1919
3582
6444
8389
6428
984
421
2726
9670
8529
7182
7918
1946
8246
9103
7342
7715
3118
4896
9720
7864
2537
8508
2706
928
1589
8770
6423
2785
9372
5525
6603
4869
7357
4611
1944
3597
7685
6035
3545
2320
1738
2615
5667
3148
5412
2273
6363
8702
3048
6530
424
1356
4450
3022
5782
5567
6047
6731
5364
4782
6709
152
2651
1573
7199
857
3899
9909
8600
9297
2323
1060
8611
8105
7373
7109
5109
108
6164
2915
5328
2501
2402
8951
5756
3728
5387
6234
5236
2493
4208
6996
9595
3972
3440
1618
2185
4162
2881
7413
8837
2465
2295
2951
4993
7477
2495
6681
4493
6947
203
9576
7097
4012
5450
5343
7354
231
8179
8837
7512
237
2542
5543
9218
9230
463
5584
3742
4193
4528
5076
5057
1960
7274
3132
8263
7138
7039
9916
6288
7978
8327
4097
7527
9836
308
1254
9568
7800
7156
8965
5230
2047
2020
9402
5566
3402
8988
6099
179
3707
9210
9348
4079
8027
1326
7544
2794
4194
6688
9361
2338
6389
377
6544
9504
8249
1780
9248
5875
9893
3586
5021
6187
6070
6100
5378
8323
9837
5401
5648
7388
4531
5685
3626
3475
8412
3082
301
5342
9289
1509
5566
1960
4583
2791
8587
5814
4406
7614
4051
6949
3988
960
8129
9298
3815
516
5732
5494
1353
7373
3514
4972
9085
8147
986
5409
1665
3775
8625
9366
988
7443
5925
3397
6694
6901
6965
1422
7687
5350
3281
9564
7671
5362
2950
249
1925
2246
2625
378
4419
4185
7589
5720
5359
969
4984
3405
4316
3572
4312
104
2158
2063
1258
3724
9749
7509
2611
1195
6241
9648
5407
8506
740
4077
671
7858
4725
159
7008
8979
6416
5171
6262
5092
3770
2251
5496
8459
1459
682
8980
6805
7092
6299
2323
5507
9784
8718
6295
8306
679
159
8241
4293
6749
7908
1152
7585
5146
2404
8084
3061
1458
1151
7872
7700
8565
589
9917
5632
9320
1463
8699
1140
4146
9372
9586
13
5667
8001
2759
5255
3086
8121
8987
4848
7736
924
3597
7643
6297
743
9792
8228
7679
7616
9431
5563
9073
1475
9404
3502
9345
8846
2384
999
4651
758
1868
831
2458
2260
2183
8397
9770
3488
7792
2848
280
9320
9083
4948
6821
7309
713
8468
5769
1738
9135
6189
1989
2449
7769
9515
9937
2564
1335
2227
5459
9821
1077
3227
9649
2123
1081
5913
9326
8089
8134
8103
7440
413
1613
5440
7027
874
2739
3018
4262
3954
973
8656
7154
587
7175
8314
9451
5004
3493
5755
9648
1541
6753
8375
9068
793
547
223
1615
4729
5295
2778
8390
9805
9271
7074
5030
7425
8705
9817
8089
539
1236
5046
5183
7797
6492
3135
7925
1691
3421
5492
9907
6386
1172
3318
3071
5874
9320
3026
3120
8658
3567
7998
269
4223
4718
2591
147
6616
8665
8324
5637
7241
9016
1779
6830
5746
3866
190
50
2676
3235
546
7394
9799
7905
9452
510
2907
3389
1015
3093
537
9660
8822
3273
9812
7669
3066
4413
7922
653
7297
848
2017
7662
8877
7843
6840
8998
7996
7702
5979
9387
1032
5025
6778
4589
397
4062
8231
4884
7858
5268
818
7528
2374
2429
2338
3072
5017
2297
1858
1986
4628
9340
7878
2921
997
5571
1993
9764
5099
5604
5461
7690
1867
819
7949
1036
9325
9665
986
8451
3334
1166
80
1305
8930
2607
2029
7619
2749
1243
2670
6683
2959
7695
4029
6637
8306
2802
4458
3127
2753
5602
3573
3123
4607
2989
8854
1425
6496
4748
1481
9613
6856
874
3625
8705
9678
1154
1256
7363
2381
7702
2424
846
9255
1356
5225
7950
1686
6195
2463
7573
6929
5955
6655
8955
103
3186
8839
3730
7195
4915
6119
8855
2604
9049
8368
6180
4863
7418
2279
3795
2171
5758
2933
3213
3793
2039
4014
1121
8854
8170
6700
768
3391
6411
1464
8756
9080
7031
7877
1457
9057
3883
3289
2164
117
1922
4808
4552
7656
8011
3231
8199
8044
4073
4617
9085
2160
3763
2961
8025
8342
9868
2293
9693
7647
6542
3428
7732
3654
7263
2868
5203
9669
118
1090
1880
968
599
5079
7199
988
8137
2403
9876
2723
7176
8600
1314
9384
4742
694
9034
8025
3917
3726
2351
9718
7152
2358
9646
7588
8767
2808
3948
4509
7673
6151
4007
4408
5228
6879
8046
3073
424
5367
3708
53
9553
3862
1008
3549
4243
6175
7752
708
2736
3307
60
3782
3061
962
2247
2087
811
4389
3327
4333
4537
7930
9478
9355
7366
8901
2793
2106
8876
7568
2422
6582
5144
1399
2474
6819
7198
5730
7784
1419
5834
9072
4150
4533
1793
9740
6401
1266
3734
6335
5537
5479
6120
8578
3640
6978
9544
3213
1827
5068
4105
689
9939
9274
9504
3311
8005
9727
8251
307
6061
6353
750
5152
5010
3814
6216
2105
1842
6683
7572
2538
8918
1520
2747
9217
1585
2340
2103
2651
5570
3129
5315
2735
7673
4948
2926
3489
3253
9219
846
9013
6315
2587
4881
1713
5540
4781
510
8461
1342
7076
2298
4745
5522
3357
9319
8139
4405
403
8167
6931
4072
9271
7342
9053
3802
6793
1621
5123
558
2549
3995
8300
55
7676
1766
1813
6943
1070
5495
6987
7719
4465
3644
8514
3769
3233
990
8260
3049
9204
8587
8489
8234
4264
3502
4496
3597
2604
1626
9672
164
5176
310
2141
1460
3673
1090
1618
3529
4301
7159
3383
2931
1815
6077
9783
9214
7328
6438
1761
6880
2811
2327
561
8924
2162
1607
9099
7187
5634
8192
1843
3034
5200
2787
6779
4118
9958
4904
8218
4308
5646
7507
837
2821
570
3937
8237
7575
382
5250
3174
5119
3323
465
7695
9473
6984
2270
1250
8514
9743
9660
5097
6149
3697
966
7419
866
9799
9325
4578
1845
8566
7533
5434
6530
8126
6205
8585
6806
1599
8437
6949
5816
6313
1034
390
6079
9726
8485
986
8077
2694
3042
6798
7513
767
8547
1376
3706
9247
820
7630
5199
9128
6170
842
8988
8694
3077
6861
7791
1768
4837
2532
8657
5176
1144
8524
760
1977
7505
5926
4968
4700
6101
6598
6345
2767
382
4926
3060
6115
1362
530
7288
5736
9598
2088
7945
9511
636
5470
440
9771
8868
263
6109
9997
8175
5251
2097
5387
7638
1114
7304
517
9257
5413
9467
8083
4572
9322
8164
2230
187
7378
114
7386
9230
3080
8669
8804
7335
5136
6627
3966
9592
2081
9345
9788
2706
1457
7709
5994
3689
6091
1936
9492
7507
7631
7329
2337
3119
8743
3020
2125
8882
8322
642
386
5468
639
8714
4386
2345
7351
3013
244
1124
358
2511
2888
4182
808
866
9673
5564
3037
5268
6462
5126
2024
1648
5644
6620
7418
1746
9596
2139
1717
4668
8068
9325
2144
6598
8597
999
214
9890
369
5292
2347
2717
6151
7486
2525
3298
8924
2692
4034
3353
2487
2024
8724
2812
248
9399
4086
7705
1510
1019
5857
4852
6389
4278
6047
6068
1169
3988
7347
7070
7945
4707
1939
3775
1466
3071
2052
4978
791
3494
8465
4033
9954
170
3015
3352
1162
4213
5631
5558
7729
9990
4792
5933
7928
5977
721
3336
8441
8245
4785
1340
1953
5375
691
9303
136
700
6737
5510
8814
8900
459
2018
5764
7218
1540
3898
5284
7272
5354
1692
4622
3775
336
6812
8001
5036
6857
1799
7794
3342
1075
18
9675
3363
9678
6891
5395
9578
4824
2481
9766
6212
1894
3168
8881
8308
7217
9780
3660
7429
5002
2159
2948
9739
1675
4277
4836
1185
5628
7828
8303
9570
6991
6066
1789
5475
744
3374
7504
205
2284
8728
6177
4424
3685
8189
3260
6003
1968
3771
8437
273
9556
8995
6485
7501
3870
7372
5381
4158
8509
4051
1333
2485
327
256
4954
6819
3990
6709
2274
8968
2835
1968
6485
9894
3437
7311
3258
1124
8166
9475
258
8142
2123
3916
2325
3018
6797
4228
7880
4181
6513
7353
872
1836
2208
5714
342
2375
5467
8018
9582
6351
6736
9690
5429
3344
7873
1657
6302
5354
599
8015
7786
9650
771
4175
7466
8133
5548
9539
210
5548
5674
8953
2043
6010
2942
3274
5893
8035
3132
8347
8840
8695
4662
6557
6661
7340
7030
9248
9806
7450
2679
5508
4686
9583
8993
8495
2454
2835
7759
8139
261
1557
9119
967
2067
4644
3029
45
8155
4011
5580
5716
1747
8164
5770
3276
7369
3213
4047
2166
3579
3111
4938
182
3475
3851
9992
577
3102
7447
3338
4768
8567
774
5506
2343
8452
4734
4665
7839
5276
8531
5392
1343
7540
1801
9889
9866
3349
342
5089
7537
9196
3862
5876
4745
1294
8456
5549
6327
1141
7526
7345
2520
3915
1954
4871
1278
5170
1387
6510
1284
7565
3903
4442
6178
6335
7722
1197
8524
8798
2061
3790
9669
7555
410
9817
289
9825
7980
8579
5015
240
1523
6216
294
3781
1101
5442
8767
6880
2080
1784
2975
1089
7459
7473
1184
5911
5933
627
54
6551
9445
6781
6820
693
9736
3341
3553
5394
2681
7694
3333
835
3731
8210
2589
1529
4490
552
2414
3970
1904
7738
7494
8028
9331
198
2398
2945
7219
7863
9899
1283
5378
207
8324
4502
2068
6019
9502
8484
8757
3571
547
4097
122
5189
5474
188
303
9228
4895
110
8672
3866
5979
7234
6995
9455
5278
1329
6674
1245
321
2088
6375
2618
6328
281
513
4321
2540
2747
9923
1781
3863
1071
7578
5907
7720
6640
2447
9715
9975
6966
5363
5258
1459
1543
6647
6944
7478
9530
6110
9849
538
9082
346
5330
1412
3555
3539
5225
5871
2364
5798
7561
1220
7168
9674
4417
821
2395
4878
9248
3177
6974
2430
1872
273
9888
4052
5004
1721
2209
8394
3598
3835
5739
6446
8202
6605
9831
2687
3953
6794
8073
5268
4338
2542
6554
6780
3507
523
6528
816
5944
9
1388
9332
8350
5883
8863
4924
2343
4396
5465
5403
9202
2631
8784
8295
5606
4326
3162
1369
3163
2723
6968
4752
2181
8426
8111
837
3245
1711
2627
7864
5182
9788
962
394
8121
8899
7338
2084
7206
738
8232
1285
7640
8756
2990
3753
3339
9843
1648
8900
2748
2444
6364
5230
2021
795
4131
9992
5507
6821
488
9100
678
9717
4628
2595
9685
3150
6740
385
4268
8303
816
1226
307
8852
3528
4408
6540
2249
2908
3732
24
7033
6153
402
5206
7477
6939
3305
905
9233
2756
4399
8293
920
6215
2404
8118
5135
7217
8277
5197
5271
8773
6609
4824
524
5938
1752
8557
6539
3924
5694
1587
6016
5923
8191
8701
5101
1755
1677
6163
1142
905
5157
3710
7433
1983
4288
8896
9644
5013
9989
238
2575
5692
9996
7740
7264
2704
4701
947
8621
5305
6
5441
9652
1630
7979
8573
4022
1271
6136
6725
6538
2525
4658
3670
9037
4320
284
6807
9575
6404
7990
2643
5194
8601
2047
6897
9524
2982
7579
6049
5891
8994
3135
6677
8232
7854
5641
7114
756
4578
8701
6978
3935
4291
6298
128
8807
8957
300
3535
8277
6627
9578
1294
7532
3232
9215
1516
8219
4345
7558
8124
2754
4977
2190
7077
4673
7848
797
2841
9611
2401
8849
7600
7049
4351
8530
4448
1803
7531
9699
5867
2570
3604
2951
8069
4185
9076
5120
4769
9786
9435
7154
6119
6989
6027
7094
5428
1538
1871
4443
6014
1952
1144
9719
513
1582
6885
4828
5339
2126
7182
6933
6225
9098
6541
1039
4204
5606
3482
5
6772
1093
5714
5235
1223
2008
8627
9948
6485
5009
2374
7975
5147
8182
8778
4516
5435
8992
5129
3085
5060
3811
4681
4679
3683
6776
257
6584
1526
5766
133
4818
9128
4832
8097
3085
3599
2791
7454
7987
9582
7616
9364
3541
3638
1009
5900
891
8752
3684
2927
1913
3840
94
7601
1021
6503
3641
1684
2276
7159
6350
5499
7836
3539
5710
2108
3572
3651
6639
5104
3856
4113
7236
5306
2953
5491
8853
3089
9985
7381
830
156
2724
9042
5571
9881
1434
687
5073
346
9433
5796
240
5197
7799
9256
9957
4391
7133
4360
5027
8076
7591
9267
3905
5629
3463
3045
3927
6270
746
6974
306
3971
3186
3358
503
9159
8115
8032
5604
7224
3497
1920
7074
7522
3238
5546
4551
4678
858
4625
7448
3543
2267
9688
8171
6066
4804
6512
5178
1079
8905
511
7619
408
232
7753
4237
9308
6459
334
3046
5841
7258
4880
5255
6748
9134
1935
841
8766
5344
8962
0
4133
2304
6196
3877
171
5794
2809
9554
6991
3122
9356
6487
735
1608
6262
777
7455
8887
381
6074
5512
4415
5927
1572
8192
2594
8169
5054
7409
5588
8336
1505
8905
1787
4459
1413
6398
454
1603
7060
1404
2010
3881
5568
6396
6983
9066
9008
8082
1226
2625
6965
211
7340
7033
6331
3057
3031
5613
8604
5
7752
2751
2478
8824
9088
7649
2685
750
4500
6067
1555
1711
1157
7369
6851
3299
9482
4712
469
3370
1033
1710
7787
3365
9652
3563
9746
436
8784
2703
7301
4061
2689
7681
1628
2886
6914
7994
9393
6287
528
9212
1699
7215
3734
8674
5619
6457
4883
5205
28
2522
3063
8663
800
2866
2989
5072
189
6525
818
1139
5646
4045
868
6861
5214
7798
6901
553
8311
6453
2639
1154
5752
2798
4753
7206
7350
3969
9496
2948
329
8135
201
9666
4071
8239
7770
4557
6398
5328
7456
4253
9083
3322
6755
7956
8520
8445
2334
1300
3633
6069
6099
3722
167
9601
4315
2091
782
9599
1099
3257
9265
6149
722
593
1429
1790
7087
7589
7099
6704
783
577
6991
870
7316
5548
1950
6367
8113
3773
5396
8033
2801
2471
275
8411
2744
4595
7104
103
4914
6025
3927
136
71
5898
6686
9093
6608
1660
1735
497
3139
2419
9872
2983
3609
8761
180
8079
9793
6394
4020
7695
6350
6990
6528
4641
6475
9315
1535
205
5471
3895
287
5523
1676
3391
3014
4391
7473
7431
1447
9641
5279
5991
1728
7855
6504
1725
9583
2354
9875
7533
1861
4690
1996
7538
7427
6839
6777
9455
3857
8805
9736
3111
6654
7211
7811
533
7537
6280
6966
873
1981
1354
3687
4656
5012
5156
5491
3167
6818
9227
2218
5707
3594
2446
3505
3751
7055
2320
165
3691
3096
2708
8015
7358
966
4419
3971
7568
4850
7372
6898
1095
4143
841
1440
8324
4287
6729
672
3408
1234
5136
1947
7528
905
1639
271
7794
5656
8097
9764
7947
5753
9820
6122
1567
4701
6224
3278
8516
1038
583
587
5412
1713
377
926
6901
6103
7683
7970
4150
1138
723
649
4424
6004
4834
5964
518
354
814
5657
6051
888
7171
8972
7647
2375
9734
9945
4549
1209
3054
245
9972
421
9135
6468
8008
2174
6852
6444
7429
2934
2072
7193
8063
2159
8721
4714
8424
1490
90
6185
839
3209
3804
9080
305
4006
3544
9943
4151
9415
339
9314
3292
2641
1919
6918
3345
4185
1169
2484
2879
5074
20
8302
6305
3056
2138
5055
6331
171
4522
6471
6714
5039
9435
6372
2090
1424
2891
6252
2142
9259
2828
8055
623
6776
8764
2873
8372
5548
2239
1757
7707
1226
9371
5693
9745
2809
3440
718
36
3201
9330
1416
6434
7919
3396
3955
9341
8345
83
381
7374
9723
2300
2184
5826
7775
7915
3729
1589
4778
9521
4138
2378
1907
7825
2026
2309
3056
135
1754
2661
985
7477
9696
1105
4973
1228
7912
8302
3475
3923
8462
2682
8841
9895
169
9608
7880
6015
7473
4424
2185
8427
177
9842
8976
4937
4360
7151
6918
6803
7929
7605
3750
7976
1154
7117
205
613
9289
9442
6452
8064
3618
3768
8137
7873
1822
6086
8377
7214
5982
4241
59
9617
7829
2231
5766
792
75
5541
2882
4456
6206
4101
8988
4015
8978
872
9379
3077
8457
5580
2207
1054
3854
3850
8561
4543
6491
2063
5349
7594
6571
1732
645
1319
3306
8508
7495
113
7464
5641
3783
2779
508
332
8975
29
5269
6807
2546
2447
4252
2688
7352
3424
3381
9957
3395
4867
4309
9223
3601
3111
8925
5893
6666
146
2452
9477
25
7033
3507
7104
3688
2735
7209
6443
5860
3191
3023
5918
7087
5303
1974
6387
404
7547
6892
6877
4693
7763
6094
1875
5536
3675
5831
3383
4352
6821
8679
6567
1472
3412
2543
847
7322
7719
1256
1464
7774
193
8115
273
6046
3729
7915
8409
8486
755
1735
854
9257
2850
2795
3702
7382
856
3630
4655
649
1219
5207
7845
5934
4294
3072
8408
8321
7657
733
7430
8865
9390
4870
1812
3459
5458
7215
9573
5298
8523
7496
2836
6387
2004
7105
5732
4711
7154
118
7042
4826
3266
344
4291
1033
1378
6395
3664
8960
2584
2876
4570
6705
3651
6091
8763
5793
3612
3910
5563
3676
1048
5510
6875
8825
9421
6498
7906
9080
7006
2289
3794
1559
4085
2222
2358
3780
7276
8788
4250
6141
6473
6760
4775
4563
8563
3158
4586
381
4789
6884
6383
7529
6926
1043
1727
4509
2017
8451
7955
3148
4880
8710
7380
8404
3825
6829
1249
9443
4138
110
7916
602
542
7447
3298
106
4996
4237
5604
907
3904
3421
1446
5788
8592
7299
308
2484
101
2489
4140
7607
5116
8071
6844
3812
3512
905
7561
1451
7646
5006
5065
4156
9517
5036
6030
8970
7959
5121
7263
2591
7505
8789
2804
8313
1219
2107
589
8674
9324
8054
8000
9421
613
7912
6718
2236
9808
2598
4513
7935
4445
6887
2580
3927
3720
4107
415
2056
2531
2921
6493
9021
4668
6128
4956
9349
9594
5471
7056
4043
1017
6512
8948
4707
6912
7646
5534
5312
9323
1576
9486
2019
8586
5454
1011
830
9653
6440
8426
3095
538
6838
7300
440
5
4130
98
2931
3179
8994
8063
9794
2994
3561
3595
8204
7952
5389
4816
9188
8543
3251
1555
6044
7754
646
3160
7895
6279
3991
6690
9131
8081
7199
5974
9093
2496
2319
762
5847
2663
6040
3888
7788
8730
9303
1513
8333
9802
4632
504
6988
3311
7995
1108
3180
4865
9188
7801
7284
6274
2444
9627
9385
5579
1702
472
744
5490
3180
5321
7013
8357
5655
9733
7053
3238
9661
3715
6264
4306
3652
5801
8363
4863
693
9334
3802
386
6620
8440
7162
2043
4204
8922
8787
4062
9791
366
9477
5230
2011
7107
882
2903
1808
6595
4569
2040
1934
7692
8563
5292
8532
4569
6886
2596
3523
6140
3015
3682
1105
2618
8332
1156
5481
3987
3679
8571
6143
8252
1375
4200
4449
987
7265
1106
6281
8158
4036
4006
1584
3417
321
1051
5277
3434
2769
7152
8266
4426
4712
6837
8135
5443
464
6691
120
3480
3937
4169
2265
8902
7963
6644
8883
4501
470
7866
9702
5418
4321
4578
5846
1181
8215
6548
2
6209
7887
4713
7119
2661
4898
1150
3363
1767
5512
8747
2109
3232
4427
3642
9922
8111
3933
2550
5843
2806
6870
9570
9866
8283
1301
162
