7382
6528
9736
7761
7553
3506
3771
9124
6697
7766
8634
8041
9074
7996
9169
1511
1461
5293
9910
1557
9067
8120
2775
4173
7062
3930
5272
5752
8874
5513
1887
3051
2248
4413
7979
5406
5724
3468
1406
3925
6428
6176
5083
7309
7713
1415
3162
4708
4082
870
7337
8917
5755
5563
3437
9471
2509
9262
4662
1330
9103
434
3552
9765
6098
5454
5221
2742
6994
7059
4544
8959
9960
7130
4909
5457
364
7756
7565
1328
9784
7036
6581
5611
3272
7428
5829
9078
8237
6283
7942
7206
5105
7440
3501
2600
8229
7526
8892
4494
2119
6124
1112
967
4799
2776
4229
2538
8567
3775
5309
3263
1083
3091
8799
3226
8198
2762
8564
5333
1356
9447
1133
6680
6678
9783
1785
8648
280
5274
3571
5721
7039
2187
6519
1681
5206
5006
3765
3419
8823
6998
734
7509
9550
7520
4924
134
9097
6895
8670
2879
3660
5444
1264
8141
3346
6234
5497
8664
6462
9196
8958
28
6750
6244
7364
3521
1777
128
5970
2553
8559
7026
5989
501
4551
6997
6990
4372
8790
392
2166
5145
147
8520
2753
4904
4568
2830
4176
1774
714
5761
8385
1562
7785
2250
6097
5899
1635
8323
3553
2391
1443
7706
6438
1285
7096
2312
106
3799
9536
3288
993
5864
7155
534
9766
3262
9131
838
7027
9660
3665
7102
9567
5207
6147
7633
8370
2883
9297
4425
6516
105
904
880
6084
4135
9830
6283
6501
4548
6603
100
4338
7454
5056
5026
8929
6914
6626
5479
7414
6919
2039
6326
7534
9624
6433
1839
1228
524
5440
1608
6017
788
7713
6409
9300
1904
8612
5636
4673
2286
4748
6480
3741
1872
6800
1569
3432
7977
8222
9925
1867
900
8687
7821
737
4016
3958
7558
5858
9324
9041
35
7803
3419
8482
2969
7033
4356
4696
6886
5219
8121
1318
2175
9896
82
8165
4117
3022
9782
8469
2883
3545
5813
5198
4119
5820
3156
4166
1626
5786
9877
2027
7598
5045
6019
5391
3219
6744
1559
9444
5238
7168
5434
3085
102
7556
5752
5892
7764
7958
717
9226
9574
6674
8223
5001
5864
35
1543
1525
6033
8549
7309
8225
5501
8997
1807
3309
7052
7636
1581
5997
3718
2874
7828
6997
5369
1464
6758
3745
7729
8054
6339
961
8994
9099
9510
6338
7525
4074
5949
4887
3997
4841
7126
1046
5109
926
7251
9903
5560
7730
5818
8887
3692
5191
6124
4787
5003
4838
5376
1984
400
7552
8875
8895
7403
7447
7005
5869
9856
4437
6971
9377
4274
8298
677
1967
5048
3507
4772
4089
3082
949
6866
7077
74
7786
9173
8538
9393
6994
8169
9236
1077
1322
1225
151
7972
3354
218
7424
7039
808
7205
6758
9718
859
2158
4080
3228
9162
37
2880
9975
5922
4969
3069
6038
2198
9252
5774
9023
3665
3623
6018
244
6071
5778
1165
8545
3129
7616
6909
1637
7432
9373
7739
3115
8097
5093
1852
7348
5014
1211
1159
4402
4797
6882
3537
3491
8177
5740
2676
9272
8198
5820
654
6417
8283
7722
5286
1912
9288
8498
6969
6934
3143
7305
4514
9989
3503
5902
553
5604
6554
9145
7970
1200
6601
8035
2518
4677
622
4321
463
5921
3574
3166
9548
7649
3530
9395
6036
5131
250
7190
7672
1559
2698
2525
7137
9626
9225
2349
937
5200
2652
2227
2213
7877
3194
622
8832
4273
752
1767
7203
606
5429
2207
7151
7719
8983
1971
5981
3134
5428
6910
3421
4314
5813
2620
8236
6700
4005
3670
8193
8220
7247
7710
2021
2277
2597
9593
514
8825
7661
8004
9140
6034
6710
5684
5693
2743
9880
6414
6789
1383
4825
8671
2254
1172
9388
2522
7093
4655
3781
4636
3316
3421
9815
7565
4485
2915
3150
2678
3617
8579
184
5641
7447
1154
6989
9201
5544
3541
7424
5287
6654
4680
5918
8094
2173
2602
148
396
4786
5353
7741
4005
3464
5509
4280
7301
9
4500
9384
202
7889
1233
8469
4908
9903
6082
9887
9418
3589
3701
7939
6546
8926
3157
5047
1709
3647
3055
7631
5365
9494
3035
3522
9731
6367
5754
1158
2009
7830
2475
3447
9881
8710
3369
1271
640
1776
4277
2192
6403
5751
9883
6165
9252
7272
8067
4198
1185
9016
6071
4082
6329
5701
2684
9479
1148
206
1839
3813
9838
2639
6525
8240
5863
3204
9471
7412
8314
6910
9888
6755
2912
2116
524
1690
7488
977
5686
5954
9870
9003
6262
1986
3565
4516
2942
4353
8034
1193
936
4985
5527
3192
3918
3271
9112
718
5781
2143
253
8142
3286
8845
8644
798
8538
3862
795
556
82
3949
4423
8029
561
5665
6692
6806
6822
483
4762
9188
9321
4854
3128
3909
9921
6815
1215
9369
4464
4844
6414
8739
5420
8033
6149
9818
7019
7389
2808
2557
8586
5835
9714
2035
5274
8773
147
1231
2520
9698
2280
338
6023
8432
5142
7515
8187
6333
1298
7769
7189
9999
4400
5058
9414
8132
8870
1372
3522
5347
5467
5496
595
1889
5154
3214
9831
7600
6781
2388
4839
9234
576
6680
3956
6251
2724
6077
912
1412
8116
2946
6310
7484
5815
221
984
9961
2602
5863
1811
4636
3321
2401
3665
8947
6186
3749
8091
1352
8023
1831
3768
3974
8166
3706
9686
7211
7718
2271
3428
4153
3624
6968
6297
7079
5624
4426
7045
1221
166
2113
2195
1805
6101
2605
7527
1492
7088
5498
2697
2575
9460
2174
3918
1299
9230
6780
7024
7300
7521
805
4106
2079
2420
7998
8289
2420
7718
9916
3138
1899
9359
1788
1204
4712
9508
5551
6218
9272
4454
9507
5240
4683
3928
7581
6398
620
5067
1745
3718
9787
8248
7364
7750
2011
9130
3705
8547
3639
7141
2584
802
5024
7767
3533
6220
6450
6153
2092
4605
1125
9297
5250
6617
2334
9080
3686
9788
9989
5091
9103
2108
5618
8848
1359
7950
5777
1679
861
849
1204
2298
129
5658
8360
51
4280
7549
2527
8360
4151
1958
6012
8885
7803
6049
4318
4215
8511
7196
2803
6600
8600
2742
7182
812
7018
5620
1220
5207
9182
1968
9391
4505
363
3550
9685
5607
9184
1805
995
2886
4580
7334
4179
6246
4756
2997
2126
6314
9147
5121
8058
5984
8337
7497
515
7889
8410
7452
584
6454
9471
6501
1085
5892
5258
5634
1134
3287
6042
4751
5027
5735
3623
3780
9038
360
7391
5832
7249
6020
9439
2992
6925
9517
6173
5656
5334
8690
8210
4204
5138
8672
597
5715
9248
5474
3250
8825
757
3798
3866
5192
4913
7949
980
690
928
2255
8913
8958
7949
1193
1550
4380
8417
4772
114
8550
9049
243
5814
3350
7990
7129
8068
222
2685
3556
1880
6008
5038
8218
5812
2106
8610
558
3536
5925
8094
8015
4238
3035
965
1230
5948
7258
3257
682
8290
7161
8482
3497
139
9822
6919
2437
3200
3146
3752
8912
9632
2546
2159
2422
9100
123
5611
6974
7870
560
7644
1468
2234
9059
2829
4358
1501
5806
5770
3617
6978
2868
275
8823
6355
2058
681
3399
237
8875
2246
7946
4332
1740
6329
4797
1045
7165
2878
8064
2899
3513
3724
5545
3176
5546
4232
6774
9525
2203
5864
8605
1046
9276
5233
7122
9076
1532
2753
5109
9598
6774
5833
3780
1826
1866
994
9060
3972
9750
9521
8328
1889
3265
6629
6028
8654
9701
7644
3681
2409
2678
5509
6436
545
5427
1361
4701
4882
312
6659
8321
8136
5197
6534
9237
9317
3231
4862
5760
7053
7625
9062
7579
958
4879
2761
7607
7630
6966
5276
411
9020
835
3304
7785
5145
6447
8245
5388
8719
3043
5090
7729
9983
7638
4818
2558
4393
8576
4224
9827
7028
9578
5859
3596
5997
581
2700
6928
4012
1859
4764
41
6451
9830
9059
9584
240
7331
1779
68
2225
593
2499
567
5479
4580
2319
4069
611
7953
7037
5874
6924
606
4650
2175
7971
4696
2963
3353
2142
5551
1680
2846
3953
8994
9306
4764
9963
7938
3054
8168
7803
4486
7705
6008
3267
3019
8659
3006
5109
4373
712
4129
1643
5655
3185
8153
2051
6619
3154
6711
2150
2718
8812
7663
9690
2139
9058
5187
8221
66
1241
8205
8274
9349
9289
6648
7768
8991
4048
3516
5493
1106
1542
8580
6131
8251
6347
1933
1473
19
332
6414
282
1493
9444
9807
6850
3831
8127
3351
4876
311
4170
5814
7688
8851
742
7131
890
8581
2476
6115
8743
7033
9722
6703
7849
7581
5931
7120
6177
3732
3365
8498
3803
4694
8476
6178
813
1112
2884
3645
762
5139
6659
8135
8659
1540
421
7701
2509
9231
5145
2087
6686
3665
9657
1525
8864
2353
7463
821
8872
7937
6386
5799
5344
3095
1064
1517
2032
4018
694
8858
3388
3388
5610
149
4503
2875
3017
3818
1669
8723
7197
1453
9854
6556
6678
5964
2366
4875
3602
7761
9529
2975
3991
8752
8172
2666
3692
6435
1726
4251
8840
5152
6886
3796
7314
6547
6950
7981
6647
829
9381
7972
218
4825
7899
270
1878
5975
7989
6367
4463
4487
4600
1554
8247
9459
3730
3989
2764
5657
9772
5461
2606
8788
9931
9969
703
6374
4086
4365
6179
7412
130
2438
4390
5182
2041
8572
9709
6921
1306
6273
4660
6315
1833
9133
2039
6243
2695
4700
8332
5330
3516
6164
8670
362
6977
2134
8228
2385
4922
7120
4752
6769
7808
5597
8180
6240
8541
9098
5454
519
5089
8214
772
3554
881
7701
3274
9715
1119
7617
8993
5011
548
1566
3993
6197
6634
9159
9031
4936
6775
9498
6130
5658
1299
8189
4023
2628
5274
6908
9117
4998
2845
8049
6611
2223
6675
7598
1781
9336
2797
2041
1917
5198
8872
7060
5574
7387
3243
2649
1627
3296
223
7855
9838
6705
5310
2363
5333
7469
9205
2517
3775
424
5891
4118
4197
5943
1300
3803
7195
6887
375
729
2293
8602
6442
6189
1094
1263
3831
6014
644
1613
7816
3730
7128
315
6391
9705
5713
6367
9664
8810
3048
5362
7287
2297
4414
7725
7814
9329
7521
2322
7135
6259
1421
1416
816
2027
3136
644
148
5628
9430
289
5766
5832
8659
4461
8656
2413
2207
2447
7249
4191
5739
9640
253
9582
1618
1989
6095
9300
1514
1950
4954
8749
8810
1166
7213
5731
5237
1872
8660
7637
1301
5794
1275
3620
5971
2169
7534
1866
5475
5089
5563
1095
3244
334
5209
3433
6036
2020
1698
3207
3627
8991
5516
1882
1166
6320
1413
409
7868
9669
9404
767
8421
468
973
1739
1838
8787
7684
1412
6576
6887
3299
7911
8721
2792
3998
1407
6474
3997
5668
559
5351
4697
6872
3934
8094
9761
8109
3904
9895
2552
1856
7357
1210
8746
4975
5105
8869
2353
2584
3728
4332
7143
4572
4499
779
3241
6514
194
1752
7284
9255
2816
8307
1728
2323
6302
5503
7685
4216
7853
9018
8845
468
7684
4440
8104
3941
3081
782
7382
1932
5088
4826
2629
7706
174
1648
9015
9783
6840
688
478
9585
6013
2787
5511
993
2428
9491
4113
8586
8356
9594
5000
3707
4406
211
1827
9876
7960
973
3654
1669
4345
5950
8532
5105
8941
2692
2244
5937
8420
3399
7359
7526
6971
2634
9620
6262
590
5120
2712
7496
216
3883
8989
1818
169
1263
9198
7215
6050
4565
7348
3575
5040
8684
2088
6982
4483
5210
5766
758
4714
7617
8474
8264
3837
1932
9001
4822
6135
6600
5999
7476
8206
688
5184
4437
9103
3872
7517
8602
3195
3307
4598
181
4104
6120
982
2524
5109
2247
8719
2984
5823
9970
4643
7741
1977
2494
4780
1956
2171
6961
89
7572
3785
1197
1605
3280
7710
9322
2485
5418
7366
5827
6446
3044
2757
166
8081
327
4807
8511
1780
3261
9125
5806
4079
8264
9728
8692
3007
4614
654
6301
9530
2588
7902
7495
1232
8335
6121
1314
9466
8529
279
2367
8929
6200
3179
6810
5406
987
1549
5636
5610
9254
6594
1401
5201
670
6681
7681
7815
2462
8276
2354
3095
7518
1009
2866
1348
3717
5093
2762
4062
5557
6084
5014
9972
2981
3599
6489
8208
589
1706
3933
1763
8650
5096
1880
7533
1329
998
5898
4057
8752
2626
1395
595
5808
2934
3953
5879
7847
7844
1367
5335
6602
4479
2394
7881
6255
4691
2885
7211
944
4419
8524
7636
2908
7053
1517
6536
9223
5612
4722
8679
802
5978
5107
2546
8661
2544
5529
6699
4233
4923
7277
6569
5538
1852
2575
7477
8377
1693
4131
1092
5320
3963
3733
4816
5119
5028
1645
1925
5156
8879
5118
8198
1222
2194
8744
8025
3714
6451
3469
7126
9406
9455
8577
1383
8835
3201
442
5116
921
9584
4327
8878
4570
999
1869
5117
4168
5730
2701
873
4682
7746
497
1129
4305
6525
6053
5372
4762
7509
9522
6954
396
819
7109
1045
4528
3952
8671
2289
465
3984
8277
2590
505
3835
5784
3662
5819
4297
3871
3751
479
5386
5856
1926
8567
2175
1037
3918
9905
6808
1451
9804
1237
4123
6590
3480
3310
5149
8721
9882
4165
9713
5730
7094
1433
3034
7593
8710
3499
9887
8776
8403
7478
3226
542
944
6204
8956
1078
6675
8043
4657
3213
128
7262
1755
2945
8883
9648
8670
5428
1946
3275
5063
2352
9261
1550
6858
3876
4891
4382
8710
5917
2498
6499
1911
128
8491
7891
5992
2163
5807
2844
4115
1451
7114
5595
9911
3280
811
4202
4853
7837
132
9957
5495
3044
9861
7645
1116
1631
5055
2454
9316
9744
2391
9835
3013
1785
3146
3554
5448
3848
8247
7897
9859
2842
14
8015
8020
3441
1859
6272
166
5648
8590
3000
339
1987
7346
7081
679
7051
3656
8520
5452
2039
9383
9793
8855
4302
5106
3883
6783
7145
8687
1909
3253
2350
7663
4624
9492
9606
479
6599
9991
5424
9386
6952
3521
1247
5449
5926
1741
8718
9688
8264
9154
6484
6005
7433
6610
9843
5560
7010
272
1194
698
3333
2748
5978
7667
5280
4557
7653
1316
7489
5081
5122
4877
9081
6340
5437
3469
1753
7634
1724
7508
7241
6955
9085
3350
3320
3338
4683
5678
397
9985
9343
9948
5164
4141
1730
7885
3604
2530
5616
1269
8709
7747
2153
8844
2462
9680
9266
7682
4005
6220
9032
4512
7456
5497
9076
1133
3872
4355
6410
9753
1518
6150
4828
1897
6206
4268
5883
7584
2527
5223
2029
967
6228
6167
6810
2553
3501
7465
7616
9085
2686
6349
2839
4800
6401
1906
8383
3390
7160
9712
1989
9837
5658
5089
9509
8759
4527
1036
297
8194
4983
6272
191
9133
2148
314
5832
3369
1672
1299
9469
7665
7320
8618
3980
2536
384
985
4273
5150
6865
3317
4736
1822
6965
4087
9502
9175
899
8659
6799
1013
9918
6066
3721
7899
6536
1424
5800
9232
2884
2707
2331
3955
5992
4246
7820
5755
2209
3522
6909
16
6641
8152
2414
192
6611
7341
7515
9055
5375
4626
8961
3582
1561
7999
753
9126
8676
364
2893
961
7892
8444
768
8998
5601
2838
1835
7167
311
4945
5641
8856
874
6011
2355
2455
9751
6022
3840
2290
3030
127
2836
9361
8476
4109
3994
3553
237
5907
7196
6098
2318
578
1663
526
7735
974
3196
5399
8599
5210
4648
3051
1251
7938
2165
3190
4999
6726
5937
2629
9885
3150
9548
658
586
5551
7544
2721
5957
6488
2425
6790
2788
5177
3579
1328
9279
3329
6291
4182
6117
7153
4622
6013
9725
9059
7573
9539
805
2961
2082
5563
8246
5843
5084
277
3161
3401
2414
1961
2738
2688
9255
6512
91
9413
2858
6527
2284
36
8485
3745
4453
7019
2046
6688
3646
7872
2106
4544
3542
3387
903
296
4807
913
4649
4654
1467
4303
3266
4269
8824
5087
6778
2726
7510
1738
4751
6576
1410
5754
7573
7437
7803
9803
4382
267
9177
6301
4021
9107
3437
3912
7685
8209
9108
653
6918
2881
7925
1029
1143
9842
2458
137
2151
1882
2523
2365
2237
1174
7797
3097
2888
556
2666
8533
2033
3695
7682
432
477
1918
1136
3837
206
9513
5695
5691
7448
3697
1691
5056
3777
3788
508
4929
8370
6849
6508
4928
7050
4182
1450
7763
4578
8067
2775
2141
811
8402
2302
8475
7075
3414
9537
2205
8647
7349
4766
6494
1042
1076
3440
9586
1892
3965
1154
3756
6590
4799
5934
8585
5673
8643
52
8028
7350
9110
3782
7143
7408
5943
5600
4018
8414
5823
8965
908
5028
1016
8388
6363
4217
4940
1769
4593
5908
2539
1136
5325
2927
3864
6021
1163
7678
2801
5351
537
9689
9321
2235
1559
8196
5443
236
9083
7536
6413
8431
7182
1178
6519
613
3526
2977
606
202
7712
5685
5770
7883
2585
3451
3088
9653
6394
8909
693
8807
6798
8478
1024
5129
9122
1035
1257
7878
8936
3677
9540
5765
6375
1771
7317
3174
2146
1501
2415
3927
8099
2683
9405
5382
8868
7299
75
7825
5034
6058
2914
9273
6799
858
286
4821
4650
3929
8782
5731
3069
7162
952
1129
5051
3197
3206
4250
9476
865
8785
9972
6142
6106
2312
5750
1922
6109
5709
7102
3584
8921
1020
4400
4399
6080
4553
4387
5253
8706
1301
1302
2399
9754
1836
1168
7199
1010
2111
1749
8399
2194
3225
2516
2486
4854
5584
2781
4262
8989
8329
9552
1486
1341
8456
6097
2419
8244
8899
2935
3638
3178
8754
2083
5458
5938
5126
2894
2405
639
9187
2492
5305
7140
7835
7996
1965
9123
952
2145
1540
6374
1333
9691
522
3356
8761
5934
7743
6204
6642
5957
9953
7509
2010
1583
9866
3174
6953
2791
4563
6553
3302
3201
8627
1850
6283
2640
6041
4165
2788
1669
8050
6733
4819
7554
9847
5673
3956
957
1654
5418
2088
5504
3851
6359
944
1213
1850
377
8600
9310
7948
5619
4477
8218
4612
6504
8333
7092
8253
4512
8473
4622
3890
8630
2425
6075
1465
5481
5612
6865
1821
6850
4938
5533
3318
1461
601
5009
4695
6320
9960
2344
9236
816
6940
5499
9278
2931
3028
636
4525
2249
7883
5919
9272
8211
3145
8104
5940
8110
1638
2287
583
1465
1421
5184
5624
5633
8584
6303
6181
2606
9838
9737
5135
6310
1253
1910
7478
5775
6134
6283
3789
210
9356
4844
490
8539
4696
1518
300
3677
7509
1498
4889
946
2483
2765
7603
6160
530
7484
4007
5623
6812
2661
9602
8407
5711
4241
2751
4703
2581
3574
1697
5712
5730
1641
7610
5152
7402
9376
8886
522
1325
8230
5111
8482
9664
247
3597
550
329
6171
1154
8609
7895
8848
5727
6937
8683
3967
6159
40
1287
353
1822
1911
8609
6155
1949
8070
7603
9924
981
7273
8979
5095
5636
2125
9786
8595
3673
3544
324
1648
4633
2557
3283
6573
1676
4271
1055
1381
3079
5789
8750
624
7238
9564
6476
213
8918
9218
3607
3532
8684
2526
4778
7745
4342
6454
1908
9958
2204
3672
6244
2432
5121
7378
1476
8257
9660
2188
4207
774
6286
4323
9487
5718
6079
9249
7271
3947
5242
3320
1978
5837
2385
6926
2183
9369
9246
3169
402
6097
4840
2955
4015
1262
6334
3649
1437
2112
3427
3558
7133
9446
2518
2109
1598
8968
2748
3179
1159
6801
4253
6235
3664
7819
2952
3675
125
7907
7699
803
9351
7339
4083
6150
5641
4878
5284
7329
5252
2590
8661
9968
8304
8841
6148
5216
111
1802
9585
1807
2479
5996
5554
3119
461
6537
2339
6858
3904
3601
5447
8080
8473
5046
7839
5835
9909
6628
8630
3299
6748
6862
6615
8894
7465
4787
7291
9503
3574
3344
547
2847
7172
3455
8174
7545
372
237
8215
6559
8965
4937
3775
2619
9546
967
4690
9760
6647
1285
856
9982
3448
229
9707
340
1246
2697
7008
9775
5847
6029
9796
641
6681
62
9972
9629
8842
1273
1593
9775
3711
8302
7342
585
2480
9170
2143
8615
9316
2564
4896
1972
7198
3095
4823
3013
9779
926
6007
788
7366
9191
8794
6855
7458
1214
3242
4174
2404
706
236
2716
5331
6164
4681
2621
1069
1323
7946
9718
9519
5557
2688
905
6224
4856
462
1863
9690
8151
6915
7216
5255
2432
55
8007
2228
5106
2914
8769
4676
9771
9668
2684
68
2624
6692
7083
7318
2550
8168
6527
3372
4700
4669
3538
8707
2188
644
9613
6362
6327
2633
4666
1149
4957
4817
675
3330
5022
960
953
1951
1258
4421
2961
4614
8292
4962
3209
5583
5350
9963
6776
1680
2062
954
6163
6843
8838
8205
7899
1604
7410
2845
1396
7870
9410
203
1649
4177
8950
7993
1691
4905
5057
7011
5521
8430
1735
5512
3336
3516
3152
2057
4675
5487
7518
508
9887
1468
4283
7421
5109
8846
8620
9442
2851
5564
9778
8410
356
4548
4959
929
8858
8822
4437
4322
6878
4351
2938
5882
607
6225
3688
4629
9974
1915
1953
6599
4138
3530
2127
9801
6527
7388
6873
9981
3386
3996
6514
8096
7167
4943
6732
2572
7035
8186
1082
5367
8798
8366
8755
2235
7472
3841
9297
307
20
9034
7881
7534
1849
8953
886
963
365
385
3390
50
6205
2546
310
6979
9400
2071
8385
8077
7314
9913
3556
5636
515
4030
1317
9808
6031
7714
4353
4695
4209
4528
268
4502
3808
1165
6531
7041
5972
273
1374
3796
2257
3522
9442
7445
482
687
387
1449
7873
7991
3718
2703
4867
9700
3012
8781
8369
2583
2314
6245
6976
8928
1245
1171
1986
7017
3644
9462
2518
497
3742
3240
4634
2368
4826
7964
2225
9148
6645
3635
8351
5127
1029
9355
3104
4050
5252
9973
6825
2099
7201
1889
9399
5358
5841
4856
2036
4963
83
9254
5400
6564
4736
3042
5707
2944
5937
7515
1208
2385
6219
5937
9438
3919
2917
7164
8336
1583
8394
4893
3324
4795
1994
6608
1225
4783
7963
6746
9225
5677
9581
9733
6638
2590
4554
6885
4105
3350
9980
4870
2861
1298
5385
5140
8034
1377
4106
4759
2934
9244
9097
9385
5934
692
376
7941
6106
9526
3871
3693
2726
8589
2189
1416
1228
6916
7600
3654
7255
1414
6255
5490
1411
6740
676
8435
2352
4866
6471
7470
3750
4927
5190
9740
7314
4704
9313
7956
8078
536
6721
1764
4286
853
888
9905
8438
6169
2116
4537
1066
6132
4030
6913
2942
43
383
4640
556
7623
6913
5335
2243
1420
1619
6059
6620
3396
2951
1105
1240
9272
4950
548
6886
6826
5235
3174
2577
3810
2508
737
9637
7827
3596
2585
802
3545
8926
1568
6777
9458
9405
6933
9587
6006
6614
1722
7889
420
1007
4128
3518
7802
2673
9089
9793
6208
1040
6538
7887
8882
9259
7523
2237
6153
6367
6060
5875
5780
8742
1462
8780
9752
7884
9948
8569
6465
5282
6460
9173
3412
4956
2661
1731
2707
4870
8110
1716
7403
8035
9601
213
2894
7205
3475
1942
4104
9097
7296
4613
2192
569
6343
8408
6445
6853
9200
4121
6242
8012
5542
859
519
2228
2725
7099
838
9993
6576
5763
6719
5458
5487
3608
6904
2223
6068
9906
7045
670
2968
1116
6864
189
7655
7457
6501
5514
3285
8759
4252
5367
2555
5688
1091
89
7026
5706
7000
2767
9947
7089
1840
79
2984
2890
8631
3436
4347
2120
5044
4084
9689
2380
728
38
410
2557
6019
689
2335
8535
8451
8727
2896
6063
587
2944
6146
9396
780
7243
194
9650
3154
6751
5441
1969
7869
4912
3211
4490
3049
3565
5845
6649
653
9158
2579
1005
5341
1260
7091
253
3916
6480
729
7653
7762
3917
3720
9870
6246
9105
5498
107
8152
6806
9052
9999
5582
5584
8569
2300
2488
7839
2818
9527
5138
5075
8038
4680
278
5167
36
7309
5755
5015
7722
1229
4318
4307
8136
3082
5259
2694
8183
3664
6648
3560
5071
4250
4014
8526
7753
3411
5173
8652
2802
6842
2651
4257
1113
2191
7393
4288
3254
571
3699
1743
6070
6204
6817
3816
6599
3325
126
1053
3276
1524
7172
5672
5997
9732
8706
8592
671
6771
2404
728
2491
9734
7517
7074
1966
1817
5412
5377
9293
6811
584
6444
9650
517
5536
4046
1111
3963
7988
570
5182
3931
1362
315
9338
259
6942
2106
2702
9135
8137
1577
7008
7568
7500
7708
4538
5384
6081
5383
1453
1361
8990
6530
4049
6941
2063
6298
350
5016
9952
6881
6864
9418
6132
3253
7115
8025
6340
6670
1979
4524
55
9201
7813
4698
5290
2322
9792
9408
6701
118
4378
2913
9882
6038
137
9255
6530
1951
8174
1176
8438
903
1735
5045
2639
1562
4818
3676
698
4930
985
7165
2004
2245
9103
9657
877
7464
2453
6118
1164
9874
425
2415
6704
9483
5691
6600
6173
2419
7901
7488
6443
6815
759
7439
1399
430
9765
2191
4212
7497
4557
7
7026
2633
880
1969
6745
515
3997
8205
7122
5822
9036
2351
3234
9445
446
6068
2836
2632
510
3698
3250
2189
2132
5645
4192
7188
5126
3845
245
6184
4779
4013
7302
6177
3230
3959
5025
4822
8187
6170
3683
1471
6489
9301
6086
1721
4724
8750
2619
8691
7798
4387
8416
3718
4545
3954
2942
3073
4427
868
241
3698
519
7492
4565
5552
9148
189
9241
7829
2868
3857
2275
8553
8643
5814
1776
554
4194
2266
4342
5400
5687
8712
2200
3068
7491
195
3621
3977
9831
6591
1773
3643
2100
2559
241
427
3982
4728
6118
6596
1596
1301
2758
7968
1230
7444
7619
6028
4571
4989
4056
7963
8023
1459
622
6709
5149
4819
8888
9056
8190
9354
2140
4279
3190
5411
2431
2662
5192
1453
4811
3608
9638
3754
8111
1512
4223
1940
1667
7891
5268
3915
9063
8031
4168
6298
615
7621
2724
6391
9533
6313
8997
7832
2995
3402
2547
9955
6131
6773
1550
2990
7965
3620
6295
1798
596
3252
4552
1579
3765
596
33
3415
2565
6745
5200
9519
5207
975
1900
9762
4518
8057
8334
5023
8629
6169
5549
9844
1361
2892
2661
3777
6543
1612
3346
9386
4039
9801
7375
7771
4828
5714
3141
9398
7015
4829
9442
8680
5280
758
8745
2409
2537
6852
6623
5282
8934
6743
8425
4809
6300
1214
1439
2568
9317
149
1581
5692
8286
4827
8646
6121
2525
7329
9749
7995
1618
9679
4706
9975
5832
1313
4254
8864
8648
4046
4939
21
619
2889
8618
5271
6442
9888
1506
8121
8708
8530
8042
1360
3419
2462
4227
7274
7067
4934
9909
6955
408
3970
9061
1330
5971
4401
4767
5194
4184
3515
4310
236
3095
3442
2309
6914
7934
2630
1313
2566
9519
8775
541
185
2627
1301
3001
4688
827
9172
1465
4265
3550
1388
7229
6923
3668
2012
6786
2523
8093
2318
2644
6619
2495
3318
9966
3405
1403
7892
2112
2549
8619
9753
5467
6284
6602
2709
8541
6321
5103
9679
5540
6778
152
1983
3888
9448
5887
1989
9769
472
8843
1164
6521
2038
1430
5049
2696
3548
9158
1405
5363
1577
1163
5306
3800
5740
9284
9843
7361
5935
3550
2123
5498
7825
650
1007
6113
844
6169
3984
7929
6117
5878
2857
1434
3489
3233
5023
5688
1300
5572
8518
1406
2021
7635
7008
6904
4558
4197
848
9370
2096
4633
989
6737
4019
6119
8322
19
4538
7717
5538
6485
1925
5410
8537
4185
8048
7218
29
6098
7385
4359
5315
2038
1983
7560
9966
6750
3926
2257
3731
2205
9366
3334
9800
2651
5507
5397
1275
4797
7928
5703
1054
2194
7325
227
3791
5628
5719
3152
9318
729
4718
5524
1288
702
2618
5789
5961
6863
838
4635
6334
7757
8135
5657
6016
8604
6358
1830
9917
3504
6361
7780
8328
5636
9376
7357
4449
22
8986
380
4271
9106
5432
3791
7273
9290
8697
9111
2340
3231
6037
9801
4342
830
1238
3189
5386
9498
8400
5136
7581
6929
2897
160
4325
5198
8834
6355
1169
8379
4670
8748
1818
3633
7114
9276
345
8094
3970
3673
7427
3105
949
9261
3455
9860
8262
7774
8137
742
7892
1941
4734
6789
6739
7437
8375
9045
3433
1675
8435
9375
725
9716
1693
8665
8889
6127
9389
1422
8936
4359
3450
122
6410
5725
3229
4355
1245
4473
5441
3655
3894
4138
7126
9279
7445
7042
9348
7837
9382
3767
461
7895
2516
1143
4860
6799
5768
5163
9513
9070
8959
1590
1390
5677
4169
5371
6980
880
5214
9097
678
4383
7579
2404
7335
8914
634
1888
3760
6505
5504
8044
6897
5605
5103
3097
233
423
4732
9078
8897
2514
75
7242
8882
7311
8278
8892
3223
1982
6605
8626
9901
1715
1479
7397
4262
9077
3942
9549
7853
3950
5577
4334
3701
3759
1226
975
8938
1300
1656
3394
9080
3439
2560
5157
2746
5236
4676
1237
9659
4608
8285
7961
9801
3015
493
7074
2375
137
8125
7869
9809
7200
6965
6897
2858
3560
9898
6940
6034
11
7393
4581
388
8744
3010
909
3627
1407
2552
8232
7748
7820
1508
9681
7710
5390
6609
3567
2414
8755
4755
7906
2143
6322
2873
6825
5511
1332
7985
8676
3301
8015
3754
7569
791
5057
8773
742
6200
6614
9301
3801
7941
1877
8245
3663
1808
7693
2552
9695
1982
296
12
4275
5308
9209
7352
8522
9343
7735
7813
108
440
4982
6760
8540
3558
8094
8189
1395
8789
3882
2799
3118
8340
2976
2084
5110
7828
7752
86
4232
4893
8762
2364
4561
7707
7112
167
8696
2069
6245
3288
7544
5566
9682
1679
2648
1044
2339
7646
9240
5718
6130
3500
2698
5763
8287
8693
8107
1501
7730
3598
3149
2973
8911
2567
6274
1504
2757
2650
7543
2846
4867
8271
6970
9531
4263
7090
5130
919
7333
5388
5834
9200
2960
7613
8321
1191
3256
6732
5569
3856
2016
8341
1377
402
3178
5921
986
3087
7442
8004
5146
8958
1572
895
2184
3188
9386
3573
8294
3121
7110
4027
2524
5718
7113
4585
3414
2084
1773
8205
252
4959
4997
8542
8794
5922
4431
366
3163
140
2483
4361
2903
297
9323
8234
6774
3883
9215
5885
2832
6423
1660
623
4434
1004
5472
2001
1743
9197
1316
7500
4865
4160
2310
990
5770
271
8947
4130
1868
1612
589
9582
2736
3714
8606
8694
2471
6790
6202
1518
6779
2204
4234
6412
8913
2342
9850
1276
1374
1096
9328
9869
9587
5126
8327
7673
3894
2446
3448
6513
7006
3346
1572
6919
7819
9758
1169
1221
4879
1817
318
2875
8797
8646
6212
4102
525
2041
3147
6988
7544
5863
4310
8596
7878
5622
3468
2001
8962
7539
5076
6336
1159
4851
3404
6199
4730
7393
7750
1293
8403
2518
912
1241
3689
6727
7694
1170
9688
4712
2582
7941
1394
3342
2872
8901
9567
8307
2344
5981
8194
3394
8121
3649
3259
7138
5848
7635
7938
2047
6082
8193
3958
9907
1939
3419
4002
7588
2124
2610
1513
9368
2768
124
7470
9987
1499
4996
4114
993
784
5423
2554
7903
7341
6281
7964
4403
3085
7374
9367
4348
170
4596
2237
2595
2652
7461
9406
1569
2051
5915
33
9787
573
7732
7233
2345
500
9413
1154
2388
2743
5291
6814
3357
2627
2349
1233
426
9726
8636
3117
7723
2545
7452
7051
1835
1663
1069
6607
9682
8917
1986
8998
6055
9696
3266
9439
5043
3734
6429
3923
5409
5282
6614
2962
1441
9312
5023
8059
8939
7712
4467
2440
9265
6858
6572
580
5854
4575
20
7994
282
344
4617
1835
8143
4334
3114
3819
5654
4997
3038
6313
6106
4245
2708
8650
7039
4294
2196
1008
9403
1191
7828
2812
3234
2635
2760
9645
6128
7826
1041
7171
2766
5087
4981
2501
6888
8907
319
7995
6630
6533
1453
3753
4630
6244
4264
6153
9978
5227
2049
9844
4173
2151
4390
1852
6881
8472
5411
8345
9301
8665
4694
4158
6466
7374
3739
1991
1604
7818
950
4034
598
8794
7390
9607
9094
7698
3622
7445
6536
3633
8232
7610
7430
515
2523
1566
4324
1043
3299
4557
7649
3371
951
191
2922
554
4621
4918
2393
8576
1426
131
5435
4089
566
2438
2432
8291
8035
6000
4283
6494
9887
9446
9960
9456
583
8500
29
9858
6715
908
8585
4170
201
3946
2410
5781
2817
6085
4491
8465
6615
2756
5402
7012
4759
5402
9319
5261
5635
5663
1288
5
3976
3389
5833
3409
463
4340
4001
2279
9967
7722
7296
3451
7871
7491
3973
7189
8473
7256
8252
1056
2538
8503
1108
6881
9271
967
8911
6562
1465
839
7714
1802
1641
1202
3852
4955
6662
768
228
8072
9827
700
9499
2353
6254
7181
1344
1148
6891
3924
1186
2626
5375
9121
2976
6947
6984
2226
1309
279
2442
2794
4479
1714
7812
1193
8326
4274
1633
1117
5882
2328
2571
5717
7069
1921
1834
5230
9791
2144
1945
4972
1968
2874
9545
8135
8801
7502
4895
3311
9699
4799
1433
941
9841
31
4719
5527
6378
9481
164
3584
8374
8731
3195
2138
9450
4991
5222
4456
614
2612
793
2341
6507
7438
4797
5099
3050
3878
8545
6273
5416
7935
9579
5636
8461
5255
540
4112
3628
1173
3810
6763
1277
4982
4295
2430
6054
4414
5654
4529
5624
333
8974
9938
5989
5647
7902
1458
8512
4688
5136
2604
3261
1403
7475
546
2855
7597
1953
1222
3712
1626
3423
2034
3635
4907
7939
981
9845
4595
1871
3275
9402
7085
8811
9847
6036
3604
9713
9568
7783
4142
3394
7573
4216
1414
1078
3837
8387
4532
1825
6815
763
3612
7137
1099
8956
3552
8963
1236
3804
8546
7429
1243
2224
9449
9846
489
4316
3439
1290
4136
4402
2726
4810
1903
7468
7461
9304
1624
1476
9539
8095
6927
1136
7390
6441
7657
7723
6247
5979
9198
9390
1902
8747
9573
3726
742
802
6667
9135
5317
8220
8720
183
7355
5275
6270
9949
8972
9739
2006
6751
987
1329
7945
803
6628
9613
592
2165
9846
2735
8904
2608
9628
6774
7469
760
7927
5474
3330
4739
7258
8475
6395
4072
17
3515
6791
2367
3806
8070
5965
7544
6929
8170
9841
232
8724
5937
8467
4670
2400
9075
2501
7348
6160
441
8391
2337
8720
972
4865
283
4049
348
1020
3434
3068
8141
6973
3687
5568
7371
4367
8851
1930
638
6108
3988
6752
1736
2008
218
8650
5899
7706
6336
9997
2793
6791
9710
21
3523
9053
1868
9647
5682
6201
6992
4896
4212
3365
5752
9925
4766
4417
932
7897
4033
1709
7818
5004
2743
2481
7869
6662
1484
8922
1368
1736
9849
865
9891
4778
7579
6552
8376
9351
5890
4020
6544
5762
1126
2258
2711
7171
2420
4104
4558
5201
8918
9497
1407
7918
9217
5107
7338
8522
7336
6681
1838
6549
8494
7608
8900
3700
4376
9513
2005
9246
9744
7826
6556
5076
6358
3609
6934
956
5073
7974
6774
3209
9011
2067
7669
8936
7275
5922
5318
2168
9876
2636
8104
4695
9803
5778
8324
5526
8126
4897
7191
3528
5711
6551
8201
9676
664
9788
6091
564
2856
784
6544
2034
7611
63
6770
4654
5800
8947
661
4454
3540
7334
4073
8243
9637
9265
2681
7555
33
4230
1648
4505
6884
5911
1147
5293
1711
610
5897
9361
526
8010
8208
3713
882
3346
2217
3365
9565
6808
6603
5479
5117
1659
7333
9468
1023
9323
901
6497
6293
3340
3798
5204
3282
4662
6134
7387
9169
3996
6597
4068
3862
6935
6585
5419
3324
4015
4383
769
8750
9093
9020
9551
5857
3072
4865
9111
4622
4498
7677
1459
3790
6886
1484
7229
397
1384
9901
5866
5649
9409
1602
5636
5188
1901
9072
6802
1037
5003
1510
4550
8446
5792
3611
2835
358
4440
1696
3608
7462
1179
5412
3614
2608
1944
1670
4874
4171
7393
7253
5647
8979
5026
3508
1875
8894
8239
5609
9260
7993
8761
5444
4359
9841
4940
5469
6805
382
4968
1622
291
5162
90
3200
4356
3535
3543
4009
9069
3965
1812
1010
6636
6683
1333
8495
5334
1349
9552
5768
2028
1988
1389
5789
8905
6108
3469
7574
5563
991
2899
8984
747
2430
8803
4643
139
6847
2086
104
1243
1162
9127
9784
3895
7325
349
1880
8353
7312
3686
1825
7622
9955
5228
8787
1024
8083
4150
7081
3544
667
7486
7912
3909
695
4794
818
9445
6084
9081
7463
8775
2099
8204
9307
1939
4061
8431
1106
1591
721
7315
7191
6686
9304
3113
5452
5391
1817
8445
6076
2624
5512
3676
2764
4
5769
6275
2209
1848
2290
165
4555
7654
7455
841
4286
980
4927
1070
8945
5149
92
8540
5295
5833
9576
2041
6299
9755
8882
3556
113
5847
8504
3361
4952
8830
8183
4513
2947
8391
5005
6430
7974
4028
7040
16
3686
3662
9111
9631
1433
9510
2902
3509
4765
5018
3639
6735
3573
7735
5587
5520
6509
8785
1761
5698
4734
8884
3557
2170
3085
1222
1834
1286
590
9308
9018
7798
3959
3734
6313
4421
6959
4615
9154
3618
4245
5076
1209
7903
3596
5273
4128
21
7972
2114
2101
2098
2116
829
7401
9345
4243
6442
8539
1988
4503
4171
5618
1887
5573
6158
2905
1588
8198
5924
1109
1463
5146
205
7203
1598
5798
4050
8188
7479
313
9935
554
7718
2573
859
5348
1177
4921
9845
2181
2089
2403
8813
8667
6399
3027
8220
2124
945
7906
497
435
8184
5105
8024
4295
5711
7271
329
3996
5866
6450
251
3283
1137
3902
4755
2556
5047
5667
6701
1133
4923
920
9397
3386
9530
1814
2067
244
9375
9576
3713
8815
4153
7486
4458
3962
4055
2113
4528
9475
498
961
1194
4691
3239
4122
7384
8405
6495
3908
9957
5429
3549
4121
9816
1187
868
6034
2839
3958
9763
2635
472
1389
7406
1589
4437
785
9465
1978
3388
6150
5203
9867
5760
8304
3469
501
5583
3059
7446
6754
2481
1298
4420
5483
6122
4249
9233
3083
5404
7382
7264
6159
2572
7298
826
8906
2830
2526
7065
2085
6528
4680
465
2851
8641
8877
5286
2467
3660
8520
9630
4399
6789
8729
4691
17
5198
9233
5573
4404
4102
1209
2986
2792
8671
354
5315
1024
6730
3479
3036
1270
1938
3022
3887
8943
9809
526
5223
7400
2403
3307
2076
5151
2453
2268
1615
5679
1641
8174
5571
1427
8265
545
3126
1867
9622
6816
1707
8988
2428
9934
8006
1154
4099
8220
1155
7345
4661
1495
5859
1129
8823
5262
9203
2008
1942
401
859
2233
3471
2980
8128
3098
3450
4083
103
971
8148
1408
439
5250
7400
8921
2425
1100
3754
4596
383
7950
5504
7644
3214
5081
1292
4341
4873
716
7658
5322
5147
8580
5923
9945
1793
8606
6684
4532
2802
2252
2942
6920
4555
7078
2514
10
3739
3240
9353
9101
1432
1722
7845
2704
7117
8141
2584
1781
9745
464
4839
1421
4660
1058
5146
7854
4360
4403
5667
9558
570
2579
4408
1913
1404
668
2767
4855
944
3291
4741
9401
5779
9816
3306
8889
7059
5032
3837
49
8238
9576
8352
7676
3033
8458
8903
9641
298
8172
5507
7647
4563
1955
4005
8506
2140
9543
7425
2626
2955
9672
2993
4668
7954
4334
8402
8042
1717
7646
5488
126
4214
4776
4281
9709
4303
7997
7312
1406
8763
878
2112
9873
7314
7808
5114
12
3568
9068
9518
353
3296
3699
3906
875
8234
7806
2658
5847
7734
2083
2772
8752
7195
6403
3782
1283
9097
721
8695
6737
255
6573
7838
3890
3418
4702
8443
8662
9675
4303
1208
5638
1300
5504
6572
2426
8783
9853
7996
8340
2170
5803
9134
5578
4610
5311
779
737
1771
2457
9120
1108
5754
4749
7314
1124
5616
2626
7195
9530
1859
8563
2981
5095
4346
8324
7490
2892
228
687
3814
6070
5974
491
1378
5825
9984
1246
9101
8893
4906
8649
4352
8878
2608
6114
7279
7949
4695
2591
4895
5484
8715
6270
5065
7863
951
5681
9305
5606
623
4487
627
559
5709
5974
5555
6488
8087
6436
9935
5402
2985
294
7243
3057
2901
9839
9432
6415
3027
1625
267
2001
1942
2722
8198
8618
9613
590
6709
6187
7667
9754
4935
8420
1716
3505
3654
3459
5100
1735
4133
9275
3437
9154
7669
9569
7756
5177
7299
32
6521
2501
5714
3804
4522
8292
7457
8243
9331
9532
1337
5872
9667
2108
5238
473
2766
7390
8319
4088
6675
1481
7539
3398
4153
1380
6833
6051
4939
5492
564
7091
3725
4486
969
8802
9465
9544
3663
3176
8571
3873
58
8408
3413
8657
1156
2162
9855
5859
9185
7816
1007
9984
3053
5918
9186
6749
2356
4186
8740
5716
1661
923
7937
2608
2228
2775
5432
6529
5139
2412
2393
2400
5084
9768
8891
3997
5589
8979
956
9460
3729
4154
5222
493
183
5623
106
9971
4209
9419
2348
5868
3491
8654
2011
9703
5510
6894
1163
661
7872
355
4257
6829
5586
6835
1866
1299
798
481
9625
6931
2434
6959
1355
2967
5925
5013
8248
3017
365
1370
5208
1650
3851
2287
5087
4272
7268
7883
295
7814
4268
6513
1512
8317
2081
8782
8839
5032
3874
8366
792
6726
5642
4990
9297
4321
5836
5724
4365
7747
4236
9866
6378
152
1112
178
3088
174
3938
7235
6878
2137
7595
2922
2866
1523
8669
5788
7028
5248
5316
3151
3119
1408
4843
9833
3806
5710
4671
576
2015
6869
1010
2624
6663
4531
7438
4363
4674
3077
4019
4954
9524
5905
7727
3698
7649
9811
745
3026
4038
7023
8762
3145
6898
5941
8361
3620
7652
5011
8978
8917
9170
2356
7538
7471
8499
4614
5953
8397
138
8745
44
6003
2479
4548
5294
7853
7068
2337
2458
7523
2545
2409
5576
126
5556
9802
9593
3316
5192
5380
4665
7775
5433
6787
5585
5532
1906
1063
981
926
219
9839
1312
7635
850
9732
4410
2479
2772
2402
4100
1236
2904
5777
8016
979
7433
7442
4223
2892
2894
3604
6648
9826
5608
1335
8754
2474
6311
3704
5887
2593
7865
1034
9221
5773
6417
6550
3817
3660
2831
7689
3834
6873
8897
1548
791
6029
1974
4465
4591
8433
6763
6297
1588
5410
7108
2898
9130
6125
4920
3294
7505
2330
3689
6175
7004
2278
303
3358
2958
8696
433
9882
5713
1813
5039
1790
7538
2510
9838
3916
3852
1255
4833
5061
5407
4067
6416
2474
7469
1339
5768
7580
6417
3213
5055
4688
188
1265
3521
