9265
5680
5356
1698
1585
4601
4579
3204
4717
257
972
2418
5633
8785
9041
4765
7087
7364
8517
2879
5516
9351
8661
1088
7604
6892
4810
3905
6878
6922
1579
1945
7530
196
9792
9834
1094
5700
2033
4239
4144
452
1036
2852
1750
8041
1702
2450
3849
9373
3721
4646
1968
439
7051
4188
9817
4153
2079
5037
4874
1190
933
2162
6534
9374
7372
308
8891
3751
2808
8626
6887
2425
639
5886
1739
7799
3437
5189
4696
1845
5287
7544
3462
4618
3644
5755
6724
8979
4552
2810
3977
5137
9442
4339
2009
1985
9765
2372
3075
919
6652
6386
55
3222
1398
9363
7349
5149
9322
8393
7168
8513
5044
9483
434
9763
172
1249
601
1294
3720
3996
4655
2432
5912
8623
2487
5794
3567
5246
1555
3590
3489
450
7491
1244
5288
3942
5768
9585
3185
5410
9718
836
5795
8865
2727
3046
9663
337
4669
2862
9363
854
1664
7398
8105
5707
4885
7045
3325
9334
3231
9402
2715
5143
1823
2706
2966
2045
7287
742
2086
2133
2925
2932
8585
7472
5179
7592
3050
4847
7554
4102
9790
9565
7487
1223
8683
3450
2214
8926
2019
752
5323
4454
5535
4660
5040
4202
5975
4682
4439
2112
5773
85
793
3554
2537
9322
2144
4011
1871
9648
8959
3483
5773
6262
7217
1143
4448
752
1342
7184
3142
864
5834
1854
6879
5261
1992
7960
9629
6931
7261
7571
3754
6598
5150
9797
8408
2756
5243
6757
2163
6263
4565
369
4339
163
6010
7258
1422
7922
1122
2832
1994
2777
9458
2342
4144
3127
4877
5106
5052
7642
3802
4819
6529
9005
9185
7967
6601
4978
6399
9944
666
3880
3914
8683
5317
793
4462
3269
3911
8067
6917
8353
1410
2033
5909
9762
7142
2149
1715
7818
5689
6036
1237
8933
9030
5918
4901
2405
657
7928
6114
698
8697
4040
1169
6734
3398
2988
1840
8490
1425
4856
907
2888
8339
4122
760
503
9590
2795
6748
2340
2951
3349
1264
1756
8093
9691
3487
6074
5204
6618
8662
4670
9154
4602
1550
7853
6346
3408
8182
1903
4047
6836
2568
2681
7808
8089
9646
7783
1682
1982
3774
3590
5403
6897
2593
6251
7674
4347
9473
2740
9381
6092
6176
2729
4970
9971
7014
1789
6967
8489
1666
1127
3765
6235
5617
1448
7614
9667
7677
9912
5151
7538
6108
610
4249
1900
4890
2792
4450
9951
9697
8212
4728
7201
5188
4413
6918
8022
7723
9618
8639
4715
137
6262
2630
2562
9849
2360
1216
1434
4919
9741
7650
6377
8411
924
8964
8425
7103
4998
4807
4349
3346
7649
5842
4655
2054
672
6504
5047
1699
1168
6246
4922
6142
2176
8504
1628
2149
9006
4315
7923
1681
5386
429
2810
6222
2906
9921
3390
4550
7642
4926
8649
2217
157
5495
2936
1657
4308
8357
9163
3906
1498
9857
7865
4359
6602
8574
5598
503
797
4914
4098
2575
2964
7237
550
4521
9870
9395
7677
369
2214
5900
9109
4760
4045
7930
7330
3234
7007
3922
8213
9178
8004
9203
1934
8758
6678
4236
8587
5429
6282
714
8907
7668
7069
2863
2979
6704
9484
6046
1964
5749
1728
8291
3736
1285
9252
7568
4447
4069
5828
2881
9658
3393
2116
2801
6715
6880
5898
6326
5047
6162
8329
9175
7489
7830
6923
1949
4405
7
9370
8471
5773
6278
3307
4440
6083
1188
551
2236
8932
3830
7223
5896
7789
5899
7020
6926
5061
7369
313
5360
5591
7091
2621
9372
6698
4455
2832
1109
4158
2035
8010
2482
4422
6248
1898
3040
1196
1207
6042
2755
5077
6904
525
5065
99
8426
1745
991
305
8260
7975
1310
5470
9770
8843
173
2105
7980
2098
9546
3461
9400
2800
1794
1897
7199
4228
8621
8631
2196
2768
9752
3670
9841
6248
4762
7455
5140
1398
1016
2081
5831
4808
2852
9681
8829
9895
4799
897
4296
1588
7439
9707
984
1649
684
6091
1710
5066
613
4903
2318
5870
2240
5643
435
5630
8430
6949
1052
7280
4092
2842
7844
8304
742
5315
7103
6372
6166
9095
3729
6923
7434
8934
6025
5233
2884
3744
5082
3617
10
2208
6874
7560
5310
1768
5571
9569
2104
6794
3334
8691
8111
9328
1008
4131
6072
3112
5605
3671
1445
6416
6025
1161
2942
3946
3294
6452
5964
7612
5911
3982
8450
6438
1978
5041
4999
1041
3412
4215
2014
2129
7479
6370
4375
4598
9055
6662
9950
6389
9074
2596
8224
9102
3317
7395
1438
9674
2267
1613
1963
1586
2664
451
8415
655
8388
3790
510
7817
3532
7844
7139
2750
3522
8578
1813
1634
1636
2668
9948
925
4474
702
7181
2294
1929
7070
1744
8666
7284
3153
787
8984
3747
4870
9495
1372
7420
7891
1720
7638
3965
730
4090
6342
3467
5159
5855
8183
8180
2457
9606
6821
9665
7146
8237
9292
2968
5037
6423
2174
8158
2323
2696
5953
8154
2602
5901
2323
7828
6675
1336
6394
2684
9838
473
6461
5255
7892
2681
8712
8099
6881
368
3072
3260
9212
3110
1428
2712
3988
4391
8539
9308
9897
2495
4528
7730
5971
5316
6311
8562
1123
3283
1707
8701
277
5155
5893
7800
4238
694
8555
549
1912
4686
5059
6414
2343
7820
1186
6363
7383
7827
1637
8051
4004
91
2571
7310
9014
4546
8189
4233
4807
205
6827
5699
7922
4316
8421
4468
9257
5627
9618
9470
7075
7780
7456
3915
8208
6994
2153
3366
9994
6593
4047
9526
5051
193
6052
6468
645
138
6056
9981
2706
4617
8639
8131
3272
7112
4190
1263
7272
155
1122
8433
3460
7175
8302
4632
5323
1789
8703
2444
1410
6820
7453
4552
3296
3653
2816
5494
9142
5808
3452
8371
7273
4459
8875
8897
6477
4411
3494
1563
8880
795
6368
4163
5473
6169
238
5720
5947
4064
8855
9139
8098
4432
9652
1296
7160
6186
2339
3929
4092
1191
4366
958
9792
3241
499
1249
1013
2553
8624
3822
5125
126
7230
2696
9453
2383
1974
5247
949
1600
516
365
4909
3657
4199
6207
1366
629
1425
2385
603
6453
6530
130
5210
2948
5547
3223
162
8422
6017
5803
5130
5481
1169
5156
7916
5774
3402
465
2828
385
1723
5935
6777
3171
3018
667
2287
89
4142
7858
983
2813
5642
5620
8620
1298
3415
1830
4042
7654
1068
4487
3604
2960
429
1579
5138
1592
5389
9907
4822
646
4385
6285
1737
7362
7186
2311
3943
171
2286
447
436
1635
3420
8582
4393
4583
6139
9652
1311
3341
2166
5221
2743
8726
5509
704
5651
6594
6883
2072
7221
1843
136
2571
9682
8746
6898
2999
9442
1150
8197
5453
358
379
2924
5758
6022
390
2362
8483
8599
8687
8466
2073
3062
4815
1903
4168
436
1953
9393
6996
6253
9517
1461
2028
9606
8207
687
528
7667
166
3511
528
930
3465
1229
4848
1319
5796
8170
9159
2853
8400
4996
9191
6870
2224
7326
3143
7911
231
7962
8059
5587
280
9644
4885
9883
7461
988
629
686
8777
391
6316
8731
7169
7747
1854
9264
964
381
6422
3165
6740
5153
8771
9722
269
453
4656
9794
6490
3043
7618
2155
9479
9617
7354
4323
1920
8958
2714
185
521
7755
5797
9060
503
3411
5870
7620
6331
2120
9138
2003
4303
2284
6514
7224
5929
2858
4137
7288
1564
6159
1932
9193
7006
823
7119
5860
5781
7528
5908
2854
9386
9845
2654
7748
2831
8208
8660
9496
732
3424
7456
6732
6053
6090
1799
7106
9592
6095
3044
1197
8531
9298
5325
4544
2258
2276
5847
8593
342
7230
6118
7386
8161
4522
6460
4140
5453
2415
8978
7967
5820
8023
1540
5947
1610
686
759
1244
1599
2937
7190
2374
4178
5265
6474
7941
759
8091
2312
4878
6312
7685
8804
424
7809
8366
4995
6289
7477
9699
6158
3294
3183
6802
9122
9875
6915
3837
4196
3771
8834
4572
4867
3381
6236
1759
5686
3547
2640
5455
4420
9840
4751
9024
7378
6133
4847
550
2694
9080
4587
6752
5723
9017
2344
1077
1934
58
7202
9865
9220
67
1172
1132
9182
8608
5751
1008
7013
6071
1154
3078
8208
1737
7535
8035
2709
2709
7855
6356
3275
8195
1155
6555
4269
6180
1467
6324
4603
5795
5820
8073
7483
1032
9866
8189
8317
8425
1558
9481
3243
8493
80
7474
6559
7183
6461
8963
9199
3451
4003
2988
4020
6216
3618
8167
8265
6434
6237
66
2302
8115
8134
4014
1851
813
9431
99
8354
854
716
9502
3837
6065
7647
5272
8663
4789
5387
9716
2919
6668
6354
5972
9782
7130
4234
153
2930
9624
3202
3989
7339
2268
3842
1694
4154
8055
4992
6738
3906
4442
239
7298
9390
4630
1234
4172
6362
1087
3855
3801
9822
9196
6702
671
5813
6749
7184
4180
5036
8361
5885
208
2741
3283
869
6861
4875
8841
2312
7902
4960
6073
3826
7545
9987
3456
7518
4514
3133
4753
8331
2134
1562
5102
9196
3329
7604
9653
7752
4140
4027
858
4418
822
3714
861
4020
8510
7699
9512
580
7450
9762
1752
3545
9751
7374
8741
2582
6798
1716
6751
7508
5167
3278
7063
4911
6413
3209
8391
1959
3430
4356
4271
8886
685
7028
5565
2369
4069
3300
3752
5992
1596
1082
8665
1927
1137
5493
7031
1119
8868
5314
8910
8063
7593
7902
2106
5435
7129
806
3798
7519
7061
6954
3595
6189
1687
3008
8007
1554
3863
6916
5212
8087
2214
1357
9282
4546
2299
1179
4859
5597
5400
4749
7344
814
2424
7983
1789
3766
1047
1328
277
7958
9102
9217
9315
5082
6617
3433
2847
3849
7367
7174
8874
8773
5373
7567
1318
4765
3016
3349
2756
6274
1645
6343
795
3703
478
9556
3090
9617
2684
7402
1258
2638
7652
2366
5067
8514
7239
2037
1450
1260
2393
8575
2403
3159
2998
6739
1625
2620
1660
4117
5479
2133
5833
3189
8274
5165
8178
9761
8333
3939
4716
1818
7848
7116
3387
2724
5942
8600
6533
2934
986
989
5122
6994
9086
7536
7859
1199
8527
9523
6635
9217
9448
2648
286
666
9865
9731
2757
7450
3939
2301
8731
5010
4963
9541
1048
4967
4921
657
5975
8689
437
6754
7653
1795
9805
6597
1833
2677
6316
2502
6955
5884
3562
5072
7682
6284
484
4159
4717
6724
6440
3030
4621
8551
6880
5483
6382
107
9128
3648
7105
3738
7629
3166
999
5302
8485
2266
2892
2522
7381
6153
2829
1931
7234
9728
8727
7421
311
9299
8638
626
976
3263
4214
9293
1329
4228
3202
981
5031
9562
8951
2853
7640
7972
875
9824
921
3522
768
9825
7308
7776
2823
4865
4628
3644
3090
9746
5607
5205
1355
5064
8814
8815
8138
584
188
3619
1431
7880
4409
4738
6092
4021
1418
4538
3654
3924
30
4322
2296
2944
9383
95
3724
7730
2339
313
9047
4479
4311
9400
9192
1131
4647
3848
5037
3195
6948
6235
7969
872
9266
6477
9062
8255
2933
5827
6875
8006
2600
7917
2730
8937
5833
3643
6033
3234
2468
7787
5562
4439
4730
8256
3625
5758
7502
8814
6850
5083
9837
6962
8549
5786
5751
7007
7959
8279
9390
7811
9918
1034
3274
8328
5784
8161
3878
3078
5817
822
9131
5733
6607
6240
9958
4240
9651
7125
9545
4694
9967
1804
779
9995
9702
5936
7836
27
4885
3329
8074
3310
1940
85
5577
8214
600
6908
6642
8581
8536
1217
8475
7052
5210
3148
4431
3694
5162
4884
2137
5364
3382
2114
1074
6297
9833
480
3653
1909
1346
945
2604
8087
6320
6570
8409
9436
8252
9662
4402
3068
4771
3911
4025
3043
1631
4912
9047
3997
4097
1360
1685
4507
5565
6112
9959
626
7697
9198
3477
9122
8131
4874
1367
8324
5207
6237
3101
5421
6250
1162
9752
7999
4141
2125
8233
4079
8433
2848
4659
6673
1420
5804
7199
4303
3606
5740
7309
761
2819
7548
4833
8422
7452
8209
769
4808
7740
5715
5946
4334
5156
4565
6762
5139
3963
5174
9358
3827
6166
5535
7768
14
1872
7868
1292
5013
1206
2408
6519
7122
482
9232
5725
5156
5665
746
5118
4855
1075
6607
1412
530
1439
1171
9451
5018
8800
4790
909
4388
400
5186
2009
6696
3376
4004
7487
3633
705
4280
459
7424
7714
654
3916
8801
4742
9817
6048
133
1569
6949
4350
1278
7039
9896
7087
5001
1105
6961
2761
2278
5733
8269
1722
6323
5856
6857
3661
7910
4891
2450
2316
5369
3032
2072
3523
6736
5135
8049
4813
6678
1465
4810
7485
2709
5032
7367
9626
7701
6401
7724
3080
5323
5735
8692
4015
8371
9429
1102
8154
4969
2856
2296
7631
3424
823
5252
9542
6069
7392
6359
7751
9054
1968
8304
596
4684
382
6006
6320
1696
1316
6362
4619
7706
9867
3355
1148
4780
7058
6872
8362
8941
92
5504
3926
7753
5715
4021
1320
6406
6108
1295
3812
2113
8297
2349
8633
6647
8420
8135
4598
3552
6287
2431
9945
4965
3637
2021
3302
2818
5516
7865
9296
4023
9114
9964
5175
2776
1713
5103
5982
8900
9929
2893
6071
3251
3016
885
1518
4281
1248
2671
1039
7543
1925
319
6564
3504
1945
7927
6943
6649
4710
567
8272
5722
6088
2224
8452
3409
1316
9975
7963
7206
2937
6069
8948
7800
274
4890
7479
6214
1860
3249
4510
3979
5466
9391
977
4656
4043
4341
6413
2005
3301
7334
2272
9291
1624
6882
835
8568
8465
2400
260
1869
7505
3466
1311
3028
7498
6002
7945
7875
4310
1635
6937
3470
7363
8018
4404
6889
2495
7395
291
4970
7276
8696
8722
7293
288
4868
4839
6945
5931
7118
2861
7568
7718
1713
9741
5276
8005
1200
9736
2692
4424
2695
9747
614
3364
4140
5664
3390
9160
2165
8021
221
5759
5075
715
4357
7922
2331
1396
5120
6663
5974
58
2977
3306
6558
1329
5698
118
6873
584
1388
3727
7234
657
2677
3087
4178
7498
3332
5308
3134
3335
4320
6131
6762
7534
6470
4979
4763
9615
3225
520
2362
350
3348
9570
8581
2174
8331
9089
6655
8300
2144
2160
1928
7205
7009
9499
3191
8277
5806
5918
9795
6045
2936
9083
7777
2320
9349
6727
7256
3946
7536
4706
7840
9006
7614
9698
2377
5290
2987
8107
5816
6921
1683
7645
7116
6853
493
7705
8671
3510
17
1761
2040
3340
5945
5691
1773
453
9462
1346
8933
7323
4266
8090
4220
3085
898
4830
5375
7032
8711
3175
2247
2850
3578
9867
6164
4771
8668
3711
2878
8145
7456
3914
7984
1334
2808
3608
2625
8848
5068
8424
3639
8053
9337
4499
1472
7360
1557
7465
3771
4701
6657
730
8593
8924
3832
4541
7394
8197
7972
9665
5289
9609
2912
509
6993
593
2055
678
721
310
7211
7229
8450
5388
3138
3554
4770
7291
7275
3561
2689
3611
5294
9815
9913
1179
1794
137
9227
8478
5624
3777
7107
6244
9220
8751
7965
9200
9420
5784
5825
2571
7080
3621
5610
6148
8297
4122
3685
5473
6631
5137
2517
8983
2323
2658
1667
7187
1179
9554
9778
1571
9116
6614
4129
6339
4753
9986
6345
1687
8185
2658
1862
6978
5079
9315
531
1777
4451
9903
9710
9864
4190
7108
4874
8118
7970
9808
7827
1559
72
7899
605
8806
2403
9345
3429
9997
6154
9099
1929
9979
6291
920
8403
800
3563
861
7808
6584
6850
6694
6623
8993
8355
3687
2997
6571
9601
9893
7422
444
3612
4410
7614
2589
5347
264
3941
2404
5828
6269
7152
9246
3903
9135
428
5657
5064
4485
5062
8987
5611
7186
5790
851
8282
4543
9994
1914
4994
3123
4855
1301
9436
7633
6122
6010
8911
6783
3556
2637
82
8206
7124
502
9615
8747
9254
2272
1220
1601
3849
3136
9747
280
4175
4160
7081
6750
9501
5015
4107
5776
2306
6135
7564
1110
1189
915
4555
2168
935
363
3785
1057
135
9733
7001
3679
9972
8650
960
1123
7581
2586
6300
7803
9988
2380
5953
8393
6226
791
5038
2064
5908
1894
4927
5147
5874
7307
3035
2234
3968
5235
4861
4553
2622
2017
8032
9871
6410
1738
6707
1504
5573
5293
1692
9519
1187
7533
4632
788
4300
8364
2129
6038
6703
3509
5161
4501
1943
4726
9155
3110
8357
4185
7057
8652
2844
7709
4135
1423
6252
9942
3342
5932
5863
3373
9797
9065
4175
5669
8162
2099
3632
9628
23
5478
6330
9385
3039
3912
6726
2264
2407
6402
8249
592
6201
3420
2535
3486
3188
7620
7327
3583
1672
4539
9685
6879
5069
6412
7245
409
8211
7130
2306
7337
8099
7573
1126
8710
645
1432
3252
2438
5195
9762
6177
9469
1082
1166
4689
7350
1433
3730
2166
1628
66
9777
3779
5989
3334
1261
8815
9068
9789
7437
8741
1609
5339
230
5433
5807
1710
2313
9364
867
1667
7673
2224
2628
8760
2071
5551
8490
396
924
9269
1887
3299
8802
9767
8165
8454
4719
8523
1315
6151
3967
31
9472
8386
717
8853
8890
4990
686
6460
5346
8595
5899
8026
8232
7206
3689
4629
2047
3312
4566
1697
7485
5917
5377
7827
1010
4895
8391
6757
3250
1795
1094
7202
9296
8155
751
6353
6920
395
8157
1678
9785
511
2365
5411
2910
1433
9497
7143
5896
5609
7028
5069
5866
5636
8788
1917
2672
8871
7975
4335
2124
3653
6564
8419
8286
5996
6208
5838
8992
9558
3833
8895
7531
4187
4530
4464
5546
6132
1307
728
585
8554
4284
4781
5817
9389
3214
8342
5379
5393
3462
9695
6486
3218
4863
3830
2015
3928
3282
8706
868
2821
5861
7635
3213
9132
3198
692
5519
2620
9778
6461
4934
3305
6207
7093
4463
7500
1282
1413
159
2128
4773
4456
4259
2126
2841
1870
9846
6195
6572
3280
5928
1596
5222
9966
321
9316
934
803
3442
9588
7044
9674
3027
9065
8771
7674
2143
8756
2805
7853
921
2698
2938
8254
9897
5164
4039
8977
7814
9361
7247
2972
1394
5246
8321
2483
7309
2680
7853
3938
7286
6401
948
4019
3093
4350
7243
9423
4558
7385
3915
5585
8899
3250
4137
9254
1226
384
7293
2769
7397
9382
7617
1115
836
1600
1016
9111
6723
108
9320
4084
2897
4662
2469
8155
8719
8716
2220
2344
4688
672
4089
4934
1059
236
5621
3923
9962
159
4847
275
2679
2502
7670
6736
1026
4678
4976
9806
8265
293
1018
1853
709
6920
1933
6631
3028
3943
8425
2698
9144
2253
5585
5008
5084
6876
5330
9785
158
3117
1105
1514
8814
9476
1648
1599
481
6050
7357
8316
418
5957
7688
8129
7798
3642
4750
4204
2234
1219
9990
8664
9836
1587
7816
8978
2098
8245
1621
5549
2890
5133
3719
5420
5248
5638
2021
2780
5173
4363
4563
2196
3170
5025
7476
8021
8841
33
541
4347
3220
1300
9448
4470
3709
3447
9665
4546
7737
333
2225
6097
8066
260
6948
2875
9407
7679
7129
7324
1346
2947
1222
7292
254
2206
9957
4108
9698
1121
5439
6747
7671
6206
5907
4680
7682
1948
3218
3170
9062
4199
1307
1211
713
2597
2078
6684
3265
52
9871
8914
2667
7486
2297
1894
8952
4702
573
4330
5445
1277
5878
1678
5765
245
585
6819
8125
1767
718
7319
891
3159
4117
1855
7908
5397
1864
8659
8489
1735
3723
1090
2853
2721
3122
5111
3766
5511
768
2947
5365
7417
2055
5130
3716
5277
3296
7930
131
4843
8472
6485
4206
481
4214
7487
4775
7335
6501
6339
2827
9789
8850
8833
9796
9072
804
7874
1419
27
5234
1548
759
282
4501
5408
8854
2602
9116
3937
6615
5213
1286
3919
7618
2937
8272
5409
5717
6144
4698
4130
363
6106
6488
1282
4219
190
4370
6269
7963
8352
1320
6776
9710
8452
9638
6839
6113
4496
4112
7532
4622
6496
6538
4843
3739
4739
759
2201
8243
4819
3436
2178
8542
2
6127
6473
9023
2320
9121
1962
4266
904
9206
4459
6304
6922
7373
9538
6392
612
3968
1568
524
8585
554
6315
5789
1107
1615
4361
9444
6133
941
6152
1766
5769
7325
8970
3971
9049
2422
1438
6556
2569
2350
3162
8814
993
9565
9796
1855
6728
849
6384
6884
8619
3800
8580
6397
5742
9325
6455
5885
5129
3074
6519
9065
2548
8902
4106
4845
3277
8163
9501
7109
2726
4246
2376
7759
6604
540
3026
4059
2961
326
6416
4699
1291
3785
777
7581
8870
1461
3046
7906
6276
6447
6837
8330
7269
9116
1468
3214
4705
4557
1706
9866
2994
6258
6489
8325
8815
6572
3664
2526
547
2084
6021
6357
3437
6785
5424
4691
3792
5209
4618
8406
7786
4952
5316
2733
1681
7702
4052
8925
6297
1544
7290
7262
9923
1893
6098
1717
6480
1203
1154
6286
1859
6093
1058
2085
1476
1860
6315
706
4816
5376
5272
3215
462
2208
9865
198
8925
2645
8551
9676
7080
5992
210
7397
4572
1091
9557
7362
5312
5747
3963
318
8051
8920
2395
5360
4212
3574
3439
1661
170
1419
883
4990
196
3645
1816
9514
5947
8703
3064
9536
2291
160
3379
4179
8672
1073
7544
9441
678
7521
6848
9554
2648
7383
4229
42
7410
4426
5776
9739
7123
1968
2687
1546
3105
7330
9605
8555
9120
9848
3243
9148
8782
9846
2788
1452
1461
6258
9487
2390
4180
5025
6149
9550
55
7758
6210
9990
8450
1398
289
6653
3021
7554
3904
5813
7961
6194
5603
2927
4753
1555
9508
1221
3307
253
2232
3876
7678
3803
1244
9909
4686
4615
7518
246
1762
7745
1208
1353
4391
3964
7864
8232
4893
694
2987
6580
1263
8194
6551
233
4688
7972
4456
8655
6081
7080
6850
2480
7871
3743
5605
2001
6553
3063
4255
4510
3967
3157
5115
9223
246
3522
3543
3889
2264
6080
5059
9114
552
5031
4437
4765
1267
7168
3226
7950
8962
9804
4583
3442
7292
8274
9437
5518
648
3493
5499
7067
48
1838
5933
8723
4306
6170
5603
923
4880
8114
6460
1964
9415
5155
3681
9711
5612
2890
1358
2421
802
174
203
736
2505
1177
3657
4498
2576
7204
9495
9152
4459
7839
7620
3170
6255
2314
3519
7370
2714
322
4907
4590
7089
5467
2414
5188
5281
7366
4536
5417
2838
9376
9841
9981
7530
3671
7147
479
6277
6170
3063
8017
7010
8236
2259
3959
707
436
5585
498
2763
8580
4259
227
4345
3523
6418
3790
3348
9545
1485
9565
2178
2999
9038
6285
2163
3937
5385
8025
1306
6825
735
7698
3979
8313
6175
9416
4335
2413
5419
6679
821
682
5160
6880
2084
8559
9039
9267
4283
3559
8624
614
745
1143
3175
6005
1720
490
999
5638
83
8183
6450
39
5961
3163
1546
7943
7498
3817
962
1501
4526
7851
6638
6249
1749
6547
2697
4469
5593
738
7878
8248
3263
5380
8590
2487
1661
5447
103
5512
1397
8534
1269
628
9839
9414
1146
1208
4982
1164
8586
8297
7848
2696
6970
4433
209
5011
3798
1610
3681
1856
5425
5958
7993
8034
5271
8441
934
4474
7871
9636
6708
9179
3644
6878
9267
1485
3043
6096
7591
6985
9814
7166
1321
6423
7647
5165
3755
3762
2872
853
8185
6693
775
3429
971
6677
8344
5934
5607
2042
2450
5677
3651
4986
2059
9000
1144
7156
2071
8451
34
6310
4924
8639
9252
7772
1889
9281
3864
6214
3413
2027
6868
8164
7723
3385
5832
5408
9363
313
8516
8760
8244
3672
8567
4551
7526
8789
5202
4016
1404
9365
714
8262
9966
5138
4428
4970
725
1312
6539
4849
4303
4798
8054
9313
2930
4597
1605
8521
1821
1761
6497
4154
250
2504
9059
1910
2096
363
4868
6980
2517
6777
7700
12
3633
2603
4279
5781
6573
5023
8953
5384
6346
1028
914
4993
3679
3006
2437
8370
106
2519
6338
8692
5863
5427
2876
6907
9934
2222
2308
4932
7143
564
7540
4910
8233
5196
3832
5026
8735
7954
2374
5216
2268
4639
1534
1687
4070
8056
1773
8337
9965
0
4668
7593
9631
9019
1285
6042
756
5856
9205
3845
9508
1177
5789
9310
2393
1258
818
3972
2863
9372
8741
7723
2823
3669
349
264
8635
9030
5632
7160
5132
4625
209
5789
9127
5652
3363
2230
8534
5814
9963
3610
8674
8941
2019
881
9766
4090
4059
9775
7743
8994
7178
9918
9904
8073
4547
7815
8035
1069
6691
7548
9097
8124
4566
4661
2818
340
3833
9381
6343
5237
5114
7704
3860
2436
5851
5611
6628
6687
3990
2328
9717
5720
4155
9725
5755
7824
1844
536
2176
1185
9353
7105
5753
9287
6191
8036
1764
2972
60
1417
8109
6496
1734
6562
2703
242
41
6288
7367
9549
4583
4802
8053
9585
6281
3772
9180
8652
3684
2176
825
7733
1975
2459
9776
5573
7473
8206
3313
1171
7999
8008
2970
5675
3251
4604
5078
9882
1888
6036
1571
7848
5650
3362
6065
1154
4058
8463
3398
2546
1703
2450
9871
5166
1840
6782
7633
411
9598
9320
5102
2299
951
6372
1954
954
3301
2043
7277
4848
7237
2379
1707
7076
187
6107
623
1422
9202
8857
5359
6839
9969
8451
6856
3184
9177
6862
2929
2715
5004
918
7278
7849
920
2754
1867
8737
4640
8451
2568
6810
9019
3785
644
4533
7509
2002
6322
4442
84
832
3049
3582
4134
7782
4039
3998
2982
7087
5077
5738
9485
6010
5973
8753
885
4310
3239
8964
1160
9222
9404
6026
9463
7426
5170
5648
4134
7274
7230
3418
7237
1046
6152
7387
1770
6447
2480
9405
2234
1220
5950
2605
6
6602
6887
9542
8050
3492
9148
6408
3073
6634
2364
6005
3068
5897
5705
8712
6929
5447
2360
9394
5080
9249
2818
8146
4209
1299
24
3136
8921
6627
3523
7655
412
106
9993
605
1396
1088
6332
3040
5199
8259
8988
8126
8783
1636
3901
929
2122
5662
6003
2469
7362
9331
1657
9511
4975
4405
9474
8557
8344
9806
8886
7180
6481
6845
1774
4825
3983
686
5291
8960
310
9156
3809
4282
2003
2741
897
8415
3750
2050
4499
200
2470
2721
1618
5903
1609
9402
1490
4469
9339
5322
7549
3136
5115
343
8458
4079
7798
4625
3631
4524
1931
4945
5565
8413
5773
3105
762
6438
7271
2216
1517
4062
9753
6880
737
6092
3137
1397
1324
7903
7189
5228
1418
9079
3117
4925
8674
7411
4045
3263
4730
6440
6656
4191
3510
2538
6400
8412
2828
5498
4258
8530
7059
2973
7471
9778
7354
9092
1756
4394
4869
3245
7531
9862
2353
2726
3498
2578
7097
5417
3530
7354
9665
1416
6058
8017
4064
3446
6385
4555
7323
352
4139
2311
6747
2166
1755
4892
4672
7434
2174
7806
1248
2132
8224
7517
3576
607
4216
8891
5635
4548
4110
3880
4456
4721
4333
9036
8445
8469
6356
9344
842
7706
7958
681
3065
4672
3681
7713
6025
5458
4092
356
7425
9431
4105
885
4529
424
4426
4603
5733
4793
7311
2283
1507
5349
8366
2915
6067
26
7020
5567
4174
6734
3655
2796
4991
8957
9926
5479
3479
528
6936
2257
6653
2940
5241
9538
1841
9956
6819
2710
785
1867
4961
4968
4485
6106
9887
7498
789
7498
7421
174
3611
7311
8898
3220
6083
7410
3422
5585
6207
8313
1383
9240
2582
9988
645
264
9964
2727
185
6465
8861
4671
8376
6451
8339
4883
1813
7270
1048
2457
5916
8448
6501
1329
2604
3718
8104
994
1244
8290
4084
7343
6782
5805
2626
5878
1024
9658
4390
8469
9807
2111
2829
9017
5814
4880
3697
2612
325
2666
2847
2858
4749
7833
4752
3241
8727
3270
4051
9202
2500
7984
4572
344
767
2213
2517
6644
7935
7406
3602
6690
1865
7109
5251
7436
3554
6931
6403
7010
3009
6490
8510
2610
6403
3228
5279
4745
376
8135
5782
6310
8859
4269
361
7671
3024
1508
7282
3523
85
6278
2662
5043
6491
3910
8933
6333
4974
5760
1309
8399
5455
2475
3705
5509
4499
8287
8535
8711
8084
2973
231
97
8725
671
4896
7392
6643
6636
8956
6342
9687
7416
7412
6203
3880
3814
1286
4624
8926
2459
4978
9569
1073
3777
1989
9014
6464
8996
204
7237
6637
8364
8330
7816
9589
9512
8532
4775
926
4083
4362
6850
553
5974
1136
2382
4598
9082
1643
3241
4231
7864
6295
9466
3149
7951
1396
6986
9806
8800
5570
713
537
1145
4273
9215
4848
9005
8107
8544
8131
3821
8541
4491
7998
6517
1024
9167
6584
9717
6038
8139
6972
6794
5856
4576
933
3881
8429
500
1107
599
9884
7366
2602
328
2226
4922
2441
34
8087
5472
5320
8605
5819
3061
2378
8905
9782
3349
2578
1212
349
5802
3234
9255
2449
6022
7151
9651
5969
2090
7664
157
5743
4881
7558
8540
8640
1884
5253
7163
8653
6330
6495
8647
7207
6291
5250
7446
8823
5601
5320
6018
8196
4140
3565
2049
1965
7872
9422
6834
1302
1710
2812
4630
4831
3196
1471
2569
1200
2409
7927
4620
7249
5713
9838
8336
8133
3241
1050
8784
1191
9864
4926
2331
2733
2355
1120
5597
8809
4003
5925
7738
7119
4372
1177
3446
4784
6797
3467
6852
1492
263
5316
4744
2599
1339
6184
8331
6426
1805
5045
6699
6058
9343
3096
6732
1198
6899
4240
5759
8793
4273
1338
702
8160
1265
5723
657
9478
3590
4236
8768
4434
7528
3823
8709
1122
2619
8000
1596
8473
4721
7623
7403
6612
3785
9498
1304
9002
7474
0
5324
1009
3856
4176
3890
9902
2537
1095
5051
6324
2333
7640
9457
1294
8656
4381
8758
7703
598
5964
9272
1302
6409
8630
6339
8568
4330
3225
2724
7397
8162
4900
6038
2949
3635
6427
779
4635
1808
1568
1735
8751
5829
4641
3052
9466
3397
8194
3662
4394
5406
7919
4131
1894
4203
611
9129
3019
454
6423
4195
8804
375
3826
2065
1768
5646
5278
9548
5133
6809
8011
7019
3931
9842
333
9412
3276
6904
1537
7458
639
4009
4493
5760
8635
5801
8597
2127
8961
9073
7465
5578
7722
6471
9787
8579
815
5941
4559
8761
8408
7289
2028
3817
156
6025
4111
7166
3159
624
7790
583
4138
9241
8858
1443
267
2887
4189
6315
3805
1279
3587
7308
2699
580
3702
3535
2174
3308
7329
2359
2463
7155
1126
7527
7701
9612
6715
3901
8703
6575
9470
7807
3358
4548
8682
5120
7658
3803
2546
2559
1813
3813
3193
8861
8604
1058
9540
5529
825
2840
7240
2825
7734
4828
5533
791
284
6673
7588
9366
9129
3482
197
5055
5152
4477
2224
2988
4954
4135
4613
6560
6731
7350
5616
9250
9952
966
3164
5780
4003
5227
1992
7188
5169
7832
1446
4014
7171
6939
5456
6763
4920
6181
9366
3835
3076
9241
8386
9067
4513
7311
4957
9762
7076
9526
7018
1118
3467
6644
4640
3366
2994
9147
4613
4971
8996
5595
5109
7600
8719
6189
6642
2467
3248
8755
8645
2791
7294
7610
4547
2687
258
8521
4844
2649
1844
185
8348
1333
65
672
3428
8353
4712
5723
8723
9794
6948
136
4141
3585
675
3406
942
4767
902
8249
2936
6871
1409
7525
6599
671
2114
2279
3622
361
7102
6899
1067
5308
535
9149
2461
2650
5722
7023
5142
2926
1652
3076
1587
5221
5557
1935
8072
2806
5596
4683
6800
3486
9122
4223
1234
1292
6980
1565
4544
4342
7607
9880
7881
3222
2400
5376
4142
9573
8747
8396
9906
2371
2185
9714
6266
7968
3735
2725
8148
1017
5609
7308
7252
3842
645
5947
2312
8476
908
8720
2397
7252
9171
1757
188
9976
1552
1373
4428
1382
3505
1188
7147
5667
4901
8487
439
1957
7006
629
2486
8222
3326
7041
933
53
6926
13
2190
5075
1342
4260
3826
4726
2534
1332
518
5157
7643
7559
5051
5281
6254
2141
9733
932
6318
199
4589
1274
1054
5602
5858
3992
7120
8781
7786
3917
1057
5513
2534
8003
8798
2989
9459
3234
9748
3971
2765
6866
4246
9587
1246
3866
3799
3977
1252
7146
8919
9925
1409
1185
5674
495
8252
9788
8900
3557
996
652
193
9075
1989
19
7665
4382
5075
9242
7600
6909
9043
6370
6548
372
9385
1333
5263
9022
6572
4440
6181
2342
5142
7600
8615
1042
2424
9133
4574
4205
4122
5927
1827
1856
9679
4036
3738
6492
8231
6372
9776
5654
8926
7561
985
7519
8226
8598
1020
495
97
3634
4299
1486
1761
7177
5289
1615
7434
5264
7488
1817
5566
1635
4347
4994
3672
5980
8174
8843
274
6562
646
1794
848
7244
4170
8776
1946
9712
7632
6704
8136
6717
3949
9472
9221
3313
1156
3048
8918
5112
1952
2892
6580
354
3709
2655
8116
9359
3584
4254
7464
6393
2518
950
3999
9278
1178
4643
7751
1657
6176
9270
723
1980
8751
8705
1255
76
1868
1778
2512
761
8913
5499
2033
9513
7100
10
3448
9056
195
7770
6543
6733
614
3892
9678
7796
4893
3475
669
4611
1296
2611
1207
8340
2006
8453
2059
2014
548
3746
5900
4536
9015
8025
4696
1403
2717
1383
5270
755
1454
2754
7640
5522
1624
2402
8544
9681
5528
2925
4671
68
5396
9101
1641
2424
6484
6799
2756
2731
2962
2315
4014
6968
8631
459
6894
5726
8420
1578
7251
3916
6034
443
7050
1180
1889
1939
9227
713
6733
6580
6530
366
4383
6423
2283
3084
608
6020
2406
6759
6040
8257
2859
2046
7860
6501
2023
8933
4613
9256
8100
2273
8357
1257
8278
3871
1733
4459
1874
4497
130
589
3289
9718
5031
8837
6098
8677
8619
4280
8086
1014
8890
5640
4597
2637
5154
8202
7894
7731
6004
7011
1739
3411
106
9440
2019
8078
2248
6286
3065
7068
891
5484
3289
9360
1998
6059
7235
8934
6331
8862
328
491
1758
2356
4097
3193
2965
4144
80
8702
9476
2689
8734
8456
3894
9587
7107
8575
8237
8833
2019
511
3498
6100
2694
4192
8360
6989
2736
7971
7091
6667
9519
4364
2870
8442
8500
8983
5554
8376
7896
8296
8010
4565
8207
7315
635
6502
7818
3236
1722
8838
5462
365
9637
9530
4626
4490
3915
2815
6479
4465
7911
8131
1312
6443
3239
9164
7296
4362
7692
3721
7682
5303
2602
1539
8308
3081
3535
9519
5549
2771
2545
3475
7429
7706
3423
5634
4756
4513
7929
7798
6210
3908
1356
1929
5694
3342
4885
5648
1914
7703
4711
4069
3315
1117
7528
5311
815
1053
9557
2160
2495
1886
7782
2955
436
4891
525
7471
4894
9835
2375
8357
1999
2623
7461
4050
6830
1335
8644
5929
2983
9825
3448
8337
5775
4111
9016
5677
1590
7859
6562
2494
5125
8314
9071
5298
6999
8675
2993
9702
3044
6155
9609
912
4136
1974
3302
482
9395
5643
3767
1659
9801
4492
9938
8832
9945
1937
6317
642
1387
3440
2393
716
2227
1387
6974
3324
1698
1591
6913
2315
7947
7652
9715
7083
2451
2573
3539
3196
5682
5710
6164
5242
1270
2541
5305
3975
470
6983
780
5057
3588
3000
4222
127
5708
9413
2328
5437
2649
4346
2113
6098
8999
9659
1224
2922
483
8681
8481
7989
830
2772
8301
5323
6192
7943
4753
1914
7674
4229
2857
2317
7700
2765
1733
747
8548
3900
8273
5930
5280
6480
3059
4254
5259
2629
1630
4001
5659
718
7843
9392
2732
8961
6119
0
7741
3983
5695
8364
7815
9678
9687
4460
4238
9493
4083
3747
6448
1636
4797
9205
5643
6158
7101
227
2667
6772
9383
6981
4337
3503
4605
7186
5343
8697
2885
5695
6479
8536
4390
9938
3540
5656
7916
4497
1864
5412
6235
9212
7572
7265
2895
6100
8606
103
2946
6391
6573
8941
279
3513
5544
1664
6452
8351
6668
3375
1133
9147
5660
6758
9962
8992
5011
9382
4506
1745
357
6093
8129
3082
6803
3719
429
2362
1117
9024
5798
700
4354
6532
1684
8864
531
3478
4603
3323
7574
3881
5057
6952
7783
2062
5040
5721
8408
1115
5366
2910
4088
2820
6873
5536
7282
3145
5833
4763
4940
4124
8014
7734
656
9981
7488
5456
2792
3764
1990
9449
9618
1802
3702
5402
7203
1668
4714
5554
5240
6652
4676
4414
6743
9774
4472
1267
3748
5693
3400
8299
4336
2623
5469
1482
3531
2284
3616
7597
4826
6030
8825
6046
3828
1173
2031
2453
6582
4090
2126
8126
4423
7374
6743
467
2885
6526
3169
2135
6686
6085
189
7503
9691
6254
6871
8860
9670
1700
5208
7481
6317
9209
9401
3949
5791
815
2658
5534
6675
9446
9664
8035
5176
3827
1141
9683
6310
3593
5384
767
9219
2518
9790
2489
5154
8893
6897
8496
5014
2299
5292
5097
8117
1752
8041
6668
8871
8956
49
8647
9150
6156
9491
9059
8095
5104
368
2849
7006
6002
3970
9376
1288
3476
8781
5343
1273
3262
7678
377
4447
7812
5952
1154
9398
3152
6285
4140
2913
8449
7153
8966
6266
5999
5098
6386
6225
681
7276
5586
305
6269
9890
4798
2800
388
5455
6900
5285
5143
1410
9820
6051
3202
9223
7687
740
2692
3818
932
6481
7920
3686
958
3709
5571
4076
1494
5122
9122
2191
1352
3827
8223
2796
1580
5008
6439
2055
6444
8296
7596
3201
4061
4329
490
486
5212
7555
6568
7794
1494
4586
5406
5892
8115
6506
2317
1898
432
3861
6414
7084
6504
5672
8219
9157
9535
5452
1236
3995
1803
935
4320
448
8703
2563
7825
2529
4853
5799
6017
6987
4455
9953
8734
2430
4106
9989
5328
2346
7479
4223
3059
3094
7591
6756
8278
7743
155
183
4318
7869
7893
5895
7751
3266
5847
6037
921
1979
5254
2740
4499
4201
3978
4361
7446
9161
3285
8434
5184
9887
5021
2451
6196
6050
2456
4395
5667
9968
2899
9557
8169
9282
7423
2714
758
6171
3832
8868
455
186
2579
7054
8720
7150
8260
8935
5241
873
1578
5909
6674
4093
6919
2966
4132
9796
8175
5441
3462
9468
4124
4011
89
8526
4635
7446
368
7983
8792
2628
2767
4576
8945
9513
7902
8560
4281
3566
4778
3666
3067
7634
4330
7913
3513
7355
3209
8463
6448
8090
8500
53
3994
8941
8145
9717
2975
8333
4154
8387
4984
344
3813
8114
7587
6777
5809
8371
5100
1763
6655
1703
9662
4365
1658
3382
9286
7079
5173
8441
3935
6762
2064
1153
2384
4030
8566
5082
9438
9077
6887
3786
4239
1476
1836
7476
7405
3762
2908
1513
706
1801
7082
8142
3766
9178
3193
8488
291
4285
9725
100
8289
117
3503
5267
9123
5330
9229
3522
4732
5280
6203
5096
8767
1325
7882
5545
6947
1000
4947
3208
3167
6005
7985
7721
8615
3629
1176
532
8819
6210
5685
5573
5480
4160
5636
5616
5110
2734
8104
9857
4590
3204
9355
370
253
471
6786
1814
9529
5168
6251
1715
7222
7402
3910
5421
3382
778
2365
1580
4187
6873
3681
9119
3770
1997
5795
3098
2238
198
4156
2939
3238
8868
2746
3947
3388
2293
6951
8992
6035
7308
2007
9422
7884
733
8654
9357
1349
7717
3931
9478
6175
8711
5701
8952
2490
5041
9601
5207
5135
5821
3325
1620
8154
2163
7020
7607
962
1468
4255
7384
6150
3281
2700
5166
9829
8946
9645
7167
8394
3074
423
2838
6467
4208
1573
2466
3948
5457
5777
9787
9949
4808
7647
3231
9548
2263
5878
2843
6224
6895
8380
2789
2676
1908
6589
5702
3796
652
7447
277
1832
1318
8068
6046
8154
2871
5957
3058
6500
6399
8296
7096
1179
3098
1478
7217
9378
6275
4908
6073
9517
4659
7747
1337
7939
3575
7854
170
1134
1999
320
8708
7683
3795
1895
9204
1480
5632
9561
6700
2503
9856
3209
7540
8382
1176
6262
4110
3327
6363
625
4983
2171
11
8760
6778
9622
2895
4804
1134
4535
320
2955
4960
1007
7518
9251
1723
8467
7168
9924
7267
8375
8633
1865
9586
5513
9493
4163
4938
5832
4706
4937
1321
1967
7500
4591
4026
9633
6289
9970
5783
2194
8803
2158
1004
1136
2571
5324
6264
2013
5643
2780
7165
5898
6876
6922
8886
17
1238
4832
6920
8207
5166
2520
8593
332
6601
5452
5837
7816
1855
1212
7352
2884
8219
5755
3422
3499
5375
471
9165
3883
1444
2163
3996
211
4751
419
9221
4554
7790
2803
7021
3337
9954
9971
1637
3927
2663
291
2233
6928
6063
7415
1301
1617
6029
3864
9064
3634
2332
1303
1088
7168
8624
7326
6997
3510
7060
1669
8418
4135
7746
5438
6125
5355
1250
2462
136
8788
7946
2680
336
5164
2595
3431
8883
7164
3612
5271
7791
4283
9464
7361
2389
3985
7218
4882
8700
3687
3313
3702
3393
8350
4166
5846
2140
2232
530
9468
9551
4390
677
2718
4135
8063
9905
8671
6533
2874
6157
1582
8566
6297
533
1416
2350
1298
4623
449
7172
8666
6328
474
4503
6416
9853
7423
1838
9716
7430
8817
2220
6626
556
4891
7490
799
7275
7651
2527
3935
2563
127
739
2752
7512
5360
3153
7382
6090
2704
8082
4740
6751
6132
3862
2868
6395
1470
3382
8179
9026
1697
3301
4220
5108
8289
2469
2543
5943
2423
9461
4286
8947
6527
4216
9588
7782
7150
401
1954
5096
1651
4634
7896
4344
1544
21
5804
8533
2789
5017
8105
410
1393
8638
2423
5057
1974
7283
8387
6968
8720
3180
796
9328
2242
2938
8505
833
4966
8387
2346
2828
9166
32
9145
1545
987
4837
8733
4863
7545
7963
1195
3922
2165
9225
6376
6086
6220
9554
1712
4977
8578
8343
1804
3695
956
4541
7332
8191
1610
6505
3345
7675
1060
6872
2845
6501
2448
9548
9450
3996
733
1824
5515
4270
1728
3148
1747
6919
4440
1060
328
3256
8432
5978
1860
1363
9952
6965
5352
9187
3424
1225
2140
1000
3307
7301
5367
5663
7276
1020
2504
705
5223
3387
47
3122
2118
458
9755
1897
7342
4990
5777
8352
9230
1194
5413
9825
6676
6661
3401
2528
3900
4743
6111
1976
3301
2813
4060
2221
610
2860
8699
9281
3930
9698
3146
3234
6988
4583
9221
1760
9522
6563
174
9676
6481
3002
5894
8076
6635
2930
5275
3036
49
133
7485
4238
3528
3858
9262
8674
9398
6573
886
5936
1673
871
4048
6642
7973
9384
7717
687
1128
5208
7027
386
6908
2414
7257
6377
5544
1024
1202
394
3475
5769
8955
8895
8502
7336
6611
9714
253
293
1390
8548
4890
7182
182
9686
4917
1920
1502
1547
1828
7410
5956
1493
5987
3594
1859
364
2001
9619
6146
5773
4199
6
4525
5583
5876
7557
2397
2897
5834
4983
4775
1662
895
4141
9278
5619
6113
9923
1861
6583
9978
5699
2325
6313
1963
7747
1751
776
3448
4350
5840
4251
8240
6896
2950
3649
6231
8587
162
6098
4721
775
3188
741
8653
886
941
4171
4972
9446
3870
2536
7613
895
779
4498
8167
9244
763
241
9842
182
9278
4967
1602
3116
1947
4089
1617
2911
6693
5339
3335
8090
9754
3547
4633
1983
3960
3171
491
9100
2380
4977
3475
620
6392
8292
5340
9081
9184
2029
1683
8080
4482
5317
8018
4029
8640
8781
8327
6069
1019
3983
3360
8067
3597
2404
37
778
7538
767
5905
2713
3268
4247
3614
1996
3378
2835
5085
319
1949
445
3855
7805
4367
1000
4979
3799
6184
7886
989
6529
6454
1490
142
2246
7504
7381
5958
2507
1103
1588
7491
8449
7306
606
5444
9556
5996
4227
494
289
8468
9431
4650
5844
7641
3878
7994
8159
2168
8082
6422
1670
5771
6120
1192
5207
4520
7633
9904
2616
8851
7028
8852
