7627
3326
1654
944
6421
1304
4763
1099
7181
4031
9373
3404
7525
7999
1530
7444
9899
8962
7194
9002
5176
7057
865
5654
9427
7911
5441
2650
9024
1425
6703
7739
4280
9794
2751
4637
7445
2659
2127
1102
5002
6664
8254
7704
3982
1533
55
2714
4403
6527
734
7152
1975
9879
533
9614
1798
9361
3595
8556
1834
4539
4770
3179
3696
1705
8635
8774
2008
3381
3168
3588
9241
5171
7134
2185
5870
5539
6029
1196
7425
4432
7534
1268
8355
9685
3072
619
1509
1695
3678
3700
9606
7470
3689
713
5305
8181
9261
1133
2241
5248
6722
2033
4685
2149
2114
354
4522
36
5602
5007
9305
8984
9646
7944
9711
9887
4966
3650
6626
758
8847
455
4471
9982
5815
6010
4613
2987
7673
5304
6485
8346
8873
8650
5913
5122
876
6583
8454
5732
2743
3542
3599
1661
2851
802
9471
2650
6442
3174
2227
4986
4753
3991
6066
2431
6881
8785
7161
766
3155
729
7527
679
9000
7026
6610
2334
8034
1900
8325
3175
6883
8870
9847
1553
7664
3428
1384
6377
8689
7612
3642
7023
7800
8634
4586
4981
4443
3347
7385
2916
1023
4950
7980
3449
163
3870
5916
5517
6279
5
9963
3842
7688
6755
4180
2953
3433
9204
925
7888
1038
6519
4828
4984
2824
7362
9427
7909
9928
6243
8249
3279
1010
2690
5943
4774
3888
8850
7852
9698
9631
8422
365
648
9770
7456
5948
1784
866
5924
6835
7587
6167
3132
5437
8971
4725
7237
9698
3058
7741
6742
3901
5364
5807
9840
6044
9873
4817
833
6020
5522
4383
947
8238
4861
4415
3921
6641
4596
3999
6490
6365
6615
7837
1518
5713
5466
3987
3381
5722
7329
6078
9007
5801
4791
6441
7942
5232
7934
1659
3167
2328
5777
2009
7680
9154
8790
4873
6235
7544
1679
6132
8041
9711
2399
7607
4498
9148
4281
5335
4296
3360
9892
2094
1571
2001
6908
5110
8151
2182
7218
3281
8881
9102
787
9779
9313
7262
1350
1516
6978
7110
990
3318
2564
3566
1599
3255
7115
2146
1502
9331
9504
7559
7921
7026
389
1529
8694
5657
2870
8754
7776
1224
459
8041
1787
7104
1706
2421
9281
7726
3785
4221
9029
8168
6897
3037
1580
5234
5470
5911
5915
9821
9347
5891
4284
8366
954
5700
4074
6231
7001
2233
3356
3716
1424
7853
1279
403
3647
9308
9483
2929
1061
2002
4151
8509
7843
801
1033
1068
2734
6286
6038
2552
4275
8617
5383
5509
5878
7240
3516
7570
4019
5151
4443
4216
2373
6157
3937
1827
5028
4774
3353
2729
7001
6825
618
7307
1150
2861
9946
6136
9840
6765
7793
8696
198
4268
7448
828
6940
1735
5152
9952
6264
486
5199
7001
2461
3711
4758
6609
6445
4343
9534
5372
3418
6789
7776
6486
8437
6949
9795
4171
4168
5670
5616
7666
6719
5281
7554
7735
4368
550
2074
3059
3707
677
4126
6331
4525
5477
7633
6994
1791
6148
2318
5164
9115
1756
9038
7424
3390
6590
1193
4952
4665
4878
5033
2248
610
4683
7562
7817
5303
665
6557
9793
5986
1181
5916
6305
4712
5092
5624
5611
7804
5760
5629
4125
529
273
5048
1838
7660
7932
6223
6436
503
7178
4190
208
418
2831
9138
503
1125
7732
8702
9613
3856
5156
9851
6064
6563
6993
3677
942
7561
5760
5488
6948
9567
7927
5825
6501
755
2113
7417
6659
2520
3276
9572
7261
5237
9664
3584
3428
5853
7947
6465
5692
5673
4445
9281
1212
3377
990
4677
5905
4443
5255
4410
3237
7898
8948
8046
1992
3031
1347
5068
72
1837
2985
6079
1235
2974
3490
8151
998
6243
7602
1994
6064
8833
8029
3169
6936
5847
2880
3475
7575
6516
6026
6992
3188
8309
1114
4691
4475
4684
8774
235
4729
2092
6997
9523
8294
7249
6106
3516
8111
9997
5101
2060
9662
8940
8679
1424
5465
7977
891
8845
8132
4105
380
7428
8532
1701
3918
1028
5026
5958
7437
8794
2823
1673
3652
6195
474
8258
1739
9634
3843
1324
3488
7500
8107
4750
2480
4064
3459
7450
2882
4229
8973
3183
1985
8220
3402
6558
1796
2837
6577
2409
4796
2125
9385
8615
3593
4852
8931
2389
4217
861
5831
6390
8014
1342
6842
8267
9259
7943
4681
8750
1147
1008
7668
9240
3950
8107
2346
1347
8848
4489
9356
3273
5544
5193
9857
2811
1306
4826
262
5806
4185
5809
2719
5167
701
4998
8511
7783
1420
3529
3424
2490
9721
4210
1743
6986
694
9302
3543
2104
1334
469
3000
3946
7252
1265
3940
8984
1706
9385
8534
3009
4671
5651
3791
9514
1695
6792
142
2422
8152
7480
4155
4914
3071
8847
6369
6871
8013
432
5654
9298
6122
2845
2568
3328
4196
7673
5621
4275
9148
5092
2279
9490
8461
7974
9242
5916
4922
1255
4459
7053
5330
1642
3807
1721
8115
5178
510
2981
7880
6893
7162
2709
5280
421
6768
9056
5901
1861
4873
3071
4197
8305
5309
2069
7481
6382
6821
3497
6880
1704
3115
5742
8095
2418
4752
6531
5719
6360
5226
1270
6843
5025
5576
4516
2844
1265
7380
1116
4803
2938
8372
9025
8218
5906
2492
6030
1271
239
6403
3987
5142
9935
4992
302
5474
5621
6770
7445
6608
3133
9609
2816
9161
4769
3844
4180
433
4900
6168
3353
7688
2699
2697
5261
8557
7516
7592
6289
1930
1918
809
9681
7424
144
7376
2785
7680
8869
7944
9059
7570
3725
2400
3893
5430
6016
3794
1400
2469
3411
5008
6187
9906
2156
205
2709
8723
5842
1478
2658
7350
1486
1979
9685
1986
7134
2062
9419
7211
8776
1847
4464
4769
9852
2177
8235
5814
4386
5845
1940
4570
4098
5265
7095
5109
4706
2916
7584
96
7434
2392
1029
3616
8899
8797
2403
1440
7934
6350
9441
6410
1906
818
8929
6545
637
5938
5173
8894
7995
9522
4110
7222
1860
1197
4191
3300
2224
5297
496
9576
630
3892
286
8395
9986
1090
9840
8830
4052
4260
8885
1390
2277
1071
5577
6838
9925
5430
3735
6882
2704
6460
3639
9787
8543
6394
1224
771
4026
4249
3897
6879
5931
1197
6210
6204
878
1759
9200
6047
3492
8165
3997
7965
2775
2943
2621
9988
8808
6337
740
2804
9300
3400
4630
4254
6725
4107
8375
2807
7941
2576
2112
600
7901
1559
7459
6550
6235
7783
3478
185
8818
643
3115
4891
3099
6633
5296
3455
9658
6983
5666
4059
923
9434
9837
1347
7643
6148
6222
8403
3299
9529
1321
153
7727
3991
5718
3005
9437
3823
8406
2094
7809
4868
9124
5323
5142
8607
5831
3674
6318
5548
9636
6168
2554
3237
5264
2590
7077
281
5650
7628
7802
377
5095
6597
6503
4767
5344
5158
3993
1179
8518
4644
8278
2635
9437
5729
5850
4182
2582
9835
4041
197
3886
4673
8724
2798
8436
7443
5622
5103
9032
3829
7374
5748
3407
1103
3623
3237
5155
548
3266
8398
3079
2493
885
2556
7480
6658
7645
97
9903
6324
47
7845
5060
3578
717
537
7580
6517
8564
9896
1810
242
6113
7293
8948
2316
7668
1643
1748
1372
7644
4413
1151
9550
2594
8731
3611
8129
8898
5013
9081
3914
1124
431
6330
1109
9289
8218
5309
4330
7425
9274
6438
4152
4649
6777
699
7697
9825
2423
5768
2929
7452
7100
3938
1595
1649
5116
2808
530
6558
8118
3638
6914
5500
6057
4403
8265
5805
2660
1323
7189
3010
7256
7527
5578
601
5003
1975
7408
612
6812
6049
4135
1413
7070
4243
3064
3317
3764
1925
3914
9780
7543
5578
2702
8106
455
6133
1143
9964
8539
1497
8857
5530
7078
2056
7853
22
5241
6669
5022
1839
9167
373
4371
3563
1352
9703
3465
7971
4422
69
2669
1112
2302
9786
4531
1059
6027
1827
7829
9466
7525
6939
8651
7983
5032
5391
1092
8242
7301
9968
511
6471
1650
1382
5912
4898
6894
9473
7954
1695
5301
4891
4941
2334
8620
7466
6709
9291
3930
1682
7
9100
4372
3894
9072
6739
4499
5998
6611
5347
3411
8213
311
3728
987
58
8235
639
4900
2806
2135
300
5895
4717
9328
8795
3448
8685
7511
5990
8313
1876
1824
3525
300
7262
8570
4443
7657
8683
7759
3757
1096
4047
1433
9373
6524
9635
5199
469
4045
4858
5483
3984
2975
6574
9018
1106
3172
2072
15
2247
9003
958
2548
7593
6163
4150
6686
5403
9280
1929
5467
6914
552
1651
4283
1124
8475
7335
3161
4392
7229
3311
7236
9853
7698
8305
3198
743
452
3742
656
3812
2708
6708
6600
8732
8171
4563
2432
4487
3611
9292
8332
5368
4567
1044
3424
3959
5707
873
3723
7917
2745
5068
9140
632
4002
4700
5920
4894
46
6900
173
5695
4552
9770
9007
4851
3544
6712
7748
146
6974
3959
7413
6786
4696
6807
6923
1371
4656
1964
6604
8263
2501
2803
545
9477
5
2290
1285
7916
3428
3373
6060
236
3531
5060
8365
7137
2368
3114
8798
7297
1581
7360
2858
3365
9040
1408
9058
2868
8607
1910
3485
6378
197
6184
8589
2599
9741
871
7024
2036
9834
4189
7263
4785
4657
3462
2519
2970
5588
4956
2337
9864
1548
4586
8896
4931
8162
4834
3479
2005
6330
8634
100
9850
6556
7424
733
3668
6960
2751
8998
1018
7862
74
7692
9312
8671
5893
8912
9954
6651
6307
6275
9531
1872
5625
6059
7682
2611
2353
6095
2435
3799
396
8485
3516
7215
5135
4277
5886
9393
8846
1258
6723
3482
9222
7509
8111
9384
6835
2253
8302
1031
8354
711
5917
2315
2593
1773
8613
9399
1411
8414
2722
9848
4607
4627
9203
4018
6296
8089
5850
4949
8728
2560
7682
506
3237
4047
4128
7648
9173
4145
7169
4813
9150
6000
8499
6147
886
3724
3697
6562
4761
600
6470
9379
3321
5474
7507
2616
3568
5917
4267
8382
7521
7501
2459
7340
2108
1454
2919
5659
2272
2737
1920
353
426
2115
1713
3659
3628
9692
7289
1143
2745
1345
8387
2395
5581
391
1664
8070
6378
7445
8327
3665
4173
452
435
9010
4638
6310
1946
8829
6758
4336
3581
9094
8155
5029
7211
1607
4631
2864
1633
794
6391
157
6604
4229
1983
1973
5215
3920
875
805
8352
4819
2800
2362
4668
896
624
6570
8539
5290
9724
2338
7470
8769
8549
7224
4021
5547
875
8220
8413
2321
9654
8352
118
1475
5155
369
1635
2089
3654
8368
8683
807
6350
1170
3948
2331
5782
9184
2271
8375
5943
7180
1174
4101
2955
5105
7490
5260
8220
8981
1474
9374
603
4222
9653
187
7853
8845
7889
1670
7183
1292
4732
1473
9691
8864
5159
6359
4771
5499
2474
374
1129
897
3594
5544
6561
3364
8023
5084
3806
350
6867
4390
2681
554
8237
8831
8865
5568
9003
1242
4284
3563
1558
373
5963
7433
2127
7608
7915
5470
5568
2925
4872
1765
9693
2460
7884
6117
9544
3569
8037
747
548
6844
6805
7274
1554
9733
179
1084
3863
1962
3615
9523
8623
7703
6002
1584
5610
7265
483
7775
9300
1375
3974
5437
5363
5157
9104
2423
6809
8030
8789
7505
7049
3173
4354
1840
4359
2704
2775
3093
1080
5002
4908
8998
3225
9180
2788
3066
8939
6983
7551
8720
443
4016
5209
7917
3536
4200
1904
3040
1502
7607
4259
7348
9319
8293
8293
1121
6673
4453
8273
8559
5139
2590
5336
377
3897
3254
5317
3514
9271
4477
8722
710
2233
9764
4964
8679
7577
9385
4160
6963
6362
5696
9793
9574
6017
8911
8834
9266
4276
1814
7445
527
5450
7865
9270
1424
7890
9691
7626
8084
7328
2649
9249
453
1490
5296
7482
5633
7809
7884
2006
9331
2562
8174
7012
5790
1740
8440
4524
7045
3444
5480
9991
393
3796
1984
6347
3439
3082
4718
7109
4781
7212
3917
2895
1186
8314
4278
8929
3871
1676
9348
6515
6294
2410
4643
4336
8685
4698
9924
3287
8015
932
9312
2939
1231
3730
3686
6699
4922
4099
5651
699
7400
6462
4557
9313
6526
8164
5116
2876
3556
3390
1813
1181
1230
5302
5477
1434
1961
8273
8934
9832
6276
9145
3793
9494
8472
3913
8000
7065
4117
978
2094
2353
4986
907
4254
4234
4704
7333
1733
670
8772
4508
2117
9416
7120
2649
935
3316
4709
6372
8947
2066
4567
1015
4127
1914
5141
3406
930
6905
4707
7451
9444
1785
4086
582
8228
9455
9819
4577
5573
8637
5636
8457
8742
3784
8384
3352
669
2004
5174
8072
7503
4827
9502
1954
5182
4844
7292
5348
3279
6336
2970
9185
6135
1000
4688
1251
5650
8339
5363
7900
9696
3932
4071
9769
9181
2559
3330
5415
715
2428
1679
7952
9565
6260
6188
7870
2146
3616
353
6256
7885
290
2796
6938
9549
1251
3549
8070
9694
7723
2891
2905
6923
2511
2370
8081
2557
4372
5386
1882
5461
4017
1045
8416
5186
9635
9988
6606
2368
8411
4710
6533
2205
6386
8527
8840
5785
2124
4033
9316
5625
6026
2137
893
888
9529
2840
2244
3931
1929
6572
3733
4399
2872
7003
8524
1666
9692
8620
8151
9386
687
1282
1063
1622
7268
933
5840
7023
4841
4974
7664
5130
469
3439
9468
1149
3616
8349
2982
5755
6658
3404
747
2782
5155
5157
3176
7312
7122
5846
1917
4502
1826
4550
74
4442
2062
3027
4262
5587
4972
7946
1662
5027
6159
2563
7354
381
5335
5366
123
1008
5956
4221
1217
3669
5544
9704
2329
5105
298
8343
8324
3239
1334
3832
1970
445
7697
3485
829
5593
2891
6377
5571
2217
3213
2423
3611
2796
9650
1670
6488
4303
1474
4357
6795
5512
6074
5879
8674
9849
7015
1331
7327
9345
3616
4588
84
7365
6660
1655
1978
358
9176
9294
2097
3023
4803
9904
114
4654
7045
5842
1072
3852
7185
9079
9837
8427
2620
3223
72
6987
4302
3855
5843
4632
3365
4436
2211
6436
7432
4901
8338
9149
4105
8813
9038
2410
5252
4050
1140
5175
4996
605
4167
8698
8485
8022
6954
6130
2852
5387
3966
8556
2834
3644
1300
5409
2343
4631
9604
9535
7588
8219
790
7121
5745
7659
7870
7598
7045
6769
8101
3196
6339
780
962
3982
3905
2807
9399
6433
9924
5479
9256
799
6712
7985
9366
8398
76
6230
8746
2553
522
6317
3597
5416
4835
2315
5299
6014
9769
8433
9497
4911
3398
4833
724
652
5034
8974
4248
7405
6706
5120
2986
9865
9603
3345
5229
6901
6999
9975
696
487
9422
2558
2617
9845
7333
2561
8659
2367
5268
9637
4259
7622
5361
9411
6225
1319
6339
6511
6193
6680
6689
4441
3544
1870
1784
2768
3516
1849
6923
734
5109
4173
7589
244
2480
5277
5626
2866
8722
8981
1083
9747
2072
2676
4249
2051
9693
1508
4144
4574
2710
4680
3669
9575
5847
5506
8011
2033
2712
1342
3726
6718
8162
1438
2338
8993
6148
4962
7414
5826
1890
2547
6450
3358
8972
637
5760
1223
5357
1639
9159
7759
3482
7200
7985
3661
6810
7384
7231
3578
917
5080
6531
3147
4229
2607
7962
763
601
5562
4076
1923
5225
1566
9292
6249
739
1317
7083
5619
5812
1571
5321
6438
6034
1092
715
880
4566
8853
9480
9181
3399
5387
2637
1626
6049
3251
5105
8260
1397
7927
3186
8508
3546
3594
1310
7497
7105
2257
4046
8058
6742
1421
1389
3111
6434
2969
774
3186
4317
1900
5563
416
5137
5020
1778
8558
4043
8464
1770
9217
5098
4655
5915
8862
4905
5194
7579
7427
3753
6659
3341
3936
999
3993
2484
245
6206
8161
6326
3466
8885
2194
3916
2453
5977
1565
8117
1035
485
5320
9929
486
6941
4213
3051
9551
8955
7107
728
8073
5952
9777
8813
9002
92
778
6149
486
3497
2834
5455
9753
7650
955
3774
1041
4545
9444
746
6358
2949
1455
8355
4343
4610
9950
6982
3267
8275
9289
441
5840
6458
7454
8096
3435
6792
9573
5650
7276
6681
1759
7493
9525
8422
4091
2949
4600
2894
4980
1108
3490
5182
2650
7276
7192
9005
6748
5808
892
7189
5887
9424
3020
9515
6766
2507
4311
688
6478
4143
9869
8688
4652
6444
8578
1367
4757
1910
3262
1667
5425
5273
4628
5493
8413
5735
2493
4769
6084
9773
6369
7061
9018
6468
689
4663
9765
3635
5315
4854
7880
7985
3211
2834
61
344
9155
9368
8462
4101
2903
7878
8223
8540
6815
1629
9276
5241
3258
8756
9675
6305
9827
4616
5310
6903
339
6513
8375
5882
7539
6288
6696
763
6683
7493
2278
141
780
5165
7257
8229
5303
2393
707
4081
6376
9642
3034
2597
1474
6360
1524
3600
5288
7681
302
4749
7829
7166
8745
310
9417
289
9409
9314
6081
2379
8635
1679
2226
1163
7291
3963
5057
7073
4495
140
7986
2768
7164
8896
8987
4977
323
8350
7700
7476
5615
1195
2557
1890
397
8889
4923
7662
1273
6810
2433
1802
641
2738
5240
597
2616
538
2619
2690
8569
4097
3857
3348
2070
8637
711
741
4972
8367
7113
1158
6676
3125
4221
7313
5785
1945
2781
8570
2993
2294
543
2228
3739
5882
8466
2319
7075
5127
8679
6495
6100
2388
2970
9481
507
7841
251
486
1139
9351
446
6314
5107
9742
7643
3006
3696
6008
9346
9209
176
122
5311
6813
909
9067
5957
7758
7857
8581
7387
5981
900
809
2176
3651
544
3919
556
777
3773
203
1316
5716
6126
6410
2473
3694
2118
268
1694
9727
6136
8556
357
3435
5707
1114
2101
5269
6998
6601
6313
5937
9389
7156
4776
1622
1048
8316
2380
2978
6188
3293
3697
1320
1561
1311
9884
1205
3200
1671
7894
4017
4638
9069
900
496
9273
473
324
9240
6565
3559
9846
3452
6772
1417
8132
1415
3416
8203
7920
5381
3094
706
6601
7579
5177
1886
8057
6231
2256
6735
8429
3458
8837
4947
9890
6241
2187
9805
5513
6715
1667
802
1222
949
6027
1132
8763
1737
9604
9873
8476
2325
8558
3550
3263
4944
2658
3293
738
647
1452
2951
3992
8070
1907
2354
4609
434
5702
8186
7365
5939
3492
2334
3261
1486
984
3362
3759
9552
1679
4018
9172
376
9672
5350
551
5387
4856
2992
5676
9643
358
5138
6058
5137
7513
8797
3014
9543
6060
2085
6654
7954
5707
4848
1519
8573
7870
2637
628
5217
9567
9185
3243
4192
5976
396
8405
8113
158
4506
1530
2645
5780
7622
3143
1720
4686
8793
9606
6995
899
8432
1479
6479
9949
6076
6144
1908
8929
2946
8878
8639
8549
4162
3127
5810
2003
8069
190
8229
249
6640
1010
410
1033
9718
1476
2750
2532
3145
6435
5051
5086
7280
5477
4347
4670
1141
6020
8439
997
9221
5426
3950
8488
7722
2315
8209
2747
1990
6038
8315
4860
1605
3431
3613
7321
2325
4180
9367
2176
5426
3778
3763
3233
1274
5211
252
4833
5343
6334
5836
5198
2043
8228
6962
5626
7421
7530
4994
5910
9729
7920
7415
6396
9678
7965
5716
2809
2425
284
1080
1125
9368
2167
2239
7056
3632
3982
1925
4155
2367
1012
2085
3360
2662
9143
2896
7872
7390
7898
714
8951
7356
8528
3998
4365
1823
7383
9345
6363
2453
9535
4516
4040
3581
5030
3475
5760
2136
4817
5962
4544
4201
7752
2103
2976
2187
6783
4315
6317
722
8333
9995
1026
9129
6603
803
7922
2491
6826
8585
7237
1917
7985
4111
4989
584
7282
2434
2211
1620
8120
9632
2547
9312
1584
3174
1457
5679
3184
9207
7526
4492
6152
153
2443
6494
532
1770
2689
2150
6843
9376
8602
6725
1959
1277
2455
7867
881
273
9439
586
1208
6490
2185
6185
3598
8342
7175
2164
1407
4809
175
2081
9071
9786
5478
6813
2863
39
9451
933
8748
7705
6894
753
8452
2803
1371
570
9973
6532
1975
9148
7908
1404
9254
8631
3863
1339
7094
6864
5072
2388
2587
5428
7494
9888
6232
2348
513
8031
7959
7547
3186
9434
6901
9717
4733
2196
1421
538
2884
8287
9279
976
993
1962
7549
3887
3039
8520
6594
9333
710
4252
8143
3642
5489
2032
5139
9790
9406
7653
7063
7294
9377
5333
5363
4453
8837
1204
1552
879
2064
917
491
6697
2914
6585
8323
596
1818
7874
6831
7465
2869
6181
7935
8838
6740
6238
4061
9222
3048
1646
5615
7359
4733
6687
9373
2853
8448
4280
8873
2188
8991
8539
3024
5754
9243
2796
5307
7691
8124
3149
6994
9166
8514
8436
8718
1037
5795
4958
9193
7162
9189
4236
5941
6628
8810
1644
3413
5929
1619
7811
1996
7925
7843
6997
5184
7033
545
183
7563
5991
4025
5052
2334
8138
2288
8668
9745
2178
7809
1347
1499
7389
7577
1045
763
9937
8572
4015
4721
5109
6689
7705
524
7936
4257
7463
4529
1577
1415
943
5060
7997
7701
6757
6967
8271
6483
5985
1372
10
6292
946
3912
4786
3223
1948
950
2377
6102
1757
5396
3661
1343
3502
1822
7342
1917
4357
118
9486
7954
6871
2221
6625
1347
2698
6225
9315
5648
5160
6194
5689
8526
6703
5106
4271
5235
486
7657
2641
4110
4378
5794
4885
9104
7319
6502
5477
9627
9282
5219
4443
7941
9347
7704
4022
1561
4512
8240
5753
2122
7524
1832
1250
5221
1054
3695
7319
3858
2582
9753
7228
7398
3674
2655
5250
5785
2023
4023
3833
815
9411
7436
6886
261
4951
4986
2160
121
5674
6024
6132
806
1881
3666
8089
6203
4995
5345
7230
4023
864
3882
8287
372
6913
400
774
9853
4114
4310
2157
3516
3644
1989
3042
7972
6776
6
5140
9960
574
2429
890
7687
3995
6387
3427
6565
5969
6670
1048
7111
2888
1567
2317
3210
7122
807
1878
9920
7852
5703
6406
8200
4033
8899
1667
7929
2185
4194
9750
7067
8638
9124
9806
1938
3391
3744
5076
7911
8285
7577
5625
6517
5907
9901
7915
1373
3938
3978
6070
6151
314
3645
9304
661
3349
488
6653
3093
2750
9151
1385
7572
2895
4112
2548
9193
4952
4397
7023
4773
7755
7558
6820
3189
8115
1159
860
3777
7909
508
987
2565
7695
1933
6405
5465
7790
3738
5572
7758
9691
6596
2689
7944
3589
8549
7904
5699
4442
8541
9544
3299
9806
4090
3663
5916
4815
5875
8117
7002
1711
353
551
4894
2672
3883
9364
9046
4878
3900
3964
1000
549
2787
3091
1307
1636
9399
6917
9857
3161
6309
4724
9573
6284
503
9293
8877
1864
5779
6473
1820
4004
1021
9855
5815
4639
5114
9159
8769
9338
4722
2985
7494
3247
9153
1875
641
911
1514
1193
4778
7466
6808
9207
335
1255
8675
5106
4765
8516
6683
1981
2107
8311
2581
7624
2083
5730
4367
5714
9759
4165
6288
911
9276
7614
2689
8628
6093
6603
4483
8751
6335
2960
7995
2484
9684
5508
8353
7091
8943
6854
6513
6741
7019
5357
6459
2804
3511
4172
653
9242
6050
485
9595
9762
4991
2660
4568
5339
2005
6044
6196
1275
9526
1664
4610
4992
7242
9111
4133
7122
6343
8594
8806
8244
959
7034
1061
5225
7622
5186
3721
675
8447
3548
7669
2262
9954
5783
8394
8571
5340
4790
9555
9985
7634
5740
4113
8094
403
1715
6371
6580
6698
5789
6913
7006
1405
4513
8469
2953
6965
2055
9095
6656
1290
8463
6260
1087
1945
8539
1258
5177
7349
9644
6579
6421
1448
1370
3387
2243
5476
110
3263
3981
6155
9017
8932
7704
871
2584
4321
8442
1159
7439
1019
3493
7814
5713
123
7633
1465
8114
5389
2552
4069
4228
9304
3739
9531
7421
4389
8659
6434
8922
6046
2097
3583
9357
4420
358
4850
961
9709
7598
4432
7566
1736
1207
649
1816
7934
1185
8534
6194
9767
5261
3569
7840
102
1975
1248
1562
7858
128
7135
332
5362
4628
5145
7834
2661
3259
6723
5345
1659
8587
5061
2073
6915
6538
7382
8822
8337
1249
5026
9998
2459
668
2971
4165
417
6525
9898
4819
3272
8161
2112
7064
8865
3307
8845
6086
1754
1356
7692
5452
2000
1796
425
9555
4575
4161
3968
1792
25
1238
3428
3290
2798
3640
472
7862
3518
722
493
751
376
9128
9753
4257
4574
7256
9360
6132
7640
9084
5458
6565
6689
3996
6545
528
3937
2401
9564
3226
9304
7076
4765
507
756
9445
652
6281
9312
2312
9406
1295
7097
2297
7950
7452
6413
7248
7301
9592
4626
1488
7097
6994
8929
9209
9712
5156
7645
6205
7311
9112
5348
6336
1203
5572
7920
8424
3963
3776
474
2404
6896
3720
3485
5913
9186
6621
3618
7751
9585
1558
5037
4251
5141
7285
1811
7278
4362
7572
9447
4618
6667
5581
9280
5820
3225
7225
2023
2373
2217
1152
6994
1018
9624
9535
2041
4220
2683
1848
6914
1170
6247
1075
4957
4722
2457
9939
3934
222
6692
3075
7954
8219
8053
9886
2831
5213
8772
4574
6717
7423
8249
3933
9195
2271
6041
8135
6912
2661
7052
5057
7615
7987
3643
5458
854
7384
7627
5343
2643
5231
5457
8277
2210
6597
673
6575
8008
5528
6023
2936
9493
9450
6993
8586
2138
8997
8247
9845
2983
2952
7048
2443
799
2752
5986
4744
5003
2082
3582
95
2967
964
2982
8719
7933
5659
9251
2452
3612
9023
2727
4234
6612
7739
6260
3933
5537
5121
247
4508
194
6458
4613
5659
2341
555
4208
9159
977
6691
7685
3301
7007
2385
6182
3076
2725
514
7471
2273
2912
6760
1879
520
8878
2246
1637
6856
598
3000
6316
288
580
5551
4005
997
837
4762
4919
3077
5099
784
3318
8102
9821
6890
2261
2952
8447
1022
2089
3225
2505
2901
3947
7591
7254
5342
8265
3200
7900
2028
9419
6389
6898
2330
2045
9213
6227
9823
9405
8342
2558
4557
1955
2806
9431
4627
8072
2911
670
1714
1172
961
9738
1372
5448
8762
145
4456
8741
2968
2070
9650
4327
2207
192
2752
5281
1462
467
9808
8246
3132
1374
637
4865
1960
4256
3632
8738
6222
9879
5586
1942
6301
7687
1967
4065
8997
7811
3783
6827
9766
3051
9855
788
4995
9074
4340
1317
4934
7738
1199
5973
1149
3598
5748
7188
9746
7372
8213
6296
6120
2462
8483
3809
4433
5860
4100
3771
828
5743
9600
7296
1020
492
1365
1271
4900
1595
6603
2477
9183
8458
6818
8526
7276
7203
3239
2576
5878
5504
518
2061
7377
1558
7353
891
192
4933
5662
1897
756
5178
8294
6296
5023
158
9802
8883
2983
591
2328
1869
3110
1897
4012
5334
8029
5201
8426
8329
6793
238
9687
8197
814
5124
983
2422
7600
9918
1280
2687
8256
7031
9758
4887
4291
758
5760
9869
7551
4324
5232
5433
1694
9066
7616
4320
6725
1803
8320
7443
3678
8572
8780
9365
4210
1020
9073
8311
5603
1828
2864
8082
6212
9452
6331
528
3036
5606
1453
4392
2655
5180
4839
3556
8781
6785
6244
3169
7079
278
525
3042
8619
4732
361
2624
9121
5665
2028
2338
2541
4249
609
8757
2197
7850
626
1737
1773
6356
1508
5544
7486
1915
415
5156
7861
8515
5227
4459
5991
8918
1111
9721
8530
3220
3250
4715
1263
4312
9900
1563
9524
179
6167
2397
102
6664
791
4213
9819
4387
6792
5826
6157
9831
3087
7675
3499
2706
8297
8133
298
7631
703
798
728
9351
9003
3945
3153
4885
7716
2438
4410
5525
7221
8445
8283
72
9245
263
1146
7911
2399
1722
3938
9073
2409
4015
3331
9684
4977
8513
6354
1828
1451
2595
9121
8442
9560
2158
9498
731
7001
295
1060
2995
8817
7514
4280
671
1432
7813
14
9445
1484
338
6448
2768
3009
3618
4480
9691
5897
8787
757
4233
8431
3694
3793
6959
845
9551
7422
6815
1918
1202
8246
6178
8798
2678
3346
3585
1821
1
9018
8991
6786
6032
9068
1382
1100
6841
2311
4061
1924
47
9431
211
5694
3921
4859
5964
3199
6864
6865
4949
1736
2474
2884
6836
1760
8136
4492
2177
6272
8016
2452
6651
8951
6264
3784
3272
7406
776
893
1197
278
9546
1498
9382
2173
4657
660
7459
8448
5699
6632
3408
5082
2853
9410
9567
1707
2449
5754
5427
7876
8982
6542
6476
3470
2029
6250
2410
7258
8355
4851
1903
1891
8104
1524
3334
7632
3474
1984
3850
4885
8238
8854
4517
2281
4165
7939
7910
1459
5639
7921
7037
1181
7207
5004
7862
6187
3875
2165
3231
7109
3374
3888
7896
8319
5787
56
1510
7658
6440
2515
3140
5235
3189
3568
5799
5961
2528
5868
5117
1580
9790
8420
5249
705
5895
2420
5485
5666
1679
1982
780
4562
7981
5031
4122
9902
1338
2667
4139
8575
3815
2480
7237
1452
6539
7240
988
2445
9272
17
7192
6058
6329
7191
7108
1345
9386
6568
6773
4119
7988
8584
7029
2117
5139
6603
2379
3604
8918
8240
6857
8820
8003
1357
9522
1829
4084
5060
4470
3177
9650
4101
7067
9393
1420
9198
1673
3347
3284
7646
4274
6013
6198
3287
7213
8084
854
5473
5214
3861
7669
1035
8851
108
6656
3772
4701
4803
5925
9751
7481
5170
194
1342
6458
437
604
4334
2133
7147
4169
9144
2857
4426
5946
3055
7625
1072
425
6829
2887
3925
1419
4832
8110
3308
2625
690
5228
5064
3809
3462
4090
4187
2220
4974
9674
4810
8028
6666
7820
6412
716
4794
5453
5073
8612
7797
716
32
4463
3714
4266
5752
9306
6387
2894
5048
3660
2162
818
4618
8429
2404
5277
3306
1156
4026
8878
548
6688
5670
7009
7451
4531
5290
2690
7142
9350
6988
9083
2326
6237
725
7131
4978
5625
841
4902
6195
5171
2530
3715
5195
6044
3621
102
4208
8366
2406
8601
4087
5149
5862
3145
3980
6032
122
2828
8157
871
2040
7450
9110
8776
5835
5119
3496
8809
6437
1371
2962
1932
6244
2467
8321
6002
1933
4968
8451
4333
2309
1457
9480
7031
3007
5496
1905
3576
4735
3007
9291
216
2333
957
7941
6946
9078
552
4284
3296
3084
4272
1768
1081
6269
6854
7679
2052
7937
8088
519
8807
124
1594
1593
9680
484
658
8657
2224
6445
5263
9298
4591
1584
503
4438
3760
4650
2844
323
5938
7520
2218
9305
7583
3921
7808
9128
4549
6308
2169
9903
6894
8415
1926
6191
4799
2233
1066
5102
1274
4600
9265
7015
4527
8948
4397
8478
8134
5533
1966
9409
1634
2199
2045
955
994
3043
246
3026
1049
570
2176
512
3880
5810
875
4942
1765
7747
3412
8492
3211
6115
1703
4366
7293
205
2466
9441
4984
3281
4786
8459
6356
901
4045
8175
1158
344
8059
4192
7797
8983
497
7213
2471
2153
3003
6235
2104
9045
2438
7056
5879
9587
5111
6043
9276
4752
4715
9634
3129
7515
7292
6419
5613
9820
2413
4939
6975
9941
7683
9589
5005
5264
8943
9707
3232
6967
8220
2936
3003
8755
9906
5614
8897
7612
2388
3346
5905
9968
2444
4885
1071
3407
2513
6670
2192
8098
3810
4211
7617
7707
3698
951
4916
3944
5456
9069
5560
5890
6641
7722
3731
4770
4492
5545
4255
1330
3586
6584
1487
1265
5672
9791
5037
6160
2435
865
1233
9354
1135
5227
9775
7137
1116
4297
7182
2323
4933
2440
9265
8652
2014
2518
5699
3300
3209
373
68
3049
5573
6095
2938
5047
9509
4596
7606
660
9272
3070
3509
3481
953
7173
5343
5002
773
4271
799
8134
5589
4975
3871
441
7287
2926
8128
7567
3741
2055
6883
6756
3954
76
727
3703
4804
5783
8735
9997
7075
7115
1567
1329
9652
4616
7011
4873
6818
9021
1468
20
498
2647
4056
4815
9553
296
1949
295
4668
7347
7026
4696
6108
2788
8169
8100
9772
8428
4525
9168
8232
5306
6916
8712
8788
8374
5249
1395
4470
22
8217
9265
897
5955
9967
1872
2542
4310
4718
7374
5657
2300
131
5609
134
7801
1717
5634
1295
377
1090
4001
7483
1169
6295
6001
2812
1795
7659
524
1764
5024
6393
6097
8325
2728
4632
1505
4980
2270
1064
8042
5673
3063
7259
2555
3030
3393
8526
2262
4369
8991
6307
659
1760
5314
1692
6225
6800
6132
8902
8759
754
4174
6272
1833
403
4410
22
3798
4598
7010
8606
1630
80
3991
2958
7937
2063
1214
7848
1843
424
805
3828
6859
2140
8163
9576
9579
5750
5901
7462
1994
8915
2916
2626
5596
4511
5212
9951
2739
8008
6232
4133
6367
9537
6529
2257
5409
9973
7110
6056
8525
3766
8204
7673
7181
9729
8502
9279
6435
9280
2273
7567
519
3660
5366
724
7694
4156
8402
3637
2363
4478
9395
5120
3807
7665
8232
1957
2493
7837
9675
9138
2920
3264
1723
9222
3741
965
657
6003
8653
2499
7524
1605
4723
9887
6216
5178
5940
6079
1682
5165
8228
6381
614
9619
9780
3332
3377
6049
6569
937
2851
3288
2137
1209
1252
4655
3791
5083
6679
283
2094
6738
7515
3100
4113
5106
3118
7927
257
6268
8877
780
4832
4487
7367
8099
146
8061
63
3528
6043
415
8960
8512
7251
2006
7323
9383
9846
1815
667
5704
9193
8338
8746
7480
8791
1240
5836
2719
8473
4950
8025
4084
5667
9122
2361
9747
4955
7937
9975
2094
6757
8866
4968
3966
4634
3451
6853
228
4040
8558
947
4032
7330
7
740
6109
8967
3061
8583
6023
2288
2386
4826
6122
5571
2385
399
1800
1765
2643
1677
7094
6300
774
7165
9829
8371
2427
3413
4584
8646
594
3426
5766
4557
6580
430
3646
6806
6141
1825
1602
9835
4452
1539
3490
9346
824
4767
6037
2067
6168
3988
5398
8020
4191
9205
8345
7473
6843
4800
5449
4487
6073
1868
8223
3823
7950
9851
9489
9016
3188
7279
8004
6525
9967
441
4159
8230
8363
4012
63
2282
2756
2896
8160
6705
8193
4099
5855
5944
94
5002
1673
8206
6869
293
6222
7259
1801
8672
7128
1889
718
3317
3362
5322
1464
2591
3783
608
7662
7306
345
3276
5595
9366
3930
2087
3345
4843
346
4940
1770
5350
2317
1070
6092
9585
8536
1669
2568
7328
6648
6964
5184
9911
2031
8006
9458
7642
6317
2599
8342
3981
2743
6335
6976
3514
6998
2121
1586
7248
3646
4130
7361
1960
2457
3004
3105
1635
4240
4210
3040
1216
9733
1030
253
9402
3264
3974
9347
5309
9588
4638
1621
6105
6685
5766
3080
4143
3513
5164
6423
3288
7376
5149
5975
8581
1329
5436
1672
4049
3754
6437
3941
1155
4163
4043
840
5040
776
9213
3565
7757
4242
7800
6417
6994
353
4438
3878
6537
823
7204
2550
2054
8003
9793
9634
6673
1113
9378
6566
4270
7339
1250
1562
190
5286
8551
3703
1710
7868
4576
6372
4717
9513
9098
1981
1948
7748
7586
1183
78
1060
1764
1170
3934
5660
2882
3523
7375
1573
4081
1405
9678
1670
2798
8916
8549
5346
6221
318
8073
863
1521
4845
7634
494
8136
9981
3979
5020
622
7479
5055
9716
6626
3936
2404
5838
5397
5953
4228
5336
2814
4963
3461
6704
219
1287
1290
7771
4931
5375
2643
6213
3510
3308
2896
6821
3685
5957
8115
5836
7918
7233
2146
3995
1328
2466
9980
5534
7821
9134
6835
9160
1917
9643
6455
6972
6111
3414
1412
1205
6603
2975
7650
1331
1218
4101
4090
1906
8103
1162
7992
601
2759
9122
2715
4268
6211
5662
2730
3343
6335
3439
6353
3815
6978
7481
3945
5870
6126
2966
8341
387
2906
323
1544
2860
1642
7195
644
1833
6944
6478
3726
5670
1100
2494
8253
8013
223
9894
6114
4005
1101
1544
8145
1035
2289
6561
7357
9915
3290
8346
1889
3947
6163
878
923
7604
6433
1555
5491
3854
9253
247
3017
8168
6497
4745
3357
6032
1335
512
328
5829
8349
6988
9912
9078
125
3063
1048
1270
2521
2791
4302
8223
3660
7844
8397
2784
2235
5344
8171
2661
3050
9240
8941
9041
3307
2118
7839
5627
6545
2703
6160
9170
9010
8848
8873
4285
7899
8320
334
3204
1742
6449
9645
2469
9863
2393
5412
4484
1324
712
2495
6386
4194
8005
974
5240
9292
3993
6021
4288
3535
1783
222
8480
337
8247
7129
2325
3247
1502
8131
9096
4958
3804
356
7375
1097
2353
9122
8002
1417
4588
3172
2136
451
8658
8241
8495
6506
9784
4230
2100
6646
7437
2582
8244
2189
3686
539
832
7117
5431
7563
1670
6523
27
1943
9570
22
225
9757
5585
8485
7715
7933
6669
5279
9043
4104
9450
5225
2965
2756
4667
6137
5491
124
4370
6298
1729
8612
4451
3720
3550
3051
4963
1835
9971
505
7554
7969
9643
5560
6050
628
5215
5103
2131
7770
5805
8392
7453
7915
6772
3315
4873
6350
9183
8660
3805
8444
1228
1560
4913
4022
7319
5605
34
4753
4199
47
6435
6143
9541
102
8155
4010
1621
2893
2352
5018
6899
7446
4061
7206
6091
2744
450
2695
4308
5362
7977
6311
9130
4586
816
7977
9238
9310
2600
2386
4013
2604
3033
6564
3106
8125
7616
3500
7576
5084
4198
4274
9832
3556
1134
8477
2892
423
2266
2009
8326
3467
4458
2016
1711
8526
7843
181
1696
1067
9816
1889
934
6533
3560
1876
9718
7264
7043
1725
6397
5727
6778
9301
3810
7639
9938
3621
5163
4643
9365
5384
8889
8369
5029
1258
2801
9609
9629
5216
9815
4350
1687
2994
1417
5597
4371
3011
53
2083
4955
9185
8664
235
8416
3000
7733
6836
5791
6849
5614
8112
1078
8007
6321
5865
2094
2682
9314
6383
2724
8284
1
7053
9863
665
8712
4457
9760
308
4164
2105
1337
7373
317
4547
4172
8687
2099
4397
1001
6005
3991
5236
7651
9724
931
2728
3255
7379
5543
7523
7594
7311
8833
4282
3775
1595
6440
492
6594
6141
4357
3912
4995
4708
5135
8924
7618
349
7585
8152
5107
4293
5530
6640
8878
6121
1569
6720
9783
6841
163
586
7381
331
1307
4299
7792
4603
4732
9195
1276
3696
9422
67
7453
74
8018
8873
9381
7095
5764
6663
7073
214
188
890
445
3987
9025
2598
7695
112
3067
695
4583
692
1315
1298
6545
2989
9833
3194
979
3618
5410
7518
3225
9171
9004
6111
9947
1042
9199
4912
3016
3194
2721
3574
6258
5661
7014
9311
853
332
1139
4639
7253
5792
525
389
2339
4310
1811
5788
5307
1398
6821
125
9358
9284
3487
5842
295
4927
8278
4965
6699
7688
2477
4391
2258
7501
2596
3181
5981
4130
1150
9493
7587
5377
3966
7526
7900
2360
7485
8117
3177
1681
2587
2420
381
7936
6016
9477
6668
4933
125
9820
159
5537
5923
4322
7169
8309
5951
5126
8618
8517
7953
8542
7445
4332
9544
1771
3919
922
3357
6250
4591
3320
7864
8439
3484
7131
5698
6380
4944
9575
5064
2104
5335
8571
6184
7274
8243
7290
3228
4668
64
3466
2624
1597
5327
7733
8865
6967
7457
653
4564
2847
465
7693
7920
6378
2751
9594
5994
8348
2901
8392
9883
3372
6647
4185
9776
1684
1244
1024
9693
7045
9027
5508
5774
1799
7444
3088
8204
8445
6917
6935
4793
1447
6405
8724
6888
2785
9017
6256
8956
1353
1152
3069
2171
974
1876
8319
478
5780
1904
6442
1368
7235
2377
2551
1760
6815
9434
1328
909
5635
9760
8026
8686
3575
2638
3459
6851
7168
7038
1025
8443
7190
9141
8346
8746
9025
4930
481
7575
8204
4195
8110
1552
4252
8707
6071
3594
986
9460
3914
1721
3212
6661
9709
4951
226
4384
7852
5445
2491
6387
3153
6716
2392
7224
770
1518
3432
5971
2644
3934
5011
4664
1630
1241
5059
1143
3576
4975
7404
6421
1522
8866
8155
1240
1057
2234
1580
9198
9604
7314
678
5195
1605
3778
818
4637
2779
7434
7385
7085
6411
4936
4843
1829
8655
5383
7115
5656
5743
5860
9991
4146
8844
2670
5478
6238
5884
6489
5819
6638
2559
2318
230
5738
8656
5507
681
2600
5431
7746
9943
6244
6891
2649
3064
7980
7893
3022
1242
1195
4767
7853
6466
9744
9083
3695
8784
4314
1665
1944
4144
3010
6256
4078
861
7461
8326
2641
656
7085
9307
5835
1446
4923
5783
1669
4207
4162
8659
5043
7699
3699
1853
3133
3055
6177
2805
5643
5981
8000
4948
3693
7746
9391
7053
1492
2832
7247
3099
576
3260
7535
2170
7991
2970
8614
2802
335
2420
268
1502
2280
6362
4628
4155
2265
7395
5354
7420
9541
1585
2517
6138
218
4610
2026
1816
3302
6947
9021
8180
3414
9072
7012
3850
9116
6247
4633
3747
5372
8346
316
5706
1107
7282
9603
4511
2837
4129
7199
7253
9169
1472
6797
2646
5667
6391
5989
5766
6695
3019
2354
5924
6229
8225
1118
1661
557
3041
3642
1483
5551
486
839
2107
1271
3457
8036
6028
1572
445
180
8963
5764
4222
1019
4940
8414
9715
8405
8299
587
634
9459
512
657
4626
1058
8328
7326
8636
3178
6160
5133
155
1745
8325
2152
5050
6521
6759
5387
9852
1469
1068
5024
7615
5059
8256
6781
4842
5997
8618
3078
1221
7666
6314
8703
3672
8181
7871
6515
2076
3839
2933
2682
2813
3118
7419
3850
2049
8632
5587
9565
3058
9501
8818
2459
9959
4393
855
9988
4177
2067
4632
3580
5121
8406
4872
803
119
2649
3862
6976
4165
4764
1743
7897
8402
8961
1666
6002
2970
4821
84
5824
1682
3338
2362
88
3738
4210
6180
7208
827
6042
8954
5346
4544
8017
29
8337
258
899
8480
7497
4923
2838
832
1935
9931
3232
7998
6706
1177
2371
8158
197
8257
6310
1080
9723
3276
4498
6971
3725
2557
3398
4641
7386
8712
1415
2494
2412
6957
3575
6642
9763
3266
944
1502
6688
5551
7406
9507
3776
9826
54
9094
4467
7986
7415
8495
7480
4721
9820
4097
6967
8491
730
3332
7610
3115
3132
926
4265
2781
4009
4448
9937
4510
7359
9308
3904
1567
1278
3893
7039
9017
5539
7439
1052
5034
4159
7013
9587
5453
9124
2057
3289
2968
3212
5941
5349
6495
2021
1377
987
5846
957
8366
3142
2675
2437
3663
7858
3666
8821
6343
8371
9810
8317
7101
8613
6108
6931
1468
241
8516
6590
3671
984
9449
4366
6698
9695
8166
1573
8795
1111
107
9046
4959
216
8853
9017
6842
2330
7066
1864
1118
1968
3153
2809
1124
9489
3037
7400
8729
9812
2955
3455
9551
8631
3457
3637
6917
8988
7654
2961
3233
2817
3920
1594
409
3707
9785
5645
5729
5726
4059
4361
270
3979
7434
2394
7081
4070
3585
7616
7999
6994
1748
1691
5942
492
36
53
3994
3409
5618
1932
822
6461
331
6795
9758
9793
737
821
1208
496
6842
5309
1067
8038
6481
7140
31
6997
2075
448
4
3998
2132
8789
991
73
3896
6258
3791
6960
4381
9243
398
1614
8205
6159
5955
7695
9538
4533
8532
708
5018
3192
552
39
4298
6236
26
437
5679
587
5802
8396
8927
2513
4798
3442
8654
7824
9046
9727
573
5889
7597
1129
8877
7128
1323
2170
193
2690
6151
7568
3808
5422
3402
2449
2138
6821
8255
7160
2274
1607
2726
9904
7546
9460
6008
1532
7837
3875
4020
465
1013
5650
7304
8769
2684
9019
6940
7141
9664
8848
4712
8486
9632
2019
5029
7048
3123
2932
4081
2707
1128
6167
4540
7327
1767
881
6896
5963
7670
8271
5165
2298
4488
8531
2754
9403
81
3148
9976
5252
5060
7889
8968
1402
7469
762
813
3440
5690
4492
9652
7241
9876
1454
3184
5979
5788
4204
1226
7378
6224
4120
1541
7678
5708
6231
2863
3579
7229
5199
2596
7611
6690
9707
5405
898
2635
5513
3158
1517
5395
6417
1068
4719
4202
3186
1221
6218
9275
8986
602
8247
7053
4257
4095
4690
6084
403
5396
196
5223
9208
4228
8382
4348
4018
7242
6720
1760
4243
211
6995
9187
6008
3342
9865
2047
8485
5744
3263
9273
9502
4661
4651
6481
1280
7393
5448
2228
7274
3764
5324
145
6491
5387
2530
5704
9641
8787
2344
4525
9419
7945
9015
3580
8564
7453
5290
3223
4621
277
2718
2539
9069
446
9589
4449
4615
3853
4774
3040
1536
611
6404
9583
7004
2175
5577
3448
4916
7309
544
3672
1622
3772
9052
5172
3994
9309
1831
9909
8380
968
3739
4596
58
1161
3623
8992
2555
3143
3791
2620
2138
7733
6259
2566
4831
5970
4633
1842
1768
8587
9801
2117
105
816
3654
1533
1773
5395
9844
7150
4135
8892
6138
2999
1178
6938
3398
5235
385
6789
6503
6492
2619
9135
4235
6890
7047
9209
6149
136
3480
113
8682
1975
9286
8312
377
5260
3121
3970
3029
3285
2418
4759
8656
4490
3023
5798
6437
718
