9470
6547
806
9643
6102
2647
8609
2868
6817
630
2661
5453
8579
1169
8307
6255
3176
5280
2065
2115
1033
9015
5606
110
600
1315
1122
3211
6536
8628
1736
4000
7851
7349
1944
3793
8682
8678
3997
6803
3403
2363
8752
745
3234
3293
9591
4187
2310
4942
9166
3109
8030
6554
736
9020
1320
2121
1874
7610
262
5136
3052
7690
4102
9272
4085
7776
6429
1382
5594
6095
1551
6169
5738
7150
4797
7075
5873
4261
8507
7918
4079
2641
2141
6336
9221
7239
5645
121
8299
9365
6108
9945
4353
5300
7987
8623
736
4906
2500
8380
6635
2140
7858
9125
8551
1760
7497
1479
5781
1872
1660
5189
7528
9819
666
957
2152
7365
1531
4937
3265
959
4860
6610
5528
2129
9029
366
2636
9124
6356
1162
5765
7484
3656
3715
4427
5778
3595
3133
1573
7632
2044
8343
125
1798
6313
7910
7069
4777
3990
7213
3048
9323
8652
4590
4423
3606
2513
1099
2318
7393
6175
3285
6795
5461
3284
7910
1450
9658
1270
6090
4376
3370
4400
5655
7586
2535
9438
2445
2792
2456
9201
536
9892
8574
9951
1475
2945
7717
7978
1927
6314
7303
8075
7138
6017
5642
6731
4386
2280
6186
6462
4672
1279
1041
9068
3705
4635
1042
445
9111
3535
5925
4849
4223
5001
6204
7177
6500
7035
1396
7573
8745
3445
9800
3691
4755
7564
1152
8593
9628
8281
646
7783
8660
7088
8265
5780
690
3067
1354
2667
5545
2099
5812
5801
9734
267
8889
5246
965
4760
1479
4326
2274
6417
9961
3619
9101
9023
2618
9513
9464
9777
7860
9845
5210
2527
9478
859
678
7688
8613
6346
1157
8714
5001
4126
5247
7853
4584
4499
1705
9085
7856
1088
6457
9251
1950
2999
1157
7118
5996
3944
7193
4947
1830
5197
6631
1550
877
8965
6856
5460
9301
2976
4561
5303
7049
6340
5633
3925
2350
906
5926
7133
9445
1288
8496
2734
3770
7292
5709
1502
5962
1329
5444
2021
8753
6433
8669
4308
2049
8120
3021
5236
8671
1808
7647
8095
2839
6751
1518
5637
4815
6681
9215
4940
7625
5762
4411
2056
9043
324
2955
6163
4120
9018
3324
8345
5081
4215
65
6498
1270
9398
7704
9757
8678
9295
6517
1205
5671
4386
2810
514
3903
9203
328
7759
865
3154
847
9636
6683
7125
6913
2464
6427
4949
5
52
5554
50
7080
3310
4785
1668
3710
4705
8512
8943
1077
6669
6606
9793
6858
8145
3666
3996
4565
442
8575
7467
9680
2965
311
1602
2485
8857
2727
3014
3733
4010
8991
1206
5764
828
9877
6405
418
5445
2927
3285
5829
5452
4462
3410
1874
5204
971
1688
2154
7967
3321
2705
8881
3057
1098
9135
9194
2354
5502
7378
5245
367
9334
1463
27
3775
8966
7678
4201
4333
5880
5190
8503
3142
9726
6631
5941
912
1407
1595
1579
3220
3331
3722
4294
8842
3050
3072
9107
6544
1558
6509
404
2919
105
9402
3919
2491
8568
2083
3366
6780
3855
469
833
1085
399
9989
5879
8649
3170
106
3324
4909
527
4280
2260
6645
8889
5194
9686
2311
9394
891
7228
8998
3052
3345
5942
20
7520
8439
1214
9656
8008
9830
5286
456
1766
4719
6157
8818
3336
7703
4097
4749
9811
4847
4095
4791
6748
3727
4326
8746
3158
8687
249
5552
341
5730
6754
5599
7105
4735
8212
7492
3430
8477
1226
5400
4456
6154
8603
1521
5764
8904
526
888
6562
4901
474
5986
2743
7221
1478
2301
4870
2126
6576
4617
9030
6016
1609
16
6111
7535
3229
4675
3454
4110
1632
7235
7353
7802
5812
6009
2332
5296
4151
722
9985
7788
7674
251
9885
3135
652
5061
9703
6556
9268
9572
8165
2895
8894
9386
3199
2282
4700
3691
2020
8110
3710
2316
7867
9826
3597
8061
2146
675
609
5489
2786
6328
6418
214
7476
529
4155
3141
9532
3868
7962
4439
4628
6931
1636
6081
8660
8773
8150
1102
6620
3231
3703
5544
2468
1047
6057
3203
9499
9285
926
5878
8587
1919
2583
6006
3998
4767
7607
3393
5898
9411
3030
2068
8775
9792
5937
1722
6322
7524
1887
2289
3770
6247
9375
2010
1991
749
2525
3373
6282
6971
7827
6855
2015
2611
636
8065
8736
7133
3492
3758
4884
4212
2523
2801
9780
1083
2488
4744
5661
6842
810
9465
5057
6409
3738
6983
6136
487
6316
2145
3013
8263
9812
4311
995
104
4214
5754
3246
6592
9701
8271
1277
5284
6301
6352
3453
4598
3949
8015
3242
668
8395
3848
3014
3193
4811
514
3692
7338
9691
8801
8910
9087
2822
6459
8202
9363
3080
4020
2491
6330
7600
2201
3964
2055
7409
5238
8967
2183
2835
7508
5180
9005
5032
1123
4861
2571
8392
3087
5718
6330
4397
6498
8826
9862
2379
2470
6472
4440
9239
1285
6652
8929
9672
6303
3170
6416
4411
7783
7926
5121
1616
1963
823
9123
9938
109
5130
2819
5908
8467
8794
3498
5719
104
5452
704
4392
8556
6081
1387
118
3471
21
7128
6561
1205
8949
5253
7198
2535
574
9480
4951
6182
1103
9344
5791
7548
6160
4950
6227
5953
8652
6111
1980
7
394
2433
1714
5890
570
2911
9146
7639
5850
515
8287
3616
4344
4695
8351
3338
2594
2768
7100
5451
5273
7256
6931
9619
1124
4567
8905
1598
9281
4588
385
4658
8502
5085
4891
5020
4438
6473
2583
6098
4767
9702
3094
5492
6015
637
6209
5683
8919
4414
4995
3582
8792
2272
2161
4166
1274
5769
9626
6941
524
9703
7370
7327
1205
4121
3272
6716
1145
3181
7263
2946
5495
7238
7642
9491
3327
9897
1609
9256
7313
260
3776
6546
4065
9900
2894
4248
6662
7170
6955
8594
2225
2418
9882
5105
8507
5895
174
1081
8519
5662
2841
3804
4551
597
4959
6451
8411
3184
6330
1756
9908
1016
5287
1627
566
2256
7645
510
140
85
462
5346
9445
7121
1045
4955
9980
9069
7583
4020
5285
5665
8583
2563
2835
7321
9962
1032
2935
3301
6153
8786
7091
9181
8908
7566
4173
2047
5651
2173
4831
1543
4760
2464
8811
5737
4176
4723
1723
7982
8577
5635
7830
5353
3726
7677
6607
1413
2861
325
9496
3261
9273
7040
5828
6279
4659
7518
7641
8206
1299
6839
2180
9466
4781
9873
3239
3470
9295
3883
7725
3726
4679
8681
9855
2795
8737
1693
7247
941
957
4158
2417
8700
4735
712
5865
5866
7568
3952
6767
7824
3090
8929
8879
9972
5201
3880
7789
708
7045
9256
5430
962
3636
699
4018
1147
4724
5990
2566
6773
5614
2008
8582
3029
6222
9327
119
6843
1607
1767
3921
6906
9892
1519
8964
7656
5704
3721
9298
4926
7943
4110
1114
412
4974
7292
245
9325
109
8638
3385
7234
6805
3622
507
5949
4107
2569
2257
780
9484
8759
9158
2960
1596
7621
9382
8122
8503
1657
9033
5921
7960
6818
4061
1826
2183
8001
6843
4484
8141
8391
9772
246
3524
8701
1205
6456
5562
986
1165
2131
3764
4437
6927
6406
846
3111
602
670
9936
9643
3590
3744
1453
3717
5010
5318
2821
1565
3689
3413
8986
2759
2546
327
8384
7712
6694
7449
1038
4646
6125
6227
9377
3348
4833
3695
2687
2745
5284
5112
6088
2388
7054
7392
6649
2478
2590
3054
7003
9316
5649
1955
8056
5728
2689
4135
2541
6355
3141
3893
7995
3073
4422
9216
8280
4056
8001
8560
2579
6878
7528
8748
9780
3207
5044
4181
8481
7904
6725
9437
5565
5947
7945
3347
794
3335
9531
2636
1024
7387
8803
4464
2758
4079
6956
4846
93
870
5474
5660
4221
8572
8298
991
2518
7337
8140
3651
6808
2703
1787
695
398
421
2693
3769
69
3360
3333
1818
7707
1627
3446
269
1507
4819
8034
4129
9477
8386
1417
2488
2913
454
5069
2867
532
620
9082
269
9155
2590
1315
2033
1620
6023
7383
5864
8125
3807
2995
19
6916
6328
2433
3537
3861
1619
6830
7261
9362
5263
5513
24
7908
7503
2118
4990
1168
7543
8403
1608
3429
4467
6130
6061
9618
2308
8197
1237
6677
920
6264
172
1021
7316
8408
1488
1953
4033
1250
4903
8345
7041
5462
7055
3002
6764
3401
2163
7968
9227
1130
2615
5155
6224
6716
561
412
6192
9842
100
6033
7871
8730
538
4796
1078
3072
6525
5866
2963
643
6994
7455
1965
8676
7842
6934
7569
2298
230
7046
7950
3683
2527
3745
1515
9941
3872
4006
8720
9155
7064
1542
2039
7195
2928
9283
3440
8300
797
7140
299
100
8354
9318
1254
4311
2501
2157
3283
3949
380
264
804
8322
8004
5170
614
865
1502
1460
9895
7242
9622
5415
4726
8192
4146
6072
1030
9248
6947
9589
3694
6299
6283
9412
4144
8964
5323
3410
1668
2693
2039
648
4336
6716
3369
5434
8950
1715
2127
3194
7434
2557
3714
3049
2286
4396
5732
2029
2732
5856
6069
3710
9904
3994
8593
9707
9264
6350
9337
3594
4072
4807
2413
7308
7526
4836
8019
4094
4559
2304
4807
6956
876
5216
912
2960
5109
2661
3274
5384
4984
929
8196
2886
3381
7702
8232
2641
6185
3482
4467
1464
6885
9047
833
3543
6555
9679
934
8578
4965
8428
3835
2430
2321
1429
6467
6751
7069
893
2264
9436
7067
5670
9879
2223
5329
2275
101
1944
5200
2459
3564
145
862
7080
3527
8092
9794
1775
4118
7609
1100
8187
9261
6324
3470
7298
8975
4459
1067
9129
4339
2204
5659
851
9952
2957
2344
9476
1755
150
8088
3477
5689
1112
5559
4432
7667
401
0
7770
5974
2855
8071
7104
3299
706
9159
2714
6314
743
7747
4989
7485
5598
3019
7325
4020
325
3885
8991
9949
2141
1701
1564
1038
882
3267
369
5833
4553
6728
3379
4426
7666
3788
6705
5104
1564
3806
978
2246
6583
5705
6157
9212
2277
3488
3927
3623
5098
2038
4486
6481
1731
3484
8996
5694
3987
2776
192
1645
8167
2430
879
4568
2267
3486
944
8728
7094
6809
5004
1191
881
7713
7932
1923
149
6461
5669
6812
3313
6325
5870
1755
6859
1568
9810
8158
3246
8040
929
276
7137
6759
9681
2402
2537
352
4209
8511
4452
2860
1822
3666
6614
9247
6175
2198
7394
4838
267
4232
2238
1888
7675
3997
776
6806
6217
4626
7271
200
8615
6481
858
86
6157
6764
7805
295
3658
3994
2459
266
9195
7995
5149
3975
730
4042
8767
9952
4830
4030
2772
8121
1616
3372
9840
3969
3470
765
8787
172
7096
7640
7766
1711
887
3692
5070
8088
8525
5099
2893
6775
9592
8230
3207
7900
5057
4273
3250
8446
1009
3091
9975
5141
5410
5517
6470
1238
2163
6708
3958
9865
5702
4189
4201
807
4340
4372
9405
2373
128
3064
7615
7304
9928
3750
9883
1412
2823
9057
3918
5509
312
747
8956
841
2117
1731
3310
1560
8046
299
7939
5856
7510
8708
2631
3810
4566
5672
7265
3811
7893
3524
1702
6208
6895
1424
779
5393
9761
9997
6455
7352
4103
8810
1719
9287
3853
1298
1483
8651
6562
7333
8606
4408
2011
2529
7668
4674
6852
4125
7740
2902
1616
8995
3220
643
1585
4040
1371
2537
5187
2185
7185
2876
4835
7731
315
5252
5214
8702
1123
9460
3012
9927
7581
7172
7419
1689
628
7934
1855
9783
3058
2018
6103
3513
4430
2118
8883
4001
6560
6366
9729
873
4208
3507
79
5434
2717
6435
9179
139
1401
3974
8391
7412
4833
2696
904
2414
8235
4487
1117
9066
4344
4283
9196
1130
6105
5484
8856
6000
253
869
1775
2929
9944
5060
3200
517
7696
874
26
2350
945
6901
2735
7122
4112
9575
7783
5014
8925
1267
6465
9241
2017
3956
5972
347
5031
5178
5620
5896
3159
6082
9184
4085
9485
2352
3304
4342
3369
4748
8716
617
591
3174
5904
4995
4782
3639
3916
9876
3294
1750
5023
2713
7938
2723
7139
2271
8286
3491
5499
1279
2242
6985
7146
3802
3059
8430
1709
4930
5691
4556
2600
34
8279
6140
335
7019
9071
6650
1642
7532
7682
4802
9068
8606
9359
9370
893
2953
8800
8796
9010
5526
6625
8350
3870
6739
6191
2079
3219
7852
9675
5104
6641
7820
5341
2284
1359
3199
6549
1878
7175
4355
829
8158
5002
6731
7323
5375
9925
6751
4179
8504
3084
9908
9752
1957
9731
2787
1139
8185
7564
5273
2316
7258
8010
5131
1413
7817
5844
467
1319
7533
1397
1371
2035
4683
1776
1557
8763
4692
944
5620
5865
2107
4286
1883
7053
5297
2476
1008
5220
8143
3774
5645
7427
7055
8696
7347
6963
9912
6514
4603
9127
8836
5897
8842
2265
1519
8543
9631
4930
4046
5698
4029
8728
2346
3338
6032
801
9816
1292
1182
406
8518
8348
6139
8531
5396
5935
1016
3627
4396
8238
2858
2729
3487
7814
1123
1345
9182
3405
4991
1508
9314
8159
1564
2066
3064
4166
246
4010
2524
5192
5615
9677
4353
9194
7496
8129
1915
3363
3871
2162
9849
8235
8293
5298
226
1682
937
5408
9067
3277
1798
1543
4162
7803
343
5501
6010
3301
899
7996
1747
4708
1400
2078
6261
9597
664
1505
4857
1879
6906
6314
6404
3661
5759
3013
1745
4671
2179
299
9162
9427
7675
1932
9251
7161
1873
748
7843
8524
4216
5322
9759
4260
5502
3579
7445
2536
6926
7718
6882
5696
2367
6200
7296
6761
541
7463
2576
6130
3874
1828
3440
8612
1424
2618
8408
2766
7773
6643
9047
2205
7580
6425
6853
5259
9476
8409
4629
575
511
1492
8762
8226
3665
3008
9586
7394
2163
9116
6610
9583
6331
1744
9584
5410
2522
274
5239
1310
1841
2629
8331
4958
545
6076
8777
9758
3374
3485
6218
2326
9407
3360
2660
9377
2148
4150
1405
2188
4628
3303
5261
9018
3043
7972
4990
2867
3116
9291
355
957
8673
2792
7170
4803
7676
1768
1823
241
4688
601
583
8258
7713
8686
8710
9985
3229
9743
6485
3899
6293
3628
531
4934
8284
3266
6383
5147
5307
6311
7280
2462
9039
8479
2545
6638
9344
7472
5883
4680
2958
2675
8065
6598
2426
5889
8466
5077
4510
4941
6975
7268
7930
1537
5210
3736
7900
2608
1478
9564
6603
8410
737
8150
7361
2158
3467
69
7858
4601
7041
3015
4701
7613
2155
9526
7422
974
718
4962
4477
1845
6366
4266
2439
9655
7028
5124
7542
2784
616
508
4176
9433
8203
7993
8633
937
292
107
7094
5767
4357
8081
8719
2717
1689
1351
2688
3832
9708
8924
3053
2668
6119
3953
4383
1300
8054
942
1262
584
4904
31
5405
4423
9251
6251
1917
4020
5937
9061
6511
7501
6315
5259
1610
6709
3984
1436
8869
4500
2881
9447
833
3412
4157
9022
8470
4700
8180
9321
8633
5066
811
2215
9239
5049
2747
624
2464
2530
821
7653
5970
4831
4166
2793
9185
4059
867
5465
6240
9429
6578
1750
9503
5171
836
6132
7042
5138
7362
8523
9385
2092
8435
2330
8177
3939
904
5739
6758
9625
2421
6385
7635
6706
5756
143
2552
3281
1063
4290
5351
5008
1249
4798
3371
7691
9361
8215
1909
2763
1140
3238
1172
7392
7175
6107
1200
1896
1182
9025
1604
2972
2196
6125
1381
5034
1775
7696
2947
9421
8175
8284
1148
968
8147
5731
7751
1634
2855
7995
611
2906
6670
7070
7549
3788
9656
5694
8264
3084
2337
918
4364
2111
1718
6235
125
6458
7092
993
2983
5922
7855
2922
9715
3874
6604
1305
233
8378
9531
645
7970
8292
8388
3705
24
3299
4829
8440
3724
4852
4677
7582
6308
9943
4288
5585
5823
8566
7088
3606
8406
7971
7740
9056
3905
4145
895
5460
547
5817
5328
3192
292
3885
2426
1673
8441
696
5671
6812
9697
244
8110
7836
6158
7334
6693
146
8094
6132
3781
8995
2758
5238
3865
643
3466
1274
9458
2951
5211
1825
187
5768
8397
920
8771
8628
2724
65
1596
7630
1995
3135
751
6245
8640
9969
9162
5363
4591
1909
6840
8316
7002
7838
4443
9990
2178
3520
9224
2759
772
3592
846
4074
9779
6153
8661
1916
6733
6449
3583
7843
7629
5242
4382
5005
3229
204
9106
4038
5622
2751
5324
8148
1238
879
5525
461
4076
9448
4068
5800
9938
161
8224
3809
392
5829
8642
2437
6873
636
1301
8669
3260
344
5053
9288
9658
9275
1298
7361
6054
1222
8903
8768
5726
3053
4027
3868
9389
6646
1212
6878
7258
4352
6722
8081
6528
8639
9055
6437
3883
662
2017
7234
6972
7550
8786
5850
9977
6402
5356
3207
9716
9005
4268
3972
7894
6635
2642
5448
5912
5933
1602
1885
7806
5320
2714
6782
913
8557
8368
3406
2087
6578
6088
7510
9104
15
7695
6038
6560
950
2503
5693
8244
9337
2911
6164
8531
5999
7645
5284
1986
9105
1899
2888
5172
8607
6716
3405
3341
6912
8969
2869
881
54
5181
3211
6541
2704
2281
6657
3009
6889
4084
246
9721
8526
6803
5699
7479
6588
8465
5428
8431
6759
3275
2116
815
7640
9323
5841
136
9758
6238
5390
5565
8181
596
1895
9575
9252
9556
6991
9938
8560
4906
7222
8
1086
5438
9959
5128
6182
8385
5485
8563
1411
3574
8293
5427
8391
7195
7198
8151
699
8259
8813
287
4003
3506
2765
6817
9632
9092
36
9318
5088
3738
97
6565
2080
9826
2210
2329
1089
7954
8226
8929
9752
1696
8350
4372
3472
97
2360
1230
3722
9500
6965
460
2884
4346
7570
9984
5160
445
4484
8161
2443
394
1260
6723
1302
7044
5608
7054
9089
7638
4615
7181
1275
6285
5957
534
8566
9744
7524
9329
5968
4317
9948
2694
2076
4129
4265
3080
7951
1203
1858
5240
3222
7405
7914
7639
7380
7960
7935
2187
4730
2372
7232
2557
4959
4881
5420
429
5599
652
2517
1987
3200
905
2292
9619
8959
2202
4582
4156
8537
1817
4275
4557
6902
8136
991
564
3727
1986
3225
7349
5840
8861
6498
787
9625
5487
7944
9486
5406
90
8928
1753
6159
358
4593
1398
465
5929
6381
529
8059
8357
3835
9974
7677
446
6879
1519
747
8662
6028
3742
8743
3976
9072
548
8828
7661
4077
6940
7271
5438
5607
2774
6912
1702
4777
243
3063
5875
3426
3050
8489
7578
1694
3750
8321
9492
4047
9804
7195
3432
5258
6556
2932
1302
1758
3
1997
8845
2158
1786
8782
5242
2560
7584
1496
4751
9182
8927
9459
9259
8058
8301
2966
7083
4175
1905
2564
5261
594
1023
7795
3900
2439
7682
8905
5133
6640
4757
5647
5637
4848
8223
7143
5797
5982
9992
9850
4467
9765
1340
6682
806
4120
2539
2406
509
7747
8779
8780
3709
3997
3611
2712
7702
9673
8820
4651
1808
6315
2254
839
2999
3416
6860
9862
4240
8038
2405
8395
3015
6402
2592
8176
919
7377
5467
206
1573
5502
296
7852
8041
2722
2453
4222
9785
8210
182
9758
9300
9410
417
7064
2056
6455
1654
544
705
4955
8553
7198
1567
9081
2910
7273
306
5111
7503
4290
3957
9796
1020
455
1012
1799
2352
9704
8603
4999
9708
54
3212
793
9907
2375
2188
964
9906
3239
6172
6337
8633
5192
7087
1549
137
8330
3820
9696
5116
4549
9122
984
2492
5699
9954
4847
6833
8315
4542
780
9771
1640
1149
6533
9800
9944
7239
546
3506
7184
2067
4556
8104
8221
2523
1076
7928
2885
2504
4992
4134
6556
5488
6784
7371
5650
4712
1823
1388
9386
3496
2501
486
5446
4314
9081
3107
6270
9549
5972
4076
5631
3692
1712
779
7840
87
736
2524
3487
3915
233
6640
1738
4595
5966
7437
1226
9242
3353
9221
2618
5499
1749
768
6725
8423
2617
6793
5005
6338
1935
5699
6952
5515
1266
38
5653
7942
6870
7002
9709
8072
529
8558
8292
5934
5383
8342
9374
6939
8771
7791
2830
1212
3985
463
8586
4553
8618
6094
1482
3914
6278
2619
1600
6515
9941
7981
5697
6462
8121
1399
9249
5204
3899
6230
1261
5927
1326
7402
1618
8815
9105
8927
1915
5231
957
5623
9639
9299
3470
5093
969
1529
9759
5224
5801
6584
7950
7299
5064
8705
7759
4885
289
3585
8444
5562
9834
9345
5161
7069
3898
3514
1877
2312
8052
8184
3101
9450
2050
410
3483
2675
7757
1170
3004
7471
5832
7567
3952
141
4461
9525
2298
8298
3391
2134
6182
4639
6382
1231
2346
1572
6009
4769
8037
6191
3070
8491
7829
6397
7213
4305
2885
3660
555
4299
4003
4482
7954
3339
5759
5102
5125
4428
3279
4249
2896
1076
7023
8088
9198
4791
1142
4641
6805
2456
6356
9688
7069
891
4024
5573
206
1900
7454
851
8838
54
4421
3223
3513
6545
6591
4987
1075
6123
5345
2054
1513
1970
218
3962
2382
8011
4833
7706
881
3922
6183
5990
4836
1118
9979
5413
9031
3616
9260
4973
4563
8520
2121
8065
7138
3428
8836
1624
8795
8118
310
3078
7101
4033
1484
489
2129
848
7150
4578
6433
2435
7664
1614
343
5575
7282
3201
8046
800
4322
5518
6597
3573
7906
6596
6194
5193
3491
4280
4835
5057
7392
7115
5359
8887
3960
8169
2059
4794
5811
1197
7305
496
325
3828
5867
9737
4625
7613
9013
5393
2325
4073
2401
8209
5635
1268
7099
8530
6159
544
9068
9168
7684
6619
3893
7959
6594
797
9409
9229
2898
928
2685
2156
9242
9691
132
745
3915
1645
1746
3430
3719
6675
6074
6624
4817
8582
5747
3494
3197
4452
3181
7223
4790
2777
9345
54
8254
6297
2151
285
1472
2205
3569
75
4849
7720
5
9660
1717
5733
2376
3955
7118
2287
7173
9718
9392
6812
60
7830
2656
8967
1976
9834
634
1193
9561
6311
5617
7555
8736
3790
5505
9034
3353
9826
5888
7519
7698
5076
6771
8554
6618
7181
5022
2194
2373
999
7923
332
3948
8664
6316
4638
8273
9500
1907
8735
8000
4255
2190
9277
7009
6948
7800
1946
6953
3524
5978
7571
1520
1942
9881
7198
3502
9943
4297
9040
5199
4023
4576
3417
9878
3344
1925
2733
5917
51
9926
3375
346
3825
2057
8507
1149
578
9354
7345
405
2470
6980
2761
2131
790
5547
3143
5847
2294
9589
6909
7526
9417
4329
8887
7309
2225
3823
9143
8255
6721
1127
8029
4314
2497
1110
1299
488
5502
2235
7187
8178
9115
2336
1813
3166
2168
4076
5704
6617
3965
6885
1868
223
6147
6147
9754
6103
6975
9183
7105
4732
5740
26
4686
6246
6980
8538
1959
6488
6778
4847
5412
4482
9927
4372
9178
7494
9728
7201
7765
3911
3856
9198
3554
974
1415
2145
1238
8487
9871
3576
9999
9304
9142
3763
8885
5361
5757
4728
347
4158
3036
5178
8232
5946
6511
1827
5773
9598
2033
7006
5347
4535
340
7810
3698
9350
7515
3081
4848
6128
5908
3103
1076
7910
8148
5461
7190
9391
1856
8612
6341
2593
6230
79
3876
8414
6935
1090
8754
9003
5857
5527
7556
6204
3644
2807
977
1899
6497
3357
123
9288
5906
1254
3141
3178
8122
8229
421
5172
114
3315
6807
67
4861
9827
7131
8627
1537
5908
7436
6304
7251
9551
7678
2922
8109
1184
2931
9890
9902
3170
1146
4722
5134
5043
4469
8185
3980
3511
6
8724
1015
7464
4341
2584
8437
2362
1584
5435
1651
5517
4608
6466
6810
6092
1940
7925
4762
4114
5964
6127
7254
6780
8019
6610
2107
5049
3610
2039
6238
1839
9965
2179
9970
3991
4869
5365
802
9160
1129
6971
9281
4641
1281
8501
3659
2112
361
9105
1064
7200
655
5365
1373
5903
5801
8940
5486
5549
1366
871
6564
3344
4847
9253
4935
3653
3353
4941
2136
9841
6458
7224
3214
4741
1301
3228
6331
4928
3396
9170
3545
1902
3265
4745
4343
6526
2065
1860
7626
1266
6253
8766
6674
799
5054
1214
410
6036
261
6901
9691
9352
4469
5860
8926
3612
8574
2827
3308
1455
3350
5452
580
3344
2549
9582
295
2734
9213
1246
6228
2572
3492
5983
4155
3232
6240
6802
3424
6234
8718
5313
9903
8482
5375
8405
4790
9626
6864
6839
2227
8947
788
115
5082
7659
9248
6473
6019
307
9875
477
2511
4351
5583
1711
4213
4775
808
8181
9549
4411
3480
9428
9367
4115
957
6013
5849
6339
320
6179
6036
5646
2067
3531
8418
3826
6166
1757
2158
2737
7189
3543
4911
7088
4658
6689
9282
6920
7002
7195
8068
4681
5063
306
1657
3758
4978
1953
5659
4444
6690
1716
3347
4565
6310
760
9645
457
7402
9999
347
668
5337
6832
4713
4322
6416
4138
5512
4118
107
1176
6361
538
9342
9312
5703
8057
2994
3094
6513
6664
1146
9230
1027
6363
4464
4847
7729
3557
8177
2418
6352
7399
8610
8474
7200
4089
6782
2317
9817
8198
1229
128
2624
6881
5010
6530
2855
3926
673
927
9743
5660
8331
6100
2058
7238
3335
8754
977
9096
9215
5339
1967
5111
6260
1914
8264
6857
959
8095
154
2604
6438
6984
1198
4003
7447
8219
779
2842
1507
3007
8744
1098
1370
1675
4683
7544
1567
9526
3090
9400
9015
9406
5629
3504
9412
4324
5846
9079
9800
1332
4607
7212
5241
3826
951
8178
1392
4320
1704
9881
7501
9340
6800
9736
7210
3830
7641
6502
2490
5551
903
5161
8798
5293
1662
4565
9284
7356
5758
1606
3165
3791
8156
1081
361
8483
3566
8804
850
6756
82
3318
7617
6472
7499
2089
2704
9338
5882
9396
9869
1586
629
7741
7352
9247
2950
4348
1130
6390
2339
3594
1410
756
8261
3208
9565
2495
7463
1196
6032
7787
1885
9447
5429
2073
8190
2802
5952
3130
8704
1798
7677
1473
8495
6986
9240
3222
361
871
9353
358
921
3160
3050
6232
1902
7437
8774
5803
2695
3231
9295
1867
8861
9966
8988
3442
621
1381
8510
2187
8384
7103
5597
6737
9881
8499
3859
7686
59
4443
357
2769
6756
9875
8666
2734
4010
3612
8185
1049
4993
5760
5539
9429
1590
6224
3802
6631
7194
3929
8269
6560
2990
2981
3025
983
152
5485
9869
788
2288
6940
1858
4121
7641
8479
5573
2780
7359
7481
4139
959
4441
6995
528
8656
5739
2384
2371
3963
6428
7807
4961
2318
622
3018
4333
1237
8447
1819
7513
6532
619
669
5460
9299
1244
9152
1440
371
6671
7655
462
9791
3428
7836
969
7406
7122
8404
5883
9460
5652
9324
112
1624
7028
6210
8037
9569
6947
8049
908
1209
9970
5252
6640
5411
5184
6987
1375
7961
9600
5915
40
5294
1797
7520
2642
419
2653
8974
4487
9957
3992
6933
2188
147
7220
835
1694
7053
9319
2019
5642
3304
4263
9747
7864
2718
6281
4499
5845
1522
4628
921
2204
961
3985
3042
8273
6564
114
5923
5946
2242
6108
4733
5386
1602
5058
3455
9066
6255
175
3494
4326
708
7328
6191
194
2358
1739
636
3831
6497
2192
7157
5886
6074
6315
7014
1816
1476
9347
7655
1928
2367
9858
7977
3613
7866
2369
8667
6543
6057
6416
9756
3941
722
9791
4859
4241
5537
6795
3643
5865
2811
7320
7154
3059
5247
2376
9297
3308
6600
1189
1917
3749
5440
3921
7804
2570
2575
6855
2091
7232
9601
3229
2380
4779
4405
153
5533
7849
193
2413
1363
2430
2643
5488
4486
8877
2915
8683
8821
1888
8084
7964
9259
1029
3001
2842
9865
6213
4756
4118
1395
3489
2553
4683
5095
4699
7362
9154
4007
7726
4668
8500
6344
363
3486
5404
979
2114
2857
9368
7561
1401
7611
764
7107
2636
7358
1235
7719
4017
1485
7540
7990
3478
8391
2621
7299
8762
5948
3726
7438
5909
4388
4
8382
4484
7743
5952
926
8645
3495
8324
9022
3915
2145
2889
1834
6894
2563
8928
2679
8035
575
9571
3802
8868
5646
151
6899
8635
728
8833
5750
3824
5423
8530
9978
3836
2075
3712
586
9818
6448
5906
5370
1481
8316
7239
3203
2192
3164
6324
7631
1695
1342
1816
7889
1965
401
7086
3259
6436
7113
6063
6467
7541
9295
3057
3823
5736
5989
9103
93
4693
1815
8502
2719
6632
1245
4458
6804
9685
3373
7891
7298
2984
6349
7351
8271
3175
8054
7269
5023
5766
5140
235
1144
2503
7370
2661
4145
7132
6658
5939
4169
2698
8482
9957
1284
3820
5194
566
5343
3569
1178
3970
7877
9251
2049
1012
4298
6949
5728
1377
740
9768
7372
9115
7802
4858
9331
2931
9141
2955
9206
6894
5379
157
8436
9506
3002
8776
6887
8862
505
6280
3815
9076
2314
164
4173
7331
5284
3467
2195
9029
8829
4604
6758
8305
2253
1330
3805
3310
9022
3546
9700
6726
9839
8051
4225
5218
2007
8689
5239
2264
1910
6670
73
2045
3879
7694
134
2792
7810
701
9266
837
8719
2663
9910
1139
3797
3923
7678
8267
1632
3661
4432
4365
8976
127
7852
1112
8110
4075
3647
854
8522
279
5586
8082
95
5078
1583
7623
2936
7615
3523
8822
9309
2140
5871
7395
3205
8578
9433
5741
8143
8663
6495
7224
9292
1301
9979
6265
7715
2281
1506
9869
3384
8248
4279
70
8487
6576
6813
2723
5722
454
1273
7835
4138
9985
4773
7014
7907
3249
9297
3880
9968
6893
6885
2491
2757
873
9617
296
4923
2688
8293
7361
7285
4548
6316
718
930
7967
6835
4370
7372
292
1144
8745
5773
5687
1982
8049
1345
5350
716
1537
6694
9219
5477
4410
7791
6159
610
3545
9241
836
4043
8774
4805
4559
310
5853
9812
7848
4134
3110
7921
2607
8964
3699
6759
3973
3067
6902
5763
6852
2269
5164
7941
2060
3011
4777
1952
5403
2130
9985
1601
6136
7113
4720
1996
8445
4055
8680
913
1422
7801
2325
5070
9994
3921
5038
5342
8333
7922
7402
1999
511
6328
4875
5297
1117
245
4956
2363
2050
4197
9411
1575
8385
6323
8499
7389
6690
4804
7634
3630
5223
4865
9089
983
1497
1603
6973
9509
4276
1111
3920
5399
1051
2753
3397
2767
9642
5276
167
7859
6406
9103
7780
5600
8803
4156
5875
46
7730
3602
863
622
5140
2722
3759
1455
9552
7374
7396
2273
9901
413
2382
4161
3821
5676
5931
8242
5526
9934
9885
9005
7853
3140
4119
991
1761
4344
2708
9169
1394
4563
1604
4805
796
2223
8339
9532
2724
2982
4344
5156
1597
2681
5447
8383
5703
5325
1971
7007
102
3391
3220
1453
8090
8008
1936
1784
3744
6732
7673
3467
8084
9165
1812
8471
5233
924
6273
5008
8631
9855
4348
212
1528
4110
46
2485
3503
2936
2624
9096
1421
5778
1214
3654
1153
1583
852
2256
7460
8540
4600
4783
2830
5474
4115
9753
7992
8878
893
1216
3743
221
6260
2132
8609
6881
4505
5513
3640
7057
9879
4099
1824
2684
2496
5214
8247
1070
7318
5914
5072
1835
6243
8771
1427
3336
1078
8510
9989
5401
8123
4048
2415
1269
7093
7001
2909
7637
9898
6685
3910
2940
6795
4403
2691
5057
8431
2167
7454
103
1787
6634
1177
1997
6864
2537
3335
721
81
4155
6363
2160
8783
835
9019
6185
9682
5734
6368
5855
4646
8838
1965
3325
5169
3053
4554
9043
9853
4918
9212
9999
1446
9044
1122
8871
5169
278
9374
3459
9974
66
1007
760
6908
1726
1335
9182
9536
6863
5997
1347
9698
7112
6802
4200
8588
180
616
7721
6015
270
6659
9546
347
9981
6496
9597
7131
6830
7933
8833
651
8185
4596
3940
376
8902
4199
3752
9986
3064
7049
6244
4112
4583
3319
9121
7552
5804
4690
1813
9705
4229
3513
7997
8623
8376
3127
6146
6338
8132
9622
6078
868
6547
1599
4920
5781
9228
3472
4908
5581
5270
5016
3286
8661
1382
6242
2156
6338
9321
4555
2171
6335
6317
8705
3898
6389
3513
3547
1707
8810
7982
3279
1824
2500
6997
2548
7658
4680
3943
6741
3708
132
7819
7597
2366
5237
2522
8053
4925
4629
9135
5016
2320
6500
2779
1248
4422
9570
6181
207
1771
6295
3454
7579
9594
5759
4081
5286
5243
3142
8937
1513
8605
2059
2014
3741
4191
2388
8263
8054
6729
5486
3443
2733
1816
7102
4003
4568
8646
281
79
3976
4199
5661
1081
3998
4255
26
4942
8778
3682
81
2072
146
6244
5335
8000
5228
5855
5845
5201
7321
658
784
1160
4525
486
9456
7176
5663
2268
8319
7883
6217
7378
1615
4530
6332
8773
8344
381
4132
5697
4190
1222
2387
9075
2315
4247
7341
815
9646
6940
6544
8205
9343
4003
1917
9966
3389
8704
2775
4525
1671
5805
3319
1265
2563
4799
8858
7663
9294
9763
5352
4508
9649
1927
881
7968
1228
6166
8309
8901
8721
75
7072
5263
6176
2359
1857
582
8203
909
598
1006
6373
2810
2102
8152
4380
146
1050
4641
9823
1557
3657
1160
6093
369
1582
7037
13
8673
2424
1797
4660
8131
5774
6746
774
2312
7325
2815
7852
6612
5887
5953
9982
9141
6858
905
2861
3008
7170
7791
4639
7702
8955
1000
1704
1478
1728
2528
4946
3437
4633
6530
1177
4200
269
8835
7462
4698
2356
2367
9349
6233
6950
3180
2373
5042
8086
3771
315
1245
7125
4461
2787
4571
2052
1825
6901
9547
2714
2155
3728
5469
6109
929
2885
8014
8113
3615
7491
1538
5066
6970
2682
1007
3424
5649
4062
3381
2862
2272
8250
12
8551
9087
6318
6807
2118
6711
471
1268
3231
1204
6058
3461
3176
8021
1757
9016
814
8496
4961
6386
2389
2323
6655
5899
4639
8134
7134
8691
5144
2156
5967
7027
44
745
8853
5053
5974
3917
6996
2213
3670
5437
8805
5001
1549
1331
6067
2924
6392
748
8261
8544
1047
8847
5304
6865
7337
3950
9096
239
5814
8388
9708
5748
1144
1871
2587
2916
9799
9591
8590
4801
3472
5356
7588
942
545
190
7980
9692
2179
7877
1554
2816
6468
7553
5769
517
5489
5836
9601
3278
7261
3996
4197
1956
768
1173
725
5101
4414
4970
2539
4302
8946
4436
3899
9111
5175
7707
8076
508
8868
7457
7325
1365
8066
382
5798
4491
5003
3494
6188
9730
4992
6263
144
5542
1446
9599
4581
7502
2303
3546
1357
1726
9441
2488
5119
2840
2805
1453
6758
6194
2222
3874
4377
3955
8803
6954
818
8454
8779
8911
1134
4481
5540
1018
480
9216
4720
7665
5298
1162
2541
26
6985
4757
5727
3822
1827
6822
4044
2345
8960
8144
4964
8990
1482
158
8299
248
771
8524
3813
8474
7450
2734
1405
8728
2569
788
4225
559
3869
70
7469
1967
6467
9225
2290
4169
7884
9668
4563
1523
8429
1756
7276
7016
9189
9946
1296
7884
27
431
9597
5453
6804
6750
6878
582
7390
5895
5341
7181
3900
948
1987
1436
1759
9548
3581
2413
8877
4742
7612
7438
9904
4967
5706
595
3630
3676
8580
4091
2608
5283
3160
8443
5649
6356
908
4487
5509
8765
4296
6959
8211
522
7170
8406
1025
5140
5124
9325
2394
5808
860
2702
6287
2120
2448
8277
1191
2087
2459
8216
9540
3134
9865
9240
7860
5060
8955
240
4608
6378
1255
4377
9925
315
7455
6880
9596
5779
9532
9215
4776
9191
6903
4664
44
226
1283
4257
8022
7584
4699
3928
572
1842
2740
9384
6529
9250
4718
2724
2052
2305
2732
1152
2822
8796
9437
991
4054
1181
4535
1286
6170
3454
3488
4112
8796
5832
1992
3035
271
8361
1702
2127
8156
1044
269
5311
381
6515
1674
6040
1590
4887
5293
3414
891
240
6946
8294
7041
3064
4171
7686
8293
5593
6347
6633
2307
6319
9666
9990
4693
9096
8512
3856
3768
1416
9064
5697
284
8809
835
7679
3448
2384
9517
3840
2423
9995
2320
2218
2499
8822
3867
2899
6028
5693
4702
3991
4597
5307
613
5112
2700
16
62
320
3924
7282
5001
2002
385
1227
9388
4318
4799
6112
8896
5139
7902
6465
4779
3470
3262
7580
8554
897
3620
5260
8299
47
1110
4383
9637
8052
7481
6182
420
7618
4884
9797
2885
9446
9344
74
3546
1432
4558
6906
3466
8481
677
9495
536
599
151
9742
3871
7156
9984
6860
2663
2917
1946
4353
7430
9038
2799
2445
8214
3051
2460
5494
4574
4705
5245
5740
4160
7234
9499
8628
3903
7887
3184
9120
2699
457
6131
5263
2139
320
7796
1073
4933
3564
8261
1859
284
9354
9330
6729
5591
9790
3215
2569
9290
519
9789
4740
5732
1248
7401
3232
9412
370
9601
4368
6568
3223
3716
837
5091
8729
4533
5565
9674
5225
138
5658
1804
380
5511
9934
2540
416
5363
2530
7788
1484
9684
5734
7112
8277
8812
1939
2428
9324
4063
1484
3778
1925
1103
1330
556
7411
5270
6086
7290
6431
6943
842
3161
4904
5794
513
3672
7876
2938
1477
3304
1348
2853
135
9376
3237
3015
4320
5354
163
8939
5846
2782
8280
3431
1899
1160
6418
3915
3216
9448
4051
3478
9190
6423
5234
9893
3909
9553
6255
4953
261
19
4195
7252
1274
2561
5973
32
4429
8580
8121
5035
9668
4527
5860
882
1652
8077
8683
2553
1981
9945
8984
1333
5588
2650
1694
4854
3838
6840
8020
661
4407
47
2541
4501
8163
1455
585
2233
7548
8765
7492
6450
1626
2587
3100
5555
9744
3950
1920
1923
7107
6225
8227
2638
1510
8598
1568
7161
3968
4740
9320
5328
1023
1602
6742
8958
4038
1198
9332
9159
7634
1114
5735
7221
4026
499
932
9774
6805
5456
2758
1902
4901
3636
2296
5110
7281
7247
3964
5905
5088
1335
2574
111
881
7566
3891
528
2456
3569
3627
5726
9027
1917
9957
3703
1914
1550
8498
3046
5013
2341
4097
9341
2535
1157
8202
3281
5992
586
2294
5058
8897
6918
9947
9862
7616
3353
2614
8465
748
2397
673
1746
610
6028
6388
5901
7005
5758
9831
8816
9861
3266
5510
8741
6670
8104
2253
1011
7009
7161
9970
4097
3895
980
8579
5033
2914
8822
7364
8900
7382
7765
8955
4839
6132
9
8567
8186
8152
4024
394
689
8936
1900
4167
3929
4061
3251
1110
7360
318
6354
197
7729
4935
6199
6697
8683
4217
9482
2258
7950
5867
158
7484
9249
6030
9274
545
7202
2862
9359
2812
8315
372
4278
3401
5277
568
8440
6441
5756
468
2008
9665
8439
4052
4192
4321
5826
441
2695
5346
9378
6077
2588
7673
5220
9057
4674
1256
9978
8179
4328
1524
307
7499
9124
9905
6038
3091
2987
3113
3563
8519
79
2011
5558
5906
2870
9312
6113
7256
2227
3257
1476
3202
9011
5189
8052
8132
2950
1311
8405
3563
2055
9331
1149
1282
4970
4097
3399
2611
4210
2874
5073
3706
5644
8696
674
6261
6491
8826
6027
6840
496
4508
4041
6686
726
3621
5828
570
3928
5562
2040
1242
7904
2992
7837
9085
1996
9950
1365
1915
3326
4401
9489
6643
8385
586
3216
3314
8132
1778
2661
4511
5652
7773
3620
436
1770
828
4938
7942
2525
4317
5510
4917
7430
9645
8887
2031
7023
2573
7411
8207
7622
6818
9505
2356
2980
4262
611
5580
2164
9293
1588
1583
690
1410
3322
9511
5938
9807
4392
3981
3850
3147
6003
9583
8781
7806
2943
6813
6053
9840
2853
1220
556
7008
5811
5682
663
3489
4032
7351
2912
7102
6186
8748
6702
3597
6430
8894
1859
8594
6995
6691
9458
3114
2660
1597
3947
9208
6104
8108
7956
8957
4160
8909
5429
3104
4908
6496
9344
8237
8714
584
7660
4169
2956
2988
8045
2660
2821
8730
2529
3863
6480
8379
6713
5117
636
7970
1746
1550
9800
4365
4063
3543
807
9598
6181
6229
2032
948
1250
6991
3509
3410
8667
2196
7470
4993
2577
4362
8114
8961
7359
4389
1617
8266
9299
5480
4240
9554
8854
2102
7377
5159
1610
6465
8543
6299
5263
3956
5491
4416
8178
1196
8662
7097
6834
656
7940
944
7472
5042
2105
7718
4098
894
6299
6533
4484
5663
4867
9809
3389
9505
8537
2845
6617
3201
4731
6537
7832
8368
5177
4937
3458
150
1872
6673
7077
6244
9554
461
909
7826
6287
7213
9742
2247
114
9054
2481
6982
5177
8403
4761
8197
7890
2130
6145
7418
4511
5163
1124
8542
7078
8355
7752
6419
4472
3775
4407
5954
6428
3244
5004
5740
3351
5291
5783
6163
3129
1945
2428
3793
9015
6749
5150
8326
8657
315
9988
607
6208
6453
4742
3985
5614
8529
2630
614
3057
6806
5373
8350
6085
6480
5313
4262
3077
7171
3392
8950
6710
3964
7899
9108
5809
3778
9954
167
4138
4492
9048
294
5105
8252
9779
8030
8325
8329
1506
338
3120
2250
8443
5645
1555
3774
7104
1587
4670
2857
5645
7061
9356
473
7137
2324
6937
3783
1735
8509
6081
4952
1248
8770
5271
7155
8718
8409
2030
6621
8351
8637
8136
8960
5156
434
7880
5658
93
7511
6550
146
3332
4980
8574
1749
5522
8307
4005
6126
2209
5179
6362
4613
8720
3926
6229
334
9836
1557
2159
4162
241
3770
4301
763
6573
3122
1658
4328
9821
7334
7871
2480
9687
3974
8722
7316
4659
6966
7193
9853
438
8837
8265
53
2540
2504
6863
4753
5905
5862
970
5612
6621
3900
2483
5695
9546
7649
395
6443
7619
4243
6687
521
6698
9072
7578
153
854
7697
4568
9352
9992
5617
2834
6813
4136
1787
5802
6673
4561
6753
6117
3022
5221
3241
3120
5312
2062
738
5024
3673
8035
5908
8074
8561
2355
3125
3483
4106
7648
6200
3366
6545
2331
4321
360
2656
9785
8179
5513
8545
9583
4506
1746
45
1999
5812
5621
7107
9230
8505
4813
2244
8497
6844
3235
186
9460
2874
2970
8457
6662
1584
8584
6030
3621
3417
5057
7796
833
5300
2881
4309
5472
2004
9126
1389
1245
6881
8024
5115
2798
107
1910
8481
1969
5807
5182
8666
3377
7507
2601
6779
8027
2187
5297
9570
8823
2462
3103
6731
2422
8834
7141
5858
2935
627
5093
3682
6197
5795
1964
9980
8737
6172
7343
6867
4423
4497
8912
2116
7007
7330
5901
5396
1027
3582
181
2465
9112
8147
2936
4346
5227
7249
4170
5067
5097
7036
7443
1712
7931
7440
7078
2746
9180
8735
1116
6928
3672
6694
2620
6093
8210
6014
6250
1783
6898
6110
7577
4816
9258
2077
6206
6325
7588
8453
2851
3348
7194
9971
3556
9722
5697
363
9785
4330
4306
9609
4832
2634
5590
6946
1783
2856
6350
7273
1219
1641
77
3773
5824
9250
2114
1279
2742
176
8773
5026
4964
5009
5229
9707
5019
9845
8252
952
6906
1551
3048
1197
5585
1446
8999
4153
4148
5225
342
3495
3006
6719
3494
5377
719
9771
2004
4094
8068
4222
1683
3500
802
5431
7175
8345
7374
2885
273
3339
6492
6142
1042
3856
482
6824
4414
1999
1239
9812
7583
3277
2878
4138
5027
4188
2889
5440
6275
2446
5868
1796
2224
455
9248
3865
2316
3824
6672
2590
4354
3464
4307
4777
9284
4885
806
3203
4975
6168
5365
9565
4509
6303
1718
9185
5159
9972
8771
4099
1988
434
8290
566
4482
5367
8994
1995
3952
181
340
6868
677
8051
5764
5734
7201
1233
3042
7965
3951
169
2193
5561
8851
9024
2956
7702
7685
3195
5376
9178
2650
7423
9562
6248
8908
1216
6109
1713
1190
9643
7568
6954
4269
7744
1618
2104
1966
9367
475
4920
3600
6996
7888
6219
7174
4980
5922
3839
7172
535
3252
1129
6442
5688
8263
5101
770
1847
9908
5008
6802
1911
1158
5
751
8675
1953
7860
7630
5212
4355
2217
4264
350
8293
7784
1401
4033
781
8350
6613
4570
7828
2754
7192
4321
3855
7035
8104
7902
5308
7531
4170
2573
923
9513
4141
1024
1094
4253
7798
6660
7535
2580
1977
3579
9844
4803
6978
6232
3889
3063
4557
8298
4355
5659
2376
3231
8212
4916
2626
5994
9704
6166
9472
2352
7475
3738
572
9659
5397
8119
8122
737
4019
7020
3609
2639
8882
5520
3666
2847
130
5904
8913
6538
2998
455
93
6102
6828
4493
9205
1855
5517
5814
6488
900
1202
7499
2177
6233
6560
7686
1390
9706
3555
9126
3355
5839
1875
6451
4336
7434
8516
4907
1028
5933
4000
7275
3196
6969
553
3097
8292
3074
1854
8158
296
8718
4476
8209
4991
5244
1342
6766
7029
865
1458
6470
276
3133
9449
1744
1790
2300
4635
909
3754
777
8405
2746
5096
3181
3360
1790
6914
9461
767
2482
9106
3618
805
5392
8106
3321
3264
100
5908
3530
646
2592
5430
8558
394
1852
65
2186
8251
5578
7079
2961
5210
9976
3542
4677
5110
1822
4517
9358
6405
7655
2170
1667
8977
8908
9414
8004
9788
4252
3198
6075
658
5976
6407
1271
410
7802
4588
6168
1400
5414
447
2345
9474
2297
5258
7766
8573
7118
880
5455
4163
8735
2310
3621
2387
3369
7191
4210
9590
4248
6536
9189
8073
4321
505
666
1772
4783
6805
8536
7045
6500
2646
1124
6050
17
8551
1572
3353
8370
1720
2781
2734
9344
1672
1245
1601
1386
7458
3845
832
4014
7654
8270
3920
7568
4498
9165
1268
1453
8605
7905
9176
2650
4737
1448
7917
7285
3138
2753
2992
5981
4479
9037
2505
542
3060
63
8317
6532
5161
7698
3201
7953
7547
9450
4236
5273
5621
9074
6471
6554
2171
821
8867
1338
6082
680
2711
4664
8751
9124
9093
9093
2747
1681
7800
8987
5439
1054
6349
2427
9506
4126
5386
9029
8764
4620
7615
6384
7510
1711
1096
4073
6785
6184
972
1400
5999
2488
6693
1007
7442
6127
8636
7100
863
2655
4528
7149
413
3375
3875
2483
8512
9883
4577
7055
2989
5513
7806
9720
9946
598
2347
8543
9300
4303
4885
3930
8635
4892
2442
8205
2910
9510
5480
3607
6206
922
2612
6439
1122
8725
5540
7535
1239
2479
5050
8193
