6874
3127
7044
2264
8350
9252
4527
8072
3343
8875
4367
4660
8001
5915
9677
1509
352
9537
6050
8248
1575
9322
2949
5473
5614
7161
4590
4619
2259
8115
4662
1261
9571
807
6798
9529
3765
5564
8104
1342
8244
8659
1573
2061
3335
6956
1452
7544
7263
7348
2692
8550
4460
5931
5950
5732
4620
2276
3218
3797
3009
5301
7301
7194
9854
3854
3108
9949
9726
5335
8383
1367
6737
3090
3013
1890
4099
8192
4631
6920
203
6928
524
6186
8621
7505
1745
9725
1148
7416
7818
9854
7968
5229
9226
1030
3663
2416
9323
8249
1676
8809
1658
633
665
6109
5250
839
1785
2252
6883
4825
3463
1672
607
375
9917
3920
881
6592
1538
2282
3770
3929
9346
6703
4153
4901
7387
79
2630
9201
1858
5350
2700
6502
3264
8967
5345
929
3101
9428
1315
3679
8055
7232
64
946
6367
9243
6498
6417
5552
7533
4677
5387
6797
8334
6918
4876
6821
4753
8106
760
6742
3169
7385
9924
5723
3284
9253
7092
5379
3052
4699
7295
6608
9324
9316
3166
8568
5528
1624
2452
1164
1685
3472
2664
1619
6655
2246
4413
690
1561
9931
8754
7706
7919
7349
5557
1118
1704
8323
5795
6991
1208
5007
7323
4678
4465
4559
7872
1581
2601
2119
7309
3978
8966
5230
5810
6201
3926
7515
1965
6085
524
5117
8980
7763
4676
4036
7727
9308
9480
5711
739
7556
7979
4803
6520
1243
2754
8260
8156
8224
8515
5459
5072
8525
9397
5284
1872
2147
5703
1227
8064
5891
8956
3587
978
6949
6900
4907
6852
9209
4599
2525
2295
4920
906
5835
9706
2917
4403
8680
5812
1142
1657
3537
5617
4201
645
6214
4660
5269
2693
57
5610
702
3119
7938
31
9156
6083
3628
9002
2969
729
9424
3203
2733
937
8412
2358
5576
7497
5519
8815
6275
8801
7395
5796
4963
5754
7560
5474
4803
9669
5257
6816
973
1065
7789
3680
5060
9316
9597
4036
3873
466
653
589
3993
3867
5752
9726
9575
2199
8236
7727
6043
7645
703
941
2718
4537
6173
4703
9489
6779
1167
4420
1
9196
4762
6328
9065
2956
7793
9702
613
3159
7175
6246
6942
5222
3125
2647
8870
1601
1444
3144
3810
706
568
3233
6239
1653
1994
1535
7874
8859
6848
380
4448
8270
5562
6604
6935
7855
8092
7843
3655
9515
3187
6773
3409
7564
8182
230
5482
7260
4731
1135
5483
7348
7090
514
1065
1186
4466
9141
5484
9849
638
1530
9342
5810
2180
1055
9330
7985
3026
5745
558
9842
8901
76
5734
6658
8095
6525
7862
7722
7796
8760
4156
806
6610
7253
1408
1428
730
5269
4321
9800
5135
5555
478
7021
5594
1414
9549
629
3111
3235
8779
3537
3184
5503
9777
9244
3172
7729
2847
1745
8132
7718
7288
2414
7338
1487
8329
1696
4582
2773
9367
6989
6982
4748
4276
6705
5649
9141
6366
8080
9808
4797
404
8683
1529
3059
6646
3181
9162
1479
5032
2613
3199
654
8818
5406
9632
1202
9095
8409
8841
5670
9168
3436
6951
3719
9365
2388
9980
8126
6471
2790
8752
1219
1405
7364
9284
3403
7672
9211
5219
7617
7157
920
9608
1123
1935
8635
5814
3059
111
4147
4024
1374
7889
5657
6726
2202
3860
3033
7216
1848
5661
1323
6970
8009
7400
2032
3861
3420
7165
6152
8549
3893
4139
1984
452
3514
548
7160
4770
5959
5492
7731
8663
3985
1582
3288
567
9095
9909
9781
177
8805
6933
6227
7668
6050
1388
1236
7743
1626
4888
5705
2131
7462
9997
8064
8822
7446
5747
8971
551
592
4746
9164
393
4690
7675
236
8143
7012
4749
5115
2402
5929
1777
2241
7106
9972
5946
5459
1286
7256
780
817
881
9687
5728
8989
1108
1308
4753
9782
7642
9380
7862
1010
9635
9462
7740
2762
2241
5364
3616
4863
5625
8521
1222
7594
1878
2402
248
2321
9968
9322
5758
9062
5491
2158
1831
7465
2144
6623
2146
2766
9165
3205
3147
3689
9449
1280
6309
5622
3184
5706
7280
9573
1511
9097
6424
6114
3701
4993
8842
6483
6959
6517
4883
1338
7406
9517
9078
2794
6366
6020
4394
135
1062
8537
718
7334
3519
4117
138
547
7186
2108
4275
4258
1523
9932
8874
3485
2708
8979
5107
4316
3671
4381
4589
6658
8644
8234
290
1156
8115
3918
1260
6948
23
530
3202
140
5720
2393
7166
7255
9514
9181
6797
3737
6575
999
1234
7838
4726
6157
1207
576
1166
7909
2417
7538
4779
9352
8590
4297
7123
818
5918
3003
7270
982
5740
9759
4168
4894
6871
5156
8893
5952
3057
1886
223
6061
8595
3803
6127
4803
6235
9843
2230
482
803
4302
9926
7179
7487
5615
1138
3955
2067
1662
5398
8616
5086
5652
1444
9579
2199
175
7789
235
1555
9189
3545
5107
1312
3462
9827
2489
7202
9018
3379
935
8775
5401
2057
6550
2968
3817
6691
3318
5982
1234
939
2459
2479
1774
3760
2962
1828
8620
8272
6129
4504
1491
8943
7644
975
6179
9926
6419
3760
6472
3067
4249
5953
3944
5992
2383
125
5740
6875
7679
6517
8699
9994
6613
192
5761
1840
2151
5888
6286
3752
1894
467
699
3765
6924
7938
9112
5612
6197
1178
369
1567
7675
1620
6591
1175
3209
6259
4986
6317
8817
1914
7868
6869
2697
8215
4673
6151
8639
4848
6379
9259
142
2505
3857
2977
6793
3887
8343
1818
8708
7043
7289
9782
3186
8934
8658
651
2536
5934
8777
5998
3744
8098
6250
386
859
4616
2771
8442
7566
4440
7125
988
9341
8237
7946
7989
405
2184
3414
9267
2594
8928
8261
7954
5361
4202
2532
4950
1360
6032
9676
3378
786
1201
1753
6707
1294
2374
2202
6685
631
1980
3745
9920
4807
5411
8457
773
5220
3378
9767
4795
3092
4964
4152
2360
1949
4819
3114
830
4037
7359
4712
8717
3528
3195
4573
6318
7032
7205
314
5379
703
2384
1058
5657
5600
7632
4514
6967
5275
1201
8238
246
5519
8900
2935
9212
6217
2406
3048
9382
6251
2591
5600
2242
5928
9188
554
2934
2636
4554
7047
3857
73
2872
1262
7036
5500
1943
7898
2493
669
8185
3281
7048
8293
2659
3732
9233
4810
3656
9442
9938
5270
771
4728
6565
6230
4176
3507
1968
2414
4872
3542
7243
538
5480
583
2958
5295
93
4963
9995
7983
957
2946
1125
4491
677
3557
9452
6324
4491
4972
646
666
8159
4820
4412
6501
1331
3597
3758
2658
9828
6362
1764
5237
2851
7458
9042
4557
9077
5987
7846
6965
7859
1126
8210
2118
8095
3533
3904
9162
4772
3177
3895
3547
1976
7065
6185
2058
3521
6316
7174
9868
6928
6456
6241
4078
1839
3235
44
3914
7123
3886
2738
8146
1646
3313
7473
1960
724
641
5075
4576
4423
9902
2055
6381
5089
2234
9329
3544
1773
1300
9866
9232
4947
7378
9941
6459
5790
6157
7968
6810
4364
3062
1075
1322
2753
5687
4744
6871
632
5172
6135
8987
7400
7295
1724
4852
9006
11
3751
1860
2381
8089
9712
4626
7759
4734
2837
6622
4774
6118
7010
1633
8131
5745
3132
4018
354
7595
2282
3221
3632
7482
9456
671
730
7344
985
3956
7812
7792
5392
1025
131
3486
4795
3462
9112
4751
9525
9963
3417
7280
7719
3459
6461
8578
5074
9870
323
1954
1659
3784
1312
4919
8499
4655
451
6341
9762
6258
7703
8638
9632
9428
4644
1400
9168
4688
2034
4074
137
9271
1276
1344
4337
2516
3645
222
9144
6177
1945
9040
4143
8195
6042
4400
564
351
6262
6993
4955
9664
6521
9512
1770
3601
2837
8747
7969
8244
2002
2465
3028
21
7299
4217
1494
377
215
9207
1844
3136
6936
1849
8779
4841
404
3400
9399
7269
4022
3225
8665
195
8081
4211
7475
5659
7320
7483
8323
3894
1916
6603
9995
6554
9394
9681
6649
7460
2272
3875
6504
350
4501
6609
1617
5872
5122
8355
9359
754
3321
3697
3086
4271
6352
1985
8415
6230
4450
5531
1483
9626
6370
5833
5025
9194
9981
106
3774
1914
5371
5957
5736
6096
6001
3099
5223
8091
471
3365
2384
3116
4641
3293
7552
1401
5388
8152
1505
9031
1959
2768
3452
7797
7739
96
5579
8472
296
521
7385
2512
2093
8258
4633
7385
1075
6476
4992
7917
8903
4419
2752
3831
9843
8864
4002
979
2888
395
6990
3761
826
6030
2266
1657
6952
3333
8349
424
2438
8786
4975
9272
6185
6797
8431
6430
4302
9848
5616
1292
3031
1216
7345
7015
2243
239
6488
1251
2889
1519
7434
650
1329
4585
8345
443
3391
8107
250
8047
8413
3704
1682
9047
3907
3402
797
5202
3318
5523
8011
8587
9290
1808
4776
7038
9061
7246
9110
9675
4114
2615
8
5075
8607
37
1501
9567
2180
5847
248
4641
7855
193
664
7890
2896
5597
6713
5450
2894
1600
982
9054
8853
7544
4360
5875
1709
9297
7040
992
5560
8903
1581
8434
8071
3173
7371
2890
2473
9116
3704
3441
5330
5903
2868
6619
7284
9515
9620
3289
8700
1012
515
6504
9627
7179
5014
5064
2911
8284
8682
215
6798
8691
8989
8139
2911
8766
6853
1038
3973
6798
4865
1843
88
6791
8986
1288
5873
3879
1157
8180
3378
5651
9480
4655
2800
8589
2118
4817
7199
6738
3753
7906
8344
8783
1851
9393
6025
2852
8625
5457
3609
3073
2677
3677
8102
8733
2574
6843
4685
6885
1758
1070
5014
8609
4696
9110
4121
594
4299
7747
2704
9304
3312
4039
2971
3824
9068
2329
5946
8779
7362
261
1275
6729
4872
8768
8320
6196
1700
7578
1612
634
1956
2460
7914
2322
1831
2657
7833
9551
5482
7025
4568
2178
2067
9545
9914
8441
9492
4694
6118
8566
6924
9007
3967
4139
6208
7987
378
609
6353
6183
161
1160
778
5986
3075
4825
2265
9908
7237
5239
5911
9984
7882
1396
8166
1979
2730
623
9926
4365
2882
9386
8307
7380
2615
2570
7663
1799
6408
3081
9784
6888
6000
3189
8613
4499
965
7451
5762
7955
8848
4222
2085
9924
3881
9905
4317
4291
1806
1541
5543
4705
7631
5227
3372
4438
5450
9051
7226
7955
782
8573
2908
1664
1774
9669
4473
2740
6692
9564
7127
7442
6703
8857
3913
1472
6746
4430
4508
6755
7002
6607
6682
3399
4980
8397
7113
7083
6873
4977
6916
4569
6656
916
8995
6994
254
618
1241
2504
1140
9456
6778
8453
5796
6475
6183
5913
1
2063
1240
6609
5763
6625
5364
5890
4148
9732
176
5782
2746
9919
3282
7741
4913
2784
6000
2772
228
7578
858
9683
7192
3098
721
4368
2022
9752
8066
3842
690
8408
9299
848
4060
7343
3593
1479
4595
5939
8148
810
4017
7532
6024
4580
39
7463
7304
9865
5189
7369
6544
410
3814
2703
2671
4056
1238
1716
1663
4015
9633
2749
5331
5780
5642
7470
5965
3082
292
7535
6505
5165
401
8889
3609
753
1908
171
93
1701
5829
2393
8606
9761
6977
6787
1928
6495
6602
1940
6690
4118
1218
5713
4075
1632
5872
7665
6771
462
5533
3788
7747
9874
8638
4156
666
4393
6398
9280
8629
7227
7094
8496
8233
635
7500
2746
9760
4810
5158
2907
2318
4200
1977
5721
4991
4730
227
1645
2352
8199
320
4734
4310
7740
7277
56
9790
6288
4615
5340
7730
9777
815
2881
6629
9661
5868
9176
7884
3549
9853
2029
9752
6380
4234
5225
9076
2965
3733
7444
6055
4298
819
4664
839
9489
4273
5538
9467
1017
8244
5393
3034
3530
177
528
2133
5978
6534
5168
3694
9020
9875
7486
196
6387
9352
9381
7004
5189
3309
2556
3037
2587
5864
8224
4120
3876
6398
9596
6531
3432
5273
8756
2416
474
1666
9858
3630
2583
4732
1239
5708
8284
1133
1603
6261
5156
1593
1808
5709
7550
6444
5577
8614
9533
1236
9736
9551
6425
3353
1068
3802
674
6426
9033
1353
2389
1558
6762
3828
9608
7379
6289
3049
8623
3038
8863
5936
2001
3327
7248
7098
3748
3736
8077
8214
2020
5403
6901
9039
5907
3813
5861
5909
5883
2923
1236
519
367
6095
6124
3162
2863
6351
5250
8793
7306
4618
8759
2825
6206
7216
9543
4391
3995
9525
1230
3584
8597
321
6090
9900
1208
2407
1692
1224
4614
9408
1368
6255
4076
4596
8060
9237
9731
7732
9246
7360
3714
8822
4221
2595
9264
2574
7465
2360
9783
4614
1711
3433
4516
8298
9997
602
4043
4034
5796
7271
1320
1853
2187
7862
9376
8934
9887
4057
2326
5334
9960
5762
8233
1430
2183
163
9978
9518
6684
7889
3708
7103
8708
7492
6596
5674
9712
1278
8544
2891
6369
9797
8404
9813
479
9647
9327
7595
3624
7737
5052
3704
165
1604
1509
8284
536
5916
6705
6356
1458
7270
8750
6117
7506
3254
8106
8916
9160
10
5755
8837
6983
3303
5343
7182
2280
1566
5437
6359
3819
3658
4970
2704
7641
5880
7880
8078
1813
5252
5977
292
8833
3692
3425
1067
4172
2483
9129
2126
8425
1316
400
7396
5803
7937
8620
9178
3260
8263
5822
2476
909
7263
2084
3456
9720
4292
6344
2384
5153
8220
8389
8674
2555
4294
2873
7333
8582
3102
5878
602
5910
1215
3507
3581
352
9862
4432
542
5277
2110
7382
2785
4897
1022
557
7630
277
6187
4887
1365
3920
6955
745
8018
7604
9176
7578
8424
5029
4508
6436
1230
4804
847
4600
8531
8026
8683
4910
2671
816
3832
4762
9895
923
5609
5257
796
3829
9185
4107
1329
9974
9555
1003
3576
4578
2678
1673
1848
1980
145
8280
1628
2840
2216
7859
7019
9453
5763
1707
4783
4409
4295
620
7732
2447
84
7470
4655
2892
8731
4198
5945
3464
2697
412
8567
3735
5796
3464
3223
2127
3376
1158
2601
9187
6943
3384
6135
302
7715
1210
9315
3004
1313
9169
3388
2674
6404
525
8748
3390
7915
9470
1312
217
9760
3746
9365
7832
8982
5420
5996
1714
1566
4577
1929
1004
2678
1483
6606
6880
7135
9008
5119
492
5593
3597
9138
5351
6573
5420
6437
6974
2231
3398
5515
1949
9566
5089
3988
4873
9729
1913
1144
7322
4527
4301
5232
9813
6051
3825
690
2887
4042
5985
1239
7535
9123
4997
2666
290
1427
943
9567
3154
1761
385
5677
3128
1444
4412
2905
4926
2295
2900
7089
985
7270
6975
8994
244
9753
7740
135
1720
1738
4480
5662
7431
4467
7067
7448
24
2057
6489
5501
1164
1135
7125
3146
1599
2809
3240
441
7802
6942
6047
2298
6550
9144
1179
659
4955
8860
7265
1409
2758
2544
2561
1130
2697
2846
8548
4993
6588
5572
6687
3781
7873
564
1605
8887
4917
1167
9336
4838
338
2937
335
4440
5170
1737
1076
3719
8398
4816
6516
4757
9557
5139
9177
3214
392
2310
7909
8057
4034
4439
8708
570
9204
2756
2532
7943
5038
1467
2369
693
3466
5660
1881
9534
1107
460
6494
2449
7587
4313
1562
5127
9193
5541
2956
6141
41
2689
4816
4899
4718
8279
2333
5552
8411
916
5592
463
9535
2352
4007
170
9958
3963
1919
353
5852
2198
8302
1767
3452
3819
4629
9498
9047
3211
4589
1149
3009
3586
2923
867
4965
8424
6222
7434
7864
854
2820
3554
1291
1395
9804
4697
3722
4203
4439
8468
657
1099
8456
7547
5694
4539
5994
8914
2034
4456
977
4336
6226
5373
376
78
6266
7629
8826
13
1472
6896
1516
6180
9190
2888
6599
9909
1529
1822
1379
139
1991
9614
6287
7603
925
1260
782
563
1038
129
7547
8683
2912
6886
6237
9015
5857
8780
4693
3454
4007
4597
9924
5706
9988
962
5210
1204
5480
9738
6537
315
5393
5796
2040
4881
6061
2450
8979
5378
9088
6858
7872
6770
8465
7057
4492
8338
8366
5350
4340
9519
3072
8201
2448
1127
4010
6214
9593
2536
9659
6850
2571
4119
6723
5025
9478
4026
3250
4241
2255
4867
5083
2694
4979
4697
7111
9603
3163
2148
2246
9794
8698
7557
689
320
2580
6192
5547
360
2249
4759
7526
2538
8479
4692
49
6920
334
6642
1807
4845
212
5225
2563
4410
6313
4948
9959
702
8301
7217
6332
7330
9837
3620
3740
4590
7124
9080
2619
3451
3246
6515
7148
9398
2872
1221
5760
7758
2291
7085
7225
970
2632
8920
4972
6506
7813
7879
4757
2568
4837
3323
5781
4954
3550
9264
8758
2312
5428
4931
6847
3716
2923
7250
9058
6555
5961
6030
9651
774
7866
6959
5300
77
6557
5317
2891
921
1516
9190
9877
9876
2329
856
835
3152
3635
3613
3683
3952
9912
7382
2682
9959
1732
2774
1820
5803
1000
5508
2366
8198
3302
4732
627
4761
7609
1475
9779
9404
7681
8852
5290
5734
3900
9516
1324
9174
6272
3215
5718
9100
5252
6724
2288
2935
4703
6724
1166
4556
5240
6442
758
2239
6476
7704
7516
7442
4254
8470
7800
3879
2457
615
5193
7939
209
2394
9523
1137
7848
6105
1700
3167
2508
9906
3301
8345
3037
6208
3324
9041
5885
3493
9470
3224
4816
854
6081
9884
9954
9651
1215
7581
1704
2961
2086
45
1902
3990
2269
3812
3840
17
8209
4301
7316
1491
9534
4337
6692
4414
7193
4174
1914
9368
7274
1139
5877
5340
1831
3963
1096
1581
2555
2435
4001
9576
2501
7322
1670
1717
6973
9700
4779
8441
417
4346
6673
9292
3742
1442
9624
930
842
3815
3605
600
6334
4453
4287
7516
305
1859
4435
4345
9200
4493
8184
3278
6074
9404
7629
8634
2295
853
5038
9895
9048
1899
4373
8256
7801
5265
1292
2671
9555
1216
7921
615
2575
9521
5939
1259
5205
9256
7753
6298
8146
8190
754
1224
3432
9593
7127
9674
15
7866
7884
8685
6889
9282
453
787
7651
5250
9205
6299
6312
8094
6194
6652
8032
5501
6661
814
757
3375
6365
4533
8342
683
3347
8042
3908
852
1864
8152
1562
6920
6874
768
8825
7157
6581
7210
7537
7960
8535
9224
5708
3891
2140
4776
3493
3498
5432
7751
4742
6843
6371
7084
6879
8520
1022
3064
5586
7505
6147
4952
5738
1154
9995
1924
4252
5751
5450
7128
2662
4680
1828
1292
9365
21
1347
5105
3938
2047
9376
2235
1292
9104
6591
6262
8033
5336
3319
6310
709
6469
6590
575
8406
9278
8260
7373
7478
7372
4230
9169
1015
1638
5923
9641
309
4295
2859
2555
1564
9646
7890
158
6107
4482
884
9252
9808
1888
6131
8696
9779
5938
1164
1872
7823
3918
3400
1135
1451
9192
5806
7978
7382
4677
7878
8708
5073
7629
3992
6713
7142
2684
7474
6340
2390
7909
7272
4317
9809
5219
5398
7218
2766
1726
641
5984
187
7206
8252
8462
3118
9072
1239
7702
1945
1834
8241
4354
300
9051
1966
4543
1541
7724
3123
2784
8258
9070
5678
8850
375
1238
3507
9895
1851
4828
4930
34
1773
700
8948
7198
4820
7190
6355
3802
2819
4136
9689
3125
1660
8518
8641
2338
5707
2691
3130
5704
4051
5967
9642
4793
3863
8061
4687
4749
4798
160
1665
9786
7625
6993
5203
5858
7313
2480
2408
3929
6953
3364
6514
9298
787
736
1125
3077
3518
6197
2202
2063
7341
7038
7728
3333
963
6540
3229
9478
2682
7470
8883
1229
3076
2156
653
3344
5176
1216
4376
776
254
2498
9615
2461
6422
9503
7374
332
1202
5765
6232
1368
9731
2558
3364
4939
4577
9670
9762
1527
5429
8010
6300
7726
7472
9727
8583
1722
8447
5948
633
474
8902
4198
5044
4761
4520
3990
5904
8652
1513
3128
6199
2392
3243
131
2490
7870
7540
8240
2930
4261
4529
2441
8784
8082
1556
6479
1221
6997
9336
1048
381
6483
7189
4547
2518
9516
7967
6361
4016
3881
3545
7730
4796
3252
1063
3121
6118
7555
625
5485
9375
5410
5331
6253
3971
172
4209
3520
906
8486
584
2246
4090
7272
8304
5774
7609
9609
6077
2412
3776
6437
5525
2582
5707
190
1660
7628
8812
2429
4266
2451
3472
7043
5567
1964
2074
4672
2173
9845
7531
9695
1731
1035
7235
3948
7994
2474
1072
4419
6663
3412
9349
4663
4065
6569
4663
539
1725
9705
6673
2656
6918
3171
4535
8748
7224
2473
7943
4355
8059
7715
2315
645
3244
8460
1627
5460
2119
9516
5504
191
2225
5555
1955
3568
1938
7343
8692
3439
2480
299
9351
3425
7254
9876
7432
4097
8995
2008
3567
648
1327
5069
7039
6156
8697
5532
1816
4563
8027
8856
4668
6226
6943
6031
8063
3910
7707
5131
4439
4862
3991
7605
9811
4643
2879
5992
5144
5861
6788
7421
5526
8596
9453
9640
4202
3816
7500
3166
6365
7709
4283
5330
7321
9102
9684
2235
9803
9244
6592
8082
5492
3916
2727
797
2713
7227
182
1060
7547
8974
7519
5181
9233
4490
9354
7528
3329
6972
9210
4153
2317
295
5162
6893
2890
9896
4981
5706
2140
7895
6021
7576
9726
3452
5364
3046
6766
252
8926
5339
260
479
4488
9658
6370
5550
9817
6049
1159
4702
8518
9102
8318
4884
4444
9117
5172
1316
5558
7459
5911
4794
3231
6960
3897
5732
4065
389
7588
1866
7052
8898
7015
875
8866
5354
879
4981
6895
230
6097
9505
5462
6322
1731
3033
6678
8856
1658
8774
1883
6135
8686
9866
7553
9311
5418
4967
4244
7180
3728
4842
6563
1469
7497
5976
66
6640
8138
6371
2318
9932
7362
8328
9836
3914
3472
905
5851
272
2641
306
9624
8507
6791
9242
9343
1321
6917
2216
7567
1985
5767
5887
5975
5711
5182
1224
5740
3328
6345
1706
9212
6966
2175
4153
6365
5656
6025
4024
8015
8154
6765
3388
7776
4692
2436
7358
9950
6209
1629
9052
5559
6407
7755
6766
5740
9613
4169
3696
9844
238
5678
368
2717
5545
1164
9830
6781
8306
4578
7579
4022
4665
129
9527
5640
7333
1195
6603
4673
60
5095
8984
2095
4225
3505
6474
8342
7579
6959
212
7629
3278
8719
4697
6147
4617
7340
1668
3599
5387
7695
7749
2437
8658
3601
3049
5876
4818
5406
5012
2172
5422
8758
7646
6493
2790
750
2647
5018
2541
2163
7720
1277
3301
6766
2760
8292
4345
3299
9863
9865
503
4756
3995
5519
8553
7330
8596
2760
5631
6163
574
3347
8202
3391
755
8195
6343
8260
1066
795
2294
7626
1552
7174
1061
9297
4049
5555
6366
5510
1251
2349
4571
3877
1424
664
2241
2520
6478
8407
8496
2989
1004
7483
6421
773
4475
294
9849
3545
5462
3454
5786
7255
3248
5597
5236
1211
2505
5924
8188
4249
924
5440
6089
1062
5064
4917
5151
406
1193
5959
5545
1279
2
1511
1442
8029
842
7354
7585
6335
4480
2566
3759
2191
9900
3797
8965
383
4099
2380
5830
2383
7798
6469
1687
9019
2456
8713
8983
7680
6986
9786
2223
7311
6277
3835
4583
1978
6419
3827
6561
7116
7995
694
7447
4870
7655
9732
7564
2067
116
2846
3441
7916
1877
5506
5239
8968
9907
8920
4012
6283
9285
6436
1972
3840
1752
1276
9845
5201
2492
1364
6735
2387
1531
1029
7174
5662
2023
1900
6654
3722
4862
270
6561
5510
6412
7401
6319
8465
6126
2998
4771
3291
8574
2475
4014
3270
9968
3277
1219
3062
248
8610
2270
9431
1797
2580
2530
6750
1646
7122
5917
7512
2728
1137
2362
2574
3393
2895
6274
7754
6812
5160
9424
7059
2041
9409
496
8580
8000
6530
563
3388
3850
7057
8770
1598
4093
6409
7964
5176
5106
4426
8687
5120
9796
3289
2591
7994
4182
3864
933
2007
9457
1
8742
7928
1178
9291
2142
4656
1405
9567
5466
1575
3096
8437
1568
4843
6117
5767
3627
5712
2133
5927
6470
8344
86
5708
6324
6366
5121
5608
1882
9516
4386
6373
666
717
4581
9981
2461
77
9977
1417
8764
6588
1124
2897
9850
1953
9187
915
9729
3851
2444
7470
3640
8355
8242
8542
702
4861
6516
2594
727
5646
2483
3192
1760
8951
5757
9323
3023
4719
8299
2115
604
6031
83
4939
5622
9110
7739
6911
4387
4141
1563
7204
4360
9925
5085
9681
4433
3724
7540
7467
9086
7327
5510
6431
4123
3705
8712
3577
3786
7002
8036
8913
6766
7523
4425
2837
4855
7293
8816
4321
7701
2985
7222
9322
8858
7026
427
6059
3617
9519
8037
4455
6293
612
1233
9933
3920
2296
5960
9226
8129
466
5034
6360
472
3740
3914
4195
7937
618
6326
1004
2010
2452
1681
6695
7347
4206
638
9727
5873
3641
955
6986
9999
5122
4904
6343
2530
8888
8915
931
2808
8235
7217
6539
5852
4576
8170
4731
6904
3169
4338
4117
1223
2193
7328
2302
3285
3933
6189
5010
5030
5598
8858
5111
3536
603
3534
223
2967
3180
2331
1912
7347
5049
4572
5886
5855
6736
669
7903
6560
3574
5143
7791
1600
2116
8326
9426
2406
2547
2985
4087
340
8723
9174
7140
6317
4036
8551
8459
6209
888
8549
2236
7270
4352
8191
3109
868
4930
5223
1429
2253
908
9065
3726
9032
7075
3657
3624
8505
2052
8280
2706
4622
7003
4595
5667
856
8034
1112
7310
1860
4193
3909
9669
2309
7540
3967
7333
9072
3194
2988
7215
6260
1049
7277
1926
484
4063
1612
5076
8514
4164
3086
4327
1273
6235
9380
7817
3783
5063
3092
7005
6021
8570
2255
1125
9397
8265
63
1809
3863
3339
3583
1953
9752
3408
1767
4476
1799
367
4866
2713
1637
1143
7389
8986
1273
9815
1759
697
9005
6745
2624
2731
8072
8649
5207
8321
8745
9843
7155
685
300
3418
9574
193
8909
9061
3721
1219
4390
7173
9712
3452
4118
6177
4460
592
1761
9922
7638
9305
5678
5322
8831
8700
897
8559
2097
7933
4708
2182
5968
4989
4980
4379
7763
769
263
4668
2842
3887
2757
357
6683
3890
9962
551
3612
7052
838
2273
5007
5179
1982
1024
7589
7796
4739
498
8688
1228
1628
999
6890
6950
1283
7552
2907
5718
9242
6026
8587
7668
7240
6740
9109
4525
5395
235
7347
2483
2299
3687
588
8324
7345
7134
4599
7816
5315
6838
5434
6451
9861
3720
5811
4603
749
5744
2835
9844
5242
7409
3298
279
306
9397
3891
4561
2935
7634
1541
6023
8357
9448
8002
1640
7771
951
5832
6939
7316
4094
4513
7974
2193
6862
9346
2032
8069
4333
5981
6415
8012
7718
9954
8475
4552
205
201
6532
5545
2624
2837
7070
9464
4426
2773
6042
561
8817
9884
385
3243
9503
5595
8073
5990
93
1800
2474
8559
2331
9390
7978
4338
3485
2752
4772
7757
1440
6875
6088
8637
3338
1671
3596
5896
7758
2489
2559
1062
8783
5000
894
9260
396
3898
1136
8422
5290
9643
9884
4657
5215
9130
6138
3218
8554
6911
5255
9654
6497
2076
5138
1223
7186
8032
5123
8200
5642
7458
7820
9886
1940
7872
2967
3802
9834
9811
9422
1079
9703
3134
7018
9485
7709
9412
9155
6735
7921
3876
3127
2231
484
3666
2038
3020
4205
8259
7721
1165
7810
980
7458
2157
4230
8183
6463
8619
6796
7979
9497
8476
4937
5574
2793
8503
4824
2242
2025
6845
3783
2226
9576
7971
4526
6304
9719
9070
7248
3764
129
4074
4810
6594
216
9799
1240
2097
6794
3376
4519
9828
9267
2425
2741
7830
2635
5524
6372
6711
3696
2336
2910
1277
5918
816
9939
1017
8987
67
6125
5256
8256
7060
5332
3058
9009
6928
9966
4194
2461
128
1502
7458
288
9362
6733
8595
3526
7752
6086
8822
3803
2509
7179
7562
350
4111
7062
2578
3396
9502
4954
4290
8104
1983
4343
8998
1744
3693
1804
6719
5659
2157
8902
8955
4326
9884
1767
8288
2846
9655
3394
965
319
343
7315
476
6795
7639
7483
976
2951
3683
1817
7751
3295
3999
7605
3540
1002
385
6021
3372
4824
3628
6946
8834
3287
3945
7333
2081
2981
9508
5211
7318
368
6721
6008
680
4841
2570
1048
6229
9384
5878
5024
474
2088
4823
1602
3902
3459
4719
9055
7836
2824
5376
439
859
712
2863
2381
9531
3265
8548
3094
5390
4530
8737
9792
497
2589
8204
1662
6486
3898
619
3697
6207
1704
8571
2563
8841
2638
9261
1581
5091
7216
7038
6937
2217
4877
625
529
6849
9557
9835
7702
3361
3624
122
6765
9771
7882
9347
6948
1095
1906
8359
6722
4955
4722
3889
8988
1897
6945
2958
4115
3685
5203
1674
363
3842
8858
4579
9271
248
9270
4444
2272
852
4264
9152
9173
9131
7044
7345
4923
732
8468
4188
9541
546
5738
2171
3408
7778
7374
3767
3093
9031
3365
7543
1889
200
1266
9337
7938
7587
4982
7372
6103
1976
1476
6104
7498
597
3759
7179
2650
1561
3428
7600
7680
7158
5380
3966
5763
9368
2266
9850
7367
2253
5739
5210
1665
6992
2187
8040
469
7318
1739
6991
704
8052
4688
884
2114
1003
6400
9972
8387
1858
3606
9014
5286
8910
1877
2413
1418
9759
7272
5645
3293
1818
1256
8151
4156
3039
9783
8594
8710
8438
2809
4344
2302
3531
6194
2922
9967
5475
8202
5329
5578
4554
4685
1250
4042
2043
9168
7437
9977
3963
3182
1779
3883
722
4000
3153
5288
8055
1162
1181
1576
3270
9250
1404
8902
8881
2972
4877
6247
1953
8593
9910
4948
7655
7455
6569
3458
2755
9737
9938
499
2944
9086
2688
7494
6458
6471
701
7785
8397
7562
1420
8270
315
2412
3758
6284
8585
8291
2257
7308
3064
7498
8534
5716
5163
3741
541
6113
585
5876
4719
2109
2737
3277
5384
576
8421
8498
5967
882
453
137
4803
3726
9928
6586
6723
8675
5017
6667
3210
5060
1628
6072
6118
7631
7644
8462
2564
6043
7314
1078
8009
8170
5076
4079
7679
1726
2567
6324
9786
2024
2002
8317
566
5387
6418
4721
9535
2015
6611
360
9628
5314
5522
5951
9433
361
9644
6901
8480
3028
8593
3506
3844
575
267
9352
6617
740
4453
3697
9427
2926
1226
3223
3993
7753
1212
3219
5798
1765
6509
9358
7612
7466
6045
3171
8757
3573
9584
3509
791
960
6747
7836
2083
2879
3467
4987
6491
7206
2226
8669
7453
1145
4624
1902
1809
9084
6906
5334
1883
7081
9961
2768
4653
2863
5649
4121
5692
7207
972
3235
8268
6578
771
6345
4603
5439
5912
9373
7880
329
1651
509
6734
1548
5287
5669
3296
7624
8736
4589
771
3998
9500
51
2530
9911
8355
8052
882
6084
8788
3427
4099
9584
1021
2956
9344
4930
2246
4962
8035
9359
5675
6916
3544
588
1845
207
4508
8353
4356
6669
8305
2280
8874
2027
4225
8677
342
2568
6141
8224
5436
4617
5201
1357
3118
8425
8069
8445
1049
4990
4306
8781
6847
2295
2351
9532
1532
8849
4552
6427
903
6057
5834
3981
5687
6059
8301
4125
6879
9193
4574
4926
9160
8360
6408
7757
2761
9301
7391
1156
3221
6356
5945
7752
9810
5256
3160
3201
2865
7599
1320
4666
8495
3717
8098
7550
5511
5609
2843
739
8609
3804
8780
8083
2843
7477
4078
7700
8003
1666
2562
1257
862
362
26
4418
9352
4605
9591
1311
6216
5228
240
3394
3023
1413
4540
1777
2814
5031
6861
1995
4049
9972
5273
4786
2571
2404
8214
3238
1487
5958
1953
5779
4008
6898
8458
7889
1238
8201
3296
9913
4805
2286
7877
9735
8892
8014
7885
1626
3487
8490
2073
6761
6034
4214
1450
6336
3050
3721
4820
8120
3793
3861
2289
20
2454
6497
3566
1687
8591
3825
2630
5443
892
3415
6793
8189
6473
3251
2489
5788
2304
2486
385
545
2616
5220
3379
7376
8078
9848
5020
428
8638
8977
1045
6912
5310
4890
2057
1082
5655
5752
366
1442
6977
4940
9730
1736
3275
760
2532
5196
7379
5198
6347
2727
6376
2292
7063
5783
4345
7140
4402
9367
1753
1344
6898
3661
9410
963
7695
140
6163
7794
379
842
3016
353
7875
3276
6052
1410
1057
9598
6046
9320
9770
5935
6421
1273
1355
7144
288
5282
75
8701
5399
8549
8156
188
3576
5326
1284
1715
5431
7587
7715
7150
8773
8233
208
7597
2171
9427
612
5092
8547
2774
610
5053
563
7928
5282
9176
2744
6022
6057
2578
9259
8805
183
9331
8082
2288
300
9857
4357
5456
455
259
5707
4554
1405
32
4610
6113
2851
4325
1383
1037
5912
5669
8423
2468
6209
5194
6883
1668
7330
1658
7785
8866
9046
8838
5509
8797
8668
2588
4452
4524
1326
7628
1296
4582
9182
103
6221
3648
3504
1155
5646
48
2526
1083
7413
1521
4988
355
7606
9631
4921
682
6758
7426
3214
7000
3029
3256
9702
6839
5573
9179
8394
8206
1126
4705
72
7527
1280
5538
7135
6354
6076
1669
2842
5363
6000
3955
1127
4119
564
4973
7890
7284
5349
7128
5938
2798
3494
4838
144
6709
7534
1825
5504
2668
8835
6561
7342
3893
5344
6349
3622
359
1333
9726
2767
4833
7148
494
5893
2777
51
6288
5409
7661
6459
6521
8520
491
2428
4427
61
4716
3475
9059
8035
4507
1113
6489
2883
3171
7937
5236
2647
6102
6877
4016
5297
6426
4445
2727
8010
6445
1110
7708
6555
2666
4443
4280
1553
7908
2875
8075
321
5407
9798
5188
7704
9326
8669
2828
1245
1558
3413
1468
2630
8210
2712
9487
7284
7424
3944
5777
4716
7880
3104
6135
5858
3325
5578
1609
9636
7420
1686
5610
8512
210
5182
5176
2563
7690
8739
3007
5744
9667
7490
4824
5785
2975
905
7966
3676
6408
6801
9553
1757
3998
3735
8099
9148
9628
5098
9488
4179
9544
6371
2571
671
3704
5196
8580
2392
3474
1663
4006
6718
6060
1004
4204
2322
6579
1750
4947
3070
1127
1274
954
2274
6386
4637
2934
4204
4265
7794
9762
6979
2059
9733
9316
8752
5719
4246
3723
4826
1179
8069
7076
5644
3831
2982
3820
2421
5023
7809
7152
4380
8511
6474
4528
2862
2761
1080
2738
1830
330
3411
2706
1767
9050
7775
4263
265
258
5824
289
4045
3336
9304
430
3023
5942
948
1373
5591
8681
6608
5290
9420
6085
9922
7863
8646
3894
1226
1355
9854
1393
8324
8564
8404
2633
9046
7833
9997
2957
76
5674
5735
8638
2942
9833
4954
5375
8651
8273
1564
7605
3909
980
8353
7406
648
9891
3518
9470
7048
9335
3896
132
9302
3677
6942
7435
5486
9837
3904
8204
4161
4347
1898
4753
3418
2566
3489
4980
7502
9967
7384
5094
7525
6292
4703
8892
9616
4873
1273
7652
3734
6008
2953
965
9903
3279
4200
3172
6476
1080
5094
5603
976
1911
1819
9156
2207
7548
3784
3899
850
8424
3582
6625
9828
9340
7834
7861
2973
1996
156
7357
2504
5795
1619
3258
8018
2673
1160
2681
3442
6527
6563
7862
6911
2050
5709
6411
5027
574
1507
8279
3722
146
7363
1497
9030
481
5799
5723
1699
7009
7355
8572
6642
1500
3612
8406
6980
340
9343
6286
6852
100
9547
4633
3506
5601
8149
763
1272
6655
566
5851
9994
8096
2043
2675
4575
1991
2136
7796
7846
1355
2313
2806
8103
3847
8279
4780
8776
8622
3300
4326
2824
8219
8755
3872
828
7911
8679
5176
5891
3844
6630
5629
4215
5622
921
5571
1299
3745
7507
9090
7052
1454
5531
6990
45
3287
7464
4802
2579
6337
8553
5078
7521
1322
2270
8335
5585
2792
4070
9333
3624
4145
5429
4288
1541
6888
5522
2443
5942
5093
6219
1435
342
6430
4293
5625
1815
3585
772
1627
4440
1668
2002
4481
8467
1539
9152
6074
9318
6648
455
6791
4603
6857
2393
8487
7990
3067
8265
2914
539
8261
9348
1858
3290
7743
234
1099
2568
4969
4013
8906
7019
6984
4965
9499
9185
6347
77
6757
2142
1084
9837
2033
5152
770
709
3064
576
6802
2211
1034
9112
7830
1938
8778
1499
6454
3967
230
9109
2579
5113
1925
3873
4883
676
8698
3329
262
6361
4005
7389
8263
3758
8440
3595
2430
6941
6918
1271
2434
4420
5767
8527
924
9497
2169
6398
7798
1416
1825
5187
8258
4954
47
4845
4280
8771
9151
8613
1687
5801
8012
8280
6637
8636
8047
4784
4210
2502
4773
5566
846
3552
2494
7125
7114
2094
3282
7238
8804
856
446
3124
3052
278
540
6963
9595
7064
2465
3890
4980
4191
8655
9138
1314
3675
4923
7058
2097
5378
6633
9337
6425
8378
4403
9407
805
8819
233
8807
9698
2612
4850
6909
8451
8816
6416
4424
6353
9477
641
2253
7663
8129
898
9456
4667
5041
4799
2391
449
4887
4054
2060
7834
2423
9369
2127
6977
7966
2209
6422
4582
3104
7104
7618
1996
9180
5647
9744
5277
1022
8486
4696
1101
9842
3258
8981
4411
704
9392
721
244
3160
4112
8461
4402
7626
4021
1866
6706
7570
4128
1911
1427
1551
4604
2183
9866
2047
749
8462
1043
5545
3026
2520
9026
2486
4921
5526
39
9804
3201
4901
1471
7769
7355
7325
4583
6840
2346
7652
8748
723
3433
4300
9582
9142
3723
8960
9235
683
7982
9478
343
7672
9465
160
5873
5585
8756
8389
1313
7274
8647
9704
3606
9326
875
1458
28
8181
7020
8705
8194
4901
8416
2315
5530
6392
4465
5696
8553
9126
1382
3660
9326
3887
3344
534
9327
3639
3792
3689
7823
9198
7462
6028
7517
9275
3476
4927
8070
9028
4337
3588
5785
6189
1257
632
2635
8379
8641
9021
8417
6051
7353
9717
5627
3347
5450
4461
3617
5005
2767
2468
3300
6268
8401
6470
9927
1716
1370
8617
8887
9178
2666
8131
5925
9149
1768
4422
3733
5456
8928
1609
6847
7238
9627
9413
4370
4040
5772
1529
7016
2869
2679
7066
3829
1623
4044
4202
4841
3662
8801
9427
261
7291
8302
8401
4666
3483
3153
3065
5693
2798
9809
1818
7846
9139
7360
3567
4296
8818
202
2461
4571
9333
2282
4863
9749
308
8508
8748
6583
9324
5421
6018
8771
6491
3886
4209
4508
1866
7400
262
3430
1639
5625
9234
1548
94
5484
8343
1376
3124
743
6575
6092
4288
7182
2168
1576
7830
8709
4128
2501
4593
3314
8200
342
557
7745
9560
9038
4446
2001
6144
8468
416
1451
5398
1411
3724
3731
561
8094
9763
4008
6961
4657
5514
9045
8056
5970
6562
9242
2009
9174
7443
644
1932
65
6437
7817
9979
6405
2763
5232
3900
6011
3020
2028
4091
8416
8895
490
466
5622
8194
2272
6296
9564
8295
6997
244
1944
1244
3647
8301
3696
7574
4008
4304
424
4777
8122
1244
2501
7622
4649
2045
1280
5057
1632
7603
4070
9165
867
2702
3549
7223
9171
4968
9793
1532
3137
8207
77
8808
1050
974
7509
7388
5776
2376
7855
283
2665
5136
1218
2737
6848
3095
9638
9104
3882
2707
7707
7977
1475
5560
6022
324
6199
8885
7334
7963
8476
5630
1845
4473
4588
8626
6266
5050
5425
1064
2299
5647
5513
4699
9823
4098
1385
463
1521
688
8846
4366
8129
4151
8350
8564
981
9901
7357
1363
189
1834
6524
916
5476
4052
764
4859
4130
629
448
3925
494
3419
5487
9217
5057
636
7721
9176
8454
4195
1841
5498
4957
6779
1721
1847
399
6887
2044
5638
1483
7020
2820
1621
1231
2396
3275
2462
1267
672
8543
4883
9567
1425
3503
3302
5292
3315
7266
6583
4680
7614
1415
8122
1491
5002
5670
4804
3479
1030
9605
6994
1076
9893
8471
7894
7673
2774
7776
703
2127
2223
2099
9204
6239
1685
9932
4749
6116
9995
2105
9583
2715
4516
5379
7857
8343
3542
1947
3839
5457
2061
3071
9035
5980
7113
8699
5242
8182
6854
1932
5122
4347
9862
5841
9886
5268
1933
970
7452
2925
6136
8818
6436
2627
6746
7785
6165
3052
8533
9610
2093
8545
7906
1852
3220
6934
2749
7267
902
7643
3727
4774
6795
75
9481
283
2469
3633
8731
7727
5782
458
4798
4386
3211
2533
6116
2190
392
6823
3690
9640
5553
5644
934
6320
6323
2840
4915
387
349
315
6967
7568
5038
4386
8605
5655
1612
1242
7795
9852
8622
5824
3426
8139
3991
2820
2213
2214
6288
8188
3129
6330
3856
9845
9632
7712
2778
7700
8097
4751
243
8698
9647
3038
527
2486
2628
9047
4215
916
4155
3655
2041
5763
6279
9443
1133
7940
7458
9332
895
6495
7238
9171
173
7648
7234
847
3198
4606
1210
443
7869
4524
3886
1781
8082
5753
4900
2721
9835
9474
7620
7460
6204
7271
7297
476
4688
170
159
4189
5210
9619
6133
8694
4973
7969
369
8530
4260
5756
3362
6219
4174
4390
1990
409
3642
8464
7184
9415
3051
2696
8101
6982
4697
7999
3204
283
3764
5401
96
7156
5461
7854
8875
7401
2386
269
2912
6877
7326
5040
2525
1427
9787
219
1995
7021
3613
5118
7612
8815
4076
5034
816
9714
5141
7312
564
3797
3406
901
2232
5934
3204
1074
4858
5582
8691
3063
7956
3395
6689
2079
5551
4887
983
6255
7651
2053
6509
3033
908
8187
6721
3069
3114
4731
2340
8878
3205
6716
6113
6994
251
4158
2283
3972
5432
2107
1633
7908
4993
4920
2897
9773
4749
6763
5799
1703
5488
7270
4271
1891
5157
4305
8255
2900
5783
5286
6362
7565
4412
902
6178
709
8095
1769
9885
9975
1336
227
7155
118
3450
2897
1233
9646
1209
9155
7517
7190
3638
6612
8711
7617
8953
6708
8504
5875
2314
6695
5866
8817
3132
8326
420
4161
502
3555
9184
9585
494
9289
9914
5907
5092
6754
4215
2470
7529
2515
8176
1472
6795
3298
3850
7799
8878
5080
1667
2719
5368
7952
1770
7741
4136
8111
4571
6794
5204
3918
9719
5636
4207
6755
2844
718
8051
2734
6662
3160
8096
7951
4033
8313
1969
8789
682
3192
6279
8784
7361
3291
5780
9592
4397
2566
3014
5911
6876
2357
2239
897
1941
1093
989
1652
5100
6812
2682
2714
193
2713
2418
8187
2950
8070
3228
8000
7963
3610
8152
514
7224
3803
4179
673
4614
2272
522
4608
8282
2437
3145
4510
8687
8360
4350
2112
7279
6512
2574
5641
4766
6173
6963
5227
6307
2282
4402
967
3411
703
6389
1281
7916
5203
8793
255
219
8591
9190
3584
9850
5678
7286
3417
8106
3824
9972
5035
4088
238
83
1792
7055
8583
9096
3972
2955
9321
6293
6176
8341
8780
4642
7633
1552
8072
9514
9767
7246
5958
111
6602
4047
8964
9819
9559
6216
1218
9541
6312
4284
6426
5260
1410
9402
7101
7763
8072
1362
3863
3625
333
1781
8868
5572
6566
9720
7741
5449
3501
9236
171
7386
3794
5022
7932
1372
6636
2686
9266
9508
9533
6174
3657
5662
9812
5601
2721
4394
4316
2717
2953
2851
3458
7078
9997
1933
7252
8697
9574
3195
6356
6017
5120
2874
3084
58
6745
6669
7387
5424
36
7317
1597
7810
3725
8605
5113
89
5464
6896
9380
6943
3186
3463
1364
5278
4537
1699
9519
6358
9064
7779
5249
3145
122
5779
8539
9191
847
2977
1065
146
8748
4461
8700
8973
7741
7948
4998
7494
1190
7641
1461
5084
5303
7209
8854
3695
765
5257
5499
2051
7493
7030
9527
9920
2364
3481
8981
1290
8034
5741
6185
5111
6173
6046
4510
6082
2346
6160
831
172
4318
2537
1441
1769
5434
9180
9373
5854
5021
2051
3564
997
2419
3080
5866
2650
2908
4496
6221
1126
1559
4037
9695
6373
2493
9902
3431
3494
1674
7949
4327
7054
549
7860
5422
6058
5521
9509
1852
2975
7309
245
8950
7999
8310
3773
3248
9195
4972
7149
983
207
7089
4972
1553
2655
6446
1376
7819
1244
3072
5782
3458
4946
1839
4527
2190
7649
2272
6808
7528
9526
1216
3940
2205
2854
3760
2968
1466
5111
1185
6850
1031
7658
8053
8855
2880
4392
6884
8488
5694
4712
7616
496
9973
3963
1248
4589
9350
2420
7049
9640
9493
2087
795
2594
4325
4253
6167
749
9599
6609
4191
853
8865
7563
245
1545
3187
3350
4085
6426
1589
1679
751
5550
7908
1644
7468
7057
8859
3447
3362
8794
7622
3350
8114
7061
1474
6329
6623
9826
5424
1343
4201
3369
681
4
4823
5687
347
8155
2643
6986
8706
4820
3248
4742
8434
5931
982
2305
6752
8397
2702
8401
2592
9303
6009
3232
984
6269
8618
2649
9268
2483
3684
994
9491
9515
5150
7237
8703
6892
4132
6413
2458
7132
4999
4250
35
3034
5316
5792
4168
9018
3265
690
7158
1550
8803
6887
9643
1997
622
390
2445
6034
4404
7556
2211
9924
1087
6535
2497
8189
1209
5477
1665
6442
2648
1918
5148
4174
8152
3075
3257
9571
8912
8641
988
4702
2694
6158
7856
3630
1518
9679
2015
1441
653
1027
6317
5666
5373
6304
6741
8546
8921
664
6539
1906
6536
4519
2129
7339
1190
8732
2741
3707
2894
4978
999
7965
452
8841
4201
5811
8158
7670
3663
9074
6723
9044
9653
1385
7324
8789
6944
8159
6503
3001
3517
9593
2426
3065
8149
2373
692
1041
1074
1367
5343
4600
4299
7197
514
8141
6811
8416
1187
8528
1824
1018
9625
953
5216
702
5104
8057
6261
4744
9894
1772
8633
9106
3362
696
3901
5552
4180
9748
6419
4810
119
2280
6635
6707
1075
4333
2442
7322
5680
6352
9831
7789
9701
2120
7200
7732
8957
5905
6105
8689
6779
6693
3156
3074
1717
2263
1804
4912
3115
1355
1643
9384
6363
2165
5340
580
7757
4732
5067
6117
6537
5995
6360
6590
8233
7588
8506
1552
9240
8465
5936
5134
314
3081
4243
9308
9733
2843
9799
9529
9149
2089
9664
7894
8462
7012
1297
6434
8162
9584
4864
3411
1266
9252
950
9155
4841
7873
9506
581
6484
9933
8397
2098
5510
9258
5016
8661
136
5239
7697
2255
814
147
7445
9703
7076
3689
9999
9666
9879
9085
4031
5691
352
5425
4886
3695
1883
7764
845
855
4374
1720
805
3
4309
6014
7912
7440
642
8176
7231
5589
3793
5627
5886
4384
5874
5831
810
9176
1856
8901
3930
9278
4070
7252
8571
4805
1329
2783
7629
1515
6513
1302
5755
5347
473
5464
152
6209
5013
1722
197
8177
2571
2567
5535
2804
9323
4531
5189
5464
32
5197
3527
6082
3240
7569
489
6539
4064
424
2247
2292
8937
6493
5251
3207
9655
8444
8826
8812
7079
8808
9349
6325
8368
1241
3724
2759
6195
641
420
3733
6349
3434
4696
6698
3723
8510
6309
6003
7196
9041
4800
103
5474
9535
7603
8356
3746
4958
3652
6839
3052
2224
7398
1559
3044
9991
9288
5694
9534
4292
6892
2197
5785
5855
4227
7163
4850
8845
6051
1202
2841
6112
394
7639
3312
7441
5132
6956
8640
3026
5561
4179
5046
6755
5098
5081
5515
6244
601
4316
1521
3330
4528
1739
9353
9103
6346
9544
7953
6578
7622
6700
2218
4968
2299
6472
5192
8502
8309
9716
5331
6125
8492
806
6555
8568
9333
9088
6152
836
2002
4950
9263
6124
885
1594
5120
8641
8291
8886
1532
2258
9363
1510
2981
78
6421
