9831
8812
8
9544
497
43
1300
8027
968
1871
3645
551
3121
9283
9169
1663
3556
2853
4362
6560
3660
1273
8053
3159
1498
2621
1361
3523
9497
628
1043
1986
3069
3010
3767
1179
5893
7171
528
759
1583
9432
2304
3756
1178
7375
2868
7287
3351
3133
4391
7702
8505
1547
7767
80
5275
2539
84
9442
1
1253
3412
8342
1670
4738
8531
5041
5956
1460
7720
9002
9283
2384
5475
7986
8440
7049
9699
5669
479
7050
6180
4123
3284
3088
7733
730
2266
2274
1143
6684
3550
814
8962
7593
6134
9889
8338
2209
5091
2114
1870
4808
6758
1755
9833
5326
6591
133
9425
106
4208
6688
8293
7410
336
540
116
1450
9627
5302
112
9542
1815
2146
7314
3054
2769
914
8135
3805
54
8560
6071
3174
238
7662
118
4340
3234
9799
660
9323
9182
3249
2447
1584
6657
3602
4712
3506
2850
5228
7779
1284
6285
1015
328
1497
5947
2857
7894
1626
256
8612
7719
3142
7325
2028
6399
7911
7877
1203
5934
9613
4285
4499
7317
2377
7853
2712
5045
6104
2467
2200
5650
2746
39
2095
7959
3198
6200
6779
6036
6060
4469
7185
4066
8110
7208
3274
8806
9996
5869
909
8388
2642
7313
9562
7035
6353
9398
7136
3166
5983
3090
2076
787
5467
4966
9120
8404
2209
4220
2267
9395
1926
5626
6458
1851
1185
5748
7371
6033
9590
8846
7737
1770
2768
2814
4665
8085
5339
6784
832
8889
3803
5539
9487
2601
4588
4417
6412
4356
8807
8940
4638
6154
1485
7427
2004
5111
4339
4692
1811
1428
4426
9611
1451
1107
1898
1273
1780
9128
8939
4048
9770
9608
768
1306
8098
873
8048
5770
4712
1784
6754
3274
407
5306
6436
6339
4948
2474
7080
6715
2295
1905
7420
2457
2870
468
4677
7812
7264
2871
2359
7529
5267
6192
9202
4571
9243
198
1901
1253
2856
2007
9096
6651
5562
8153
6961
943
92
8984
9861
4591
1386
1630
1904
2507
4528
6673
1219
1300
7040
5335
8529
7888
1487
5940
790
8442
2349
7412
2868
3159
8336
2628
7948
1683
7516
2682
693
1130
81
2005
4300
8882
832
526
1369
6982
43
9278
3817
4861
8137
6346
9325
4777
5298
3498
1343
8748
4669
3815
1612
947
2772
3778
802
3847
2688
4561
4279
57
935
9764
8147
714
3150
2838
828
4413
7692
2047
6732
1252
8526
1894
7441
5174
6656
1412
1472
1107
110
7540
407
1934
6264
9334
8254
3545
3179
9266
4729
6079
8210
3162
6109
8474
2280
1465
1740
7669
9048
2327
9823
2347
739
5006
47
3438
5933
535
3919
3796
9941
4238
2474
92
4895
852
1893
3070
4480
9746
1600
1905
4533
4683
1774
6886
6209
1531
7614
465
1809
4748
4454
1863
6365
1319
4875
5011
3533
8311
176
8355
8261
873
3960
6672
1583
1071
4425
3115
7812
4404
9919
3730
4118
1515
7290
4609
5149
544
9526
9318
3116
7408
5941
173
3503
3860
9979
90
7395
423
8485
7877
4626
4057
2038
830
1018
5421
912
8770
5257
6157
2044
4887
5944
8477
3190
5969
1552
1437
5143
6407
6237
3207
2736
9647
6862
5481
4145
9062
7381
5869
195
2092
9681
6899
4840
1948
2550
7808
8589
7785
6822
6143
2152
3123
7438
6102
436
6617
9327
436
246
6937
5848
1911
9580
2227
1757
378
5329
9787
117
795
6543
6493
7125
4170
4673
1131
1621
5229
6980
9250
6636
1472
5082
7803
2494
5818
7338
9805
8670
9580
7527
1055
7632
2754
5499
4683
7104
5963
0
2063
9097
7654
2028
3789
3971
450
7670
8065
92
6664
3769
4547
8385
6548
1444
5330
5258
157
4907
2945
2672
9462
5998
8382
2827
5085
6595
9757
2316
305
5778
275
8755
2177
2686
9262
4558
240
2251
6914
9711
1732
7312
478
2585
317
7083
3549
2855
7491
7083
7353
6841
4056
382
8042
8844
7788
7447
7691
484
735
2283
542
3800
2834
6489
4006
970
103
2004
2289
7986
4582
6798
6553
6727
9809
7874
1664
2121
3551
8590
6649
5933
229
3003
6838
4966
1203
6363
123
3581
4378
5406
6977
5356
9179
401
9351
6268
1019
9396
6851
985
7410
9989
3510
3631
2291
8046
9134
9732
9238
5768
1861
7218
145
7419
2806
1294
6885
3715
592
6778
5381
7776
563
7635
4449
6858
935
600
5472
9311
8155
3000
8396
1195
5995
2662
1143
9251
92
7292
1692
2334
7073
4825
1200
1840
9743
57
3640
596
1997
5599
6772
9125
4437
2497
6104
1497
312
0
8395
6939
4430
6787
3864
6003
3771
95
2802
7620
5789
9813
7877
818
7185
6760
4375
5246
8869
4761
5854
7728
6216
6785
3483
1088
3678
3594
4259
3824
800
9962
1903
5610
2176
3373
2025
1777
5194
7759
7671
8054
9861
7395
6148
6234
8921
2178
8105
459
9579
6179
3515
3885
6884
1987
5534
4486
5024
5570
2664
8325
9105
6282
4832
1696
3764
3388
5540
3849
5707
825
5626
8253
6217
5577
2911
9065
4077
380
9755
9081
294
763
7365
9966
9877
4234
5090
6570
2031
8380
5673
5803
2817
3251
8770
3923
1326
8898
4717
304
6708
5761
9136
924
1501
1853
9960
5891
7649
6425
8143
4348
5433
6837
2894
7991
606
8169
4618
1697
6656
8558
2363
5031
4755
9257
8890
9860
5235
1237
8712
8808
4840
1900
8267
4792
6532
9777
6227
1228
1978
3053
9899
5722
3433
8629
7724
4940
9013
6708
4331
79
7895
5466
7586
8411
9530
6081
6811
8602
630
6631
2777
3799
843
3165
8721
6485
3267
2891
8198
521
4826
7341
8755
9621
8313
3486
6064
6913
8541
528
9783
4552
6983
5445
2737
3356
7788
7358
3546
1431
5837
9709
7027
4896
4241
2600
7286
6758
8973
5421
1075
5420
2534
6492
5961
145
7566
7062
9137
4491
234
1264
1588
8127
9652
2836
2781
2143
892
6276
1897
2448
7065
5627
3275
2839
7582
4226
3836
3008
1207
3612
5104
3739
5346
7295
2707
7699
6427
8848
5506
2060
1632
2009
7046
9561
1171
3353
1914
311
7886
9608
6238
3545
8528
69
3253
3136
3813
3231
4537
8823
1077
2076
1695
745
3219
3081
5412
3951
229
6623
5606
9290
8083
9886
5647
7001
7752
697
5484
7192
3718
5565
6077
9205
4374
7999
4901
8048
4972
4305
7808
7118
953
9825
7412
9850
6507
7871
4096
9289
4079
7608
530
4680
8855
4852
3925
5060
2374
5640
7031
8502
4327
4472
9960
9433
4270
2861
3822
3577
5894
3855
4326
8554
5754
4975
3173
8978
2671
8020
6204
4724
4270
2176
4314
4906
2016
9629
3099
8206
5218
4570
8750
6597
2999
300
3989
4265
9741
6419
2549
8449
5591
6698
8845
9759
8794
5482
5076
7397
4212
2940
3499
5477
2422
1561
4945
6372
2354
6128
5253
3930
7695
1458
8966
4681
3577
7038
2423
1816
3334
2692
7934
8091
9059
5704
5115
6016
9453
5846
5734
9048
9788
7788
5489
768
5002
9896
9693
4187
5233
846
5960
350
9074
4822
1139
5719
9537
7681
9378
5339
5838
1590
5405
1547
7695
9565
852
5650
7992
3494
4655
9981
5757
759
1203
1640
174
8481
7520
1585
9025
8782
2599
9115
5070
7977
7177
2850
8851
8873
9787
5445
9976
2987
3926
565
2845
4443
1210
5096
1359
9248
3587
7834
7241
465
2083
5938
5431
2488
8399
556
2534
9969
6550
9112
4440
7118
4172
7086
371
2891
6981
6875
9321
2393
1596
4445
6210
9177
6915
6616
2501
2998
7269
4338
6918
1567
7831
4961
8905
2736
7006
3599
5588
4397
7306
4519
4707
7162
5311
8271
9525
4202
8596
2321
5572
6114
8308
8824
8786
4344
2642
2227
4318
6173
4682
1881
1446
6021
8771
8090
3351
7071
2496
4110
32
8741
3286
956
2372
4594
7991
1689
1885
6202
860
4315
1998
6123
8098
8456
2065
4078
4652
3808
8880
7530
6518
9332
5615
5157
2105
2865
1925
1400
9834
6957
6588
4174
9038
8701
8606
6184
9624
6864
7935
5232
4978
6060
3354
4552
7610
8403
612
7023
5027
2241
4924
2207
8685
1909
7908
4806
1055
3850
7577
4926
4497
3088
6717
587
3734
4924
8486
1073
8886
7545
3824
2880
8121
3033
205
1405
4383
3804
8653
1102
8813
9083
8056
8577
9203
3154
2712
9353
3288
6008
5988
4919
9670
3516
1287
9057
3347
6653
8416
6961
4660
1990
5202
1101
4758
9877
4187
142
3831
9943
4401
9199
5870
9858
2616
9300
1259
8109
7601
4260
4121
7936
8621
2149
9536
7204
7759
5315
2231
7222
8975
8716
3127
4573
1514
6571
7179
5365
4151
7422
7924
8888
5684
4055
4808
1881
7311
5580
7770
6844
4674
6699
8069
3941
117
3165
9633
4811
4311
645
9337
2617
4071
7446
9843
257
5260
4078
830
7245
1365
8835
9866
5732
9659
6905
8001
9125
1586
4813
7508
5538
9550
48
5168
700
5811
4867
6831
9991
6948
3660
7466
9434
1053
3875
9020
2278
4412
1979
8834
1376
3706
7840
3183
1277
1128
1561
9484
2425
1156
8602
1916
6964
1723
7466
6590
3577
9128
1579
8268
5467
7195
6795
4464
7327
1589
2998
6038
945
6159
6694
508
9940
3626
1768
6789
4329
4001
8716
414
4026
762
8761
3496
3124
8092
9178
9492
223
1675
2537
6380
3148
62
2871
5566
3050
7154
9397
8916
5508
7447
1025
4478
5818
1336
3617
6242
4203
2296
9333
9177
7596
5960
5564
4746
3639
5029
4518
9396
323
8878
3633
9941
8204
2611
8947
4968
8063
824
2194
7611
7285
3209
3411
254
5929
2713
5485
1095
6231
6995
8137
1763
9746
9425
9273
8807
8994
1866
6610
6405
6137
6293
6871
2249
8817
5484
1315
9507
1380
4493
7714
383
310
1386
5453
9936
5315
6064
8753
2907
2209
7844
1723
5967
5137
1833
4978
659
7768
1151
9088
9752
1076
7013
3262
4397
2718
7743
7660
5202
2315
2386
7322
820
9597
6572
2277
9318
2892
7265
5777
1105
2077
2081
1360
5730
509
4421
2476
834
2253
5608
4663
787
4489
8914
3308
2037
8454
1150
7649
6729
376
9198
3084
2749
8813
469
4815
8198
794
6466
4929
6924
4880
6092
8522
4847
410
6249
3115
631
5477
6585
9224
649
4476
3695
2803
3573
4399
6687
4471
8940
464
2626
9309
399
5563
4471
5726
3587
1583
8565
549
5089
1084
3179
5120
1754
4555
9368
7075
2679
6484
966
3337
2718
2449
8720
3529
9152
5181
4293
8193
368
3319
5941
5681
2798
6905
6488
5494
4146
4608
3630
1777
852
8775
5201
7395
3559
4180
5990
8568
5574
8911
4035
4686
1654
3835
6874
9136
8380
8562
5651
1139
5128
6817
5080
3564
7070
3421
2602
3099
4693
2928
7186
2777
1257
8372
4785
9930
2219
971
1928
3358
8456
8760
1876
1546
4374
5934
5569
6989
3291
8932
7503
2386
5048
3457
6594
1074
7731
6345
5539
5923
994
3028
5156
5232
9747
2167
6961
8854
8889
3090
3538
3129
5200
7109
3245
865
3153
1104
7544
6964
1938
6517
9884
8737
3717
3164
6469
9558
7712
419
3638
3279
3804
1456
2329
6140
7831
9684
2164
4221
3253
2030
1191
2300
5715
2265
6386
3720
6076
2499
692
4313
9940
8875
5709
7525
3586
9573
4389
8846
794
5214
3798
133
4952
599
8996
6799
1977
4208
1502
5106
4675
1970
716
5341
1445
3080
39
9970
3257
3387
8728
7728
3590
7033
1640
1425
8643
4338
9831
7548
2933
2302
345
9032
1737
5982
3946
6159
4733
5133
1506
4938
5496
899
3124
6398
7978
4423
1968
7459
5006
2541
1960
3357
5389
9443
416
5097
956
7748
4399
7542
3365
904
7986
9389
9843
4456
1039
3726
2022
4193
3846
2264
2631
1541
5140
501
1862
8392
8977
2304
2927
5085
7018
2948
315
6942
1641
1954
82
898
6944
8094
8125
7358
564
7815
5386
2155
4838
5761
74
2095
7357
2561
3076
4859
2479
3300
9932
4048
927
8316
9438
8607
9248
1720
8996
924
6743
6399
5528
7806
9518
7817
9699
8742
1205
6618
8179
7801
1715
5628
4059
7147
5851
7368
420
6202
3930
4272
2977
1124
7868
1980
1057
5414
3390
2127
3502
5363
7918
1733
2898
1917
7870
3435
4617
306
5672
5243
6961
4966
2715
6483
14
7129
1892
9873
6202
2133
3720
2109
4489
3063
7661
9267
5627
4775
5033
987
9083
8261
3954
5287
2148
5138
6420
153
8948
5048
5105
6222
6664
1447
9058
4602
8342
6670
4588
7009
1466
4498
2798
5327
4696
1341
7655
4486
7776
1302
1156
2514
1248
6136
2743
42
4243
4082
8723
3300
5383
6412
6564
9477
5885
8528
1419
2213
3433
3404
4167
5163
2905
579
7455
4250
2514
3706
364
23
213
4134
1588
7414
3377
7935
4321
6432
4258
8849
8768
5235
3624
5696
2132
3030
5442
9125
7131
3672
3913
5993
9753
6996
3097
4140
4288
8082
7242
9107
5105
701
5005
9564
4012
8828
9666
1983
596
4976
6662
8067
5870
4457
2489
4489
295
3813
6205
1353
2101
3974
3611
5384
9334
9167
8864
8099
485
9835
6293
1130
8219
4682
8940
9051
3537
4344
4022
6826
8308
6379
2449
1883
2290
794
5199
3692
9520
2181
1778
9089
8078
8725
8563
9005
2930
1984
5474
649
7873
8104
87
9893
2764
3458
7927
4329
3111
3902
7938
6998
3269
9896
3865
397
6335
2937
7326
1899
8707
6538
9379
7953
1673
87
7428
3484
4305
3740
33
6805
6760
6703
147
9735
1402
3801
4528
8711
8497
4722
2554
3621
539
4440
4753
6399
9818
6508
3449
1452
7012
1657
1126
4764
2507
1489
8900
425
4119
7782
2371
1497
4479
8434
1663
9011
1575
676
3725
92
7748
1176
4162
5341
6826
785
3774
8003
4774
821
1765
4786
3367
757
798
1351
9463
2776
3461
7881
6088
6979
6171
7146
8314
6727
3837
2992
5513
6582
9922
5674
3347
5331
3085
9505
9638
5574
3379
1134
7240
8073
9414
1970
1729
3987
4528
3717
5122
7886
3900
7710
2825
3750
3822
9276
9356
4112
9170
4255
6307
1044
2177
1910
738
5273
2225
8262
9604
8172
3412
963
2995
285
1984
5838
484
7014
4399
155
2896
2856
7468
4046
7388
1011
702
7410
9930
1266
1474
5253
5160
6529
688
9827
8582
1133
2752
4094
2374
406
469
6839
4012
3123
1975
9259
6773
4258
431
2829
1396
7290
9499
3052
1814
4223
6833
7665
183
5729
7408
2151
942
4386
4322
8391
6339
914
8527
1902
865
4425
3771
2526
3223
2208
7790
3646
4024
3996
2772
2895
7858
6280
6907
2028
4060
701
2426
620
6360
2001
4866
7048
7512
3690
4684
6771
6284
4029
9425
651
3434
8984
6665
7227
4583
8872
1691
5946
7105
2695
387
4500
8799
8245
4913
7106
7328
8146
8094
9128
2704
4022
9466
6076
4041
109
6769
5598
5558
2610
4332
1560
4275
4791
3827
7331
4976
9342
5568
7699
7044
2984
9135
560
5262
3479
945
1107
5239
6913
7200
9513
2468
8212
3309
4119
8647
2144
4389
1706
7236
8086
3986
3033
4225
4507
4093
7178
2487
1624
6497
3645
3494
5442
9052
5529
2469
369
1759
5521
8310
8671
9220
3
4311
4302
3726
7981
9605
3862
3948
3628
7787
6219
8904
2258
2969
6519
5340
9603
7328
4857
4836
3212
2041
4025
3726
8177
1349
3142
446
9010
7215
7039
8766
5257
6862
9434
3347
1842
7991
2180
5691
7879
5311
2006
7154
5303
7053
5136
6755
8211
1838
1780
7371
3317
4802
8018
2522
2317
7316
2828
8547
5433
6552
4613
3043
2720
9612
8282
974
3739
8849
637
4244
9632
3347
7754
4499
3885
9315
1721
2342
4957
6790
1919
1259
6058
6806
1264
1251
6464
8902
2437
5218
6634
3491
3733
374
6011
1974
916
9444
3386
9190
4197
2990
5947
4523
8877
8048
9686
2221
8726
7226
7575
2299
4220
4904
3825
7415
4280
2989
3455
4702
9014
7983
9225
9638
9173
8923
2719
1376
8570
8633
3045
7356
7713
5018
2571
7884
7714
8622
7240
49
4668
3298
2307
3153
3120
438
8605
8491
8237
3693
8878
193
6259
4061
3546
7779
9974
8375
5712
6813
801
5568
7711
6374
9060
4270
5061
2537
8588
4734
4358
3089
110
6034
133
1454
3248
4089
6818
2052
8995
7014
6752
9074
7664
7874
2850
4672
9566
7212
6145
1441
5021
5103
7532
5976
5939
2317
3469
5799
1713
1783
4644
4211
5537
2286
6546
1907
9182
1796
5524
5751
4079
6748
9562
7318
2929
8304
67
9535
2320
6608
807
7921
4706
7688
5905
6854
2881
6267
4998
5898
6691
956
8630
3114
4824
1131
1982
9847
1279
2716
3464
4073
4980
2003
5408
9984
1242
8364
7763
3990
9329
8151
3046
6321
6468
1360
8848
8036
9091
8668
229
1877
1096
640
6865
5513
4119
284
1341
140
2902
6085
4160
8285
1591
0
4101
613
671
8265
7301
4184
5092
2643
8033
8548
1079
827
5599
3798
6491
3125
7310
8061
9586
6616
6215
4614
99
37
3218
3286
2777
9746
9394
5766
2907
9014
3214
7032
643
4669
9309
6120
8014
2746
6077
1694
9839
6172
7648
1936
8736
6377
8772
8421
6342
2984
7310
8452
799
59
4578
1594
5099
9209
7569
1738
676
4233
5647
6222
2428
8618
911
4124
1810
8576
3102
4133
304
5144
889
4279
5699
7037
2796
7393
1560
4579
9529
342
6768
1953
7024
651
8416
7420
1377
3067
1207
9294
8091
2763
6348
3429
4944
3319
8020
9847
935
5242
3709
4931
3501
5725
2714
5379
6026
1415
444
8239
908
4386
2089
6443
9330
3582
3211
5200
8598
831
8231
9783
2903
930
5113
8433
1346
4429
7545
9093
2061
8707
1884
2113
465
5655
697
6961
6369
6088
9909
2030
6539
427
4782
9965
5209
4375
2721
3208
436
6841
4057
666
9927
8487
7653
3620
7147
8946
7876
4253
9588
2148
1951
3990
2999
7865
5475
3771
9238
8539
5897
8741
7290
4885
724
4940
188
1977
5287
8218
3808
3389
4352
2027
8078
6959
709
2960
6606
2025
1241
6803
7215
9505
1723
7013
6517
2743
9084
4611
6349
9985
8395
2743
4190
1172
6942
4987
877
5480
2639
2808
7644
606
3105
5900
9585
2654
4701
8378
6303
7640
77
6556
6179
4220
5460
4963
7837
1750
3785
4783
4441
7153
6254
9354
7849
7740
5729
2878
3345
2649
9598
8295
5726
1634
5807
1555
1284
8631
7345
902
8754
5922
8132
1179
4900
8828
5727
4100
5637
3192
4397
6882
5615
2013
4184
6624
4369
2065
2592
5194
5787
4128
3480
3099
2713
5404
3630
4564
3162
1198
7781
9496
6252
59
4305
3076
4789
3571
334
6300
6512
1122
5244
4544
7587
4137
5883
4222
6281
4967
6096
5250
4752
6528
5857
4216
4945
4400
4067
8785
5720
6281
6813
8963
9583
4567
6584
3947
5931
3189
7013
5519
7794
8361
9067
2718
4616
8426
4892
152
7269
9106
3171
5434
4852
2830
9309
7777
4314
4754
9857
8624
7281
8681
236
1069
1697
2986
2493
229
8106
5447
9658
4000
8816
9935
4062
4527
3891
5699
6048
7266
985
5110
1856
3222
139
4621
6656
2843
4201
246
5196
1364
9307
148
168
7304
2469
1544
453
2565
8853
9708
1344
1940
2572
522
2071
1015
695
2185
9241
6799
6474
2695
4088
4843
5320
3282
7885
6730
8608
4176
2121
4369
9767
2222
1348
7704
1119
3189
3060
5343
6065
4553
5275
4063
3004
4188
9500
8427
1737
6336
2844
7108
9322
6713
1346
6268
527
2192
6858
9362
3237
1492
1468
604
7228
6122
9779
1315
2563
9350
2349
2840
1266
1666
3454
2356
1859
3675
4657
2013
1037
8315
7676
7541
7791
80
5743
5373
4038
3292
1113
2550
1515
8790
8471
5240
5820
6349
9306
8107
469
3005
3204
147
6347
4298
1390
3145
3877
7257
3481
1844
2903
8574
8751
6694
8188
3392
9509
6146
3135
1961
6864
7484
1878
1866
5776
713
4444
6043
398
2549
6010
6783
5101
7876
3953
4838
7008
6544
614
9868
7928
7025
2058
9102
4856
2154
6165
1421
9927
3936
9279
4492
1809
790
8938
8308
4603
1923
7807
9574
9569
7813
7908
7776
3069
703
3895
4937
1814
6606
8122
8966
2739
8281
3691
3759
7802
39
1854
9948
6170
5450
4121
6456
1121
4217
2252
2360
4267
7995
8171
9733
4792
6911
6425
84
2264
6169
3218
4871
2757
6679
438
77
4045
8945
6877
7636
5739
607
1739
6767
9025
4516
4418
1090
5028
3832
8158
3754
9988
660
9617
8362
7767
5543
1212
6912
9057
5429
4182
9110
1745
4510
2460
2740
1771
3357
6165
2802
6253
9079
8961
8443
6977
1523
9550
3038
7678
1897
7334
4350
3387
3667
4104
8073
5826
4576
6881
8502
6812
9671
1303
4631
7614
4329
402
3166
9280
8271
6535
2124
8950
7122
8594
1237
1533
1322
5232
3055
3955
3790
5415
2392
5043
5162
3682
6471
9884
1407
1500
1387
8862
1316
4552
8289
9536
4202
6219
145
1408
5325
2871
5015
3224
9542
8532
6959
7145
9533
4429
7129
407
1132
2165
9981
3393
3935
724
4152
4731
9192
4562
9956
2650
879
4190
3269
9099
4838
6907
2240
7040
970
4696
2070
1992
6101
3578
2878
2138
833
3513
4801
9406
9143
8996
1807
1912
5797
4449
2511
5234
6846
3413
1091
8372
252
1068
3658
6659
8256
1302
815
4531
9354
8943
8926
9546
8676
1496
2087
5171
7400
3735
3659
2139
1954
8808
755
6412
3825
8158
2624
2308
1383
7275
4782
6897
4607
3847
9041
827
5198
928
2721
8158
1730
5279
3602
9138
4359
5923
6972
9065
9480
780
9386
2948
6755
3237
2062
6978
629
879
2049
214
4661
7959
503
3124
5181
6275
8977
9529
7810
2942
5980
932
4340
9597
7527
8340
7537
4877
6803
3807
5157
9628
1171
6955
4940
336
8802
7181
7191
6199
931
6317
6125
9933
3220
8626
7849
3268
5740
6079
5665
9699
6883
6681
6359
8989
9233
9412
2520
604
8414
9625
3057
4666
3481
2822
2098
3436
9716
770
9131
1739
9692
9467
9010
6273
6103
3374
7303
573
3286
6706
7871
4194
4810
5794
3596
6770
787
1221
3246
5138
1955
2892
8050
3355
7792
3255
2296
3021
937
1988
1427
4991
3184
9909
5370
183
8278
4861
6891
2418
8148
9575
4991
241
101
8338
7801
3585
5009
765
5432
4373
548
2091
3387
674
9742
1587
2148
5319
4643
535
5045
8039
4786
2399
8087
5236
2931
6434
8650
8153
8298
656
8823
9460
3416
2734
6193
2078
4608
9758
4857
8792
4199
7563
5025
7941
4468
1518
6344
1198
4456
4880
1188
3926
2263
7197
2654
8474
452
6545
9943
516
7595
3810
5625
2061
2615
7209
2120
1420
5748
830
4439
6352
3967
3071
502
517
5497
220
265
3542
7626
2786
9221
4736
8146
4275
531
9407
6523
8159
1111
2904
5627
5953
6266
801
5718
4103
2179
5280
9760
5263
8388
2031
3903
7499
0
969
6399
9201
1483
2228
7615
8434
7626
3211
120
805
3082
6454
6062
6367
7964
2856
6527
3600
765
4261
3145
3309
932
4238
6712
7510
4213
2235
5277
7556
4787
163
5050
3937
2674
7579
1705
1347
8761
2297
7693
102
9926
3875
7648
8869
6236
761
6955
1925
4344
1404
4276
2206
6689
7177
6178
1255
5454
3158
4780
2365
3121
7336
6207
3968
6257
479
9006
5434
8405
9182
3460
204
3276
5210
6501
9254
2634
9503
4002
8707
1389
2762
6939
1087
9214
6998
4319
5078
9554
358
8671
1771
3680
3644
193
5409
2333
3796
8897
9961
7219
3744
6065
9305
8448
2608
7008
309
2443
2845
9433
8093
3761
8307
5682
1427
5102
4489
1013
9543
8231
8638
1852
2881
7379
5618
4501
9466
6330
4926
9861
4167
4294
4049
6809
7315
486
4551
5687
2967
7250
3000
9379
3849
1480
7483
8510
4239
7668
3685
5048
8478
2159
1378
6518
451
5647
3871
4335
7821
8316
4113
9712
277
3682
4517
9023
4140
4130
5829
4509
687
1235
5988
5781
6873
3286
7686
6865
326
4503
1871
3003
7215
2623
3703
7505
1734
870
8998
3106
383
2838
3201
6197
4634
3707
8433
6376
6793
9895
1309
3846
3122
162
8884
6930
1394
5934
5849
7856
6972
9656
4715
2563
4893
4779
1567
1809
6109
5054
9084
8482
7205
8670
851
4407
6279
4790
9465
8536
6190
5386
2899
8486
5219
5284
4989
703
6249
6885
1175
8655
6534
8781
4028
452
3726
4230
4688
8442
2829
7946
4405
4612
3697
7190
1018
3756
2018
9238
7537
354
2511
9071
1259
4081
4662
4667
8867
1359
4016
9503
35
5027
3351
2681
7271
3856
4340
6165
5260
4224
841
7023
1028
3548
3672
1618
6138
7975
5038
4831
1820
8411
4848
3754
8810
6795
288
2830
4025
919
7004
7056
7556
6622
7027
1920
2255
7422
7829
1452
7001
1799
374
8704
4319
4733
8254
2184
3447
4812
9312
6854
911
9190
4133
4398
1138
6088
9652
3454
4932
5051
145
5579
7707
8165
383
3495
9130
9136
4003
8815
2682
4403
6471
2369
4983
860
4631
7546
6949
6863
4731
4861
3774
5560
1041
6592
7945
5164
5815
7585
8023
7053
4514
8246
3613
1053
6606
8561
5674
1786
4595
5042
8340
2984
2656
6550
7731
4620
5142
398
3465
9396
1668
1418
7740
3124
7306
9236
1442
9147
3276
314
8936
7300
9397
7779
7439
6248
5541
3170
9875
2497
1593
5736
5977
890
2774
6980
709
9938
3377
7430
9861
3903
4509
7457
5518
5695
8354
1646
6049
5513
1239
7661
5897
4546
1453
7543
7651
7724
1879
5471
5946
4057
4297
9510
239
7261
7548
8574
1074
4097
3563
8070
5055
1220
7197
2308
1143
5228
4767
9346
9322
4010
2509
879
4878
683
7021
677
9519
8011
8025
2266
195
1749
9623
960
1688
3525
3910
3048
2413
9886
7655
7588
4266
8743
694
7657
6700
880
6003
4275
9457
9778
5121
8242
1852
5605
4107
8035
1222
7003
4270
282
338
905
5719
1674
9594
9414
9865
1287
5467
5804
8554
5314
5338
732
3148
3460
4337
3470
2003
2870
4155
421
5832
9805
3031
5633
329
7683
4012
1102
9050
3136
9386
90
4236
840
6728
8564
4008
3101
9760
7232
4665
6293
835
3655
2115
4951
6346
5291
6244
7487
7002
56
245
1393
5043
7349
9612
9562
8117
7386
290
8433
8256
4060
3212
1181
8262
6212
5992
9168
1359
6605
1398
3585
4089
4620
1232
808
5946
986
9240
5826
5908
1773
5484
1572
4035
517
6728
9948
5270
8242
9401
562
6599
4114
4953
5438
8089
6600
7180
4820
6013
7256
1446
9402
7377
1199
7191
6042
8022
2704
7284
7346
9308
7897
8690
553
3644
996
4097
5660
2513
7241
1908
2791
1540
7409
5481
8175
4643
1541
5769
475
302
2613
4573
5955
7694
5284
2922
513
7857
4561
7979
7556
7942
5264
8059
7604
7553
8983
4683
4303
3580
1845
9782
9538
3691
8124
8030
3539
8874
447
7634
2299
8981
6359
8063
6081
7363
96
1088
1362
6048
8672
2643
4828
2518
1687
7817
2169
3496
1009
1738
6138
602
4761
4995
3353
7424
6776
813
4704
6049
699
8939
2071
3175
658
7632
4520
9542
5813
9306
8224
4247
369
9407
7918
2609
272
3170
8893
9138
2679
5458
7518
5151
9304
6544
2191
9238
8552
8026
9384
6188
299
3401
8228
2872
8043
3459
5324
314
1064
5566
7903
7082
8889
3058
3054
1177
465
7162
7427
4950
572
8375
3138
7855
8824
9632
456
2401
737
4985
6912
9279
53
5215
7061
6619
4198
7630
7089
2164
6685
8208
9123
7612
2396
50
6447
5060
7628
8580
3184
9766
4069
364
2537
5583
6604
9272
217
3207
7398
2990
5036
8990
3435
6386
5086
3765
4278
4932
4442
4854
8985
8786
2961
6257
3197
4017
2726
7429
5014
9892
7590
7927
6213
5095
8246
3425
5240
2267
7252
1610
1276
3725
9215
6702
4099
9845
6035
6602
5664
3176
2764
6742
1630
2219
4428
5023
3649
2821
5959
6080
3332
1631
6587
4524
8273
7978
6318
4379
8256
9277
1744
8207
231
1498
5295
2273
1199
4268
9144
1405
3303
8639
6459
7271
2449
2508
7848
6136
6715
2320
3078
5721
2568
6936
2963
8698
5101
26
3077
4640
376
3251
1086
4521
8186
8793
1022
5005
8709
8204
9234
6675
5136
5742
5867
9772
8039
1291
5146
4225
3695
1799
4359
420
1544
3363
3536
7621
1356
4156
6014
1188
1796
8064
4644
1517
2393
7773
1
2277
1479
9672
8084
5679
3758
5367
431
7340
1394
76
4405
6429
6483
8014
4541
1126
2423
7557
2760
416
546
7394
1855
9579
7464
9881
4149
6959
3433
3212
1787
1213
11
8597
7731
9847
7222
6479
4285
760
7352
8945
2157
2529
760
6985
3709
1457
7416
17
8462
1008
5748
2833
5114
7545
4952
8593
3461
8978
7886
5144
9010
1545
4675
3894
1282
5645
667
9210
4311
7765
9291
6257
534
7473
3605
8316
7867
4923
1521
9900
5894
1721
6662
189
1124
4339
8280
348
9385
507
6443
9174
1448
8797
405
4207
9301
8533
5202
9356
7921
4344
1761
4797
8149
272
5676
8074
1162
7703
9077
3561
4741
6751
363
1514
5904
2235
9260
975
3603
6142
1044
2987
9026
2318
7188
7893
6544
5940
446
4345
5201
5475
3549
8939
7597
9075
2529
5017
9568
3801
6487
3261
9966
9093
2856
8347
5908
6487
9512
2253
265
2702
9342
3209
1764
4575
1972
8539
5079
4606
8788
7908
2521
6172
9250
9071
9522
4238
3913
1036
9855
229
7821
8539
85
9231
2432
1190
3794
2970
9056
5563
3743
3984
9949
8357
402
7060
1912
3254
463
471
2359
4467
9582
5590
4118
796
4121
9460
2311
8342
972
8208
4682
2343
3871
9987
3959
9598
4895
6856
1800
6492
1224
968
1364
6851
5871
4753
662
137
779
6706
9148
8440
1700
6853
2939
1414
7444
7402
7712
1948
9771
5468
7330
9014
5422
2995
4851
9062
8895
5461
5972
4116
3591
4585
3576
6518
4848
1786
721
1352
496
8756
5351
7865
4447
7246
7479
9154
3257
4996
3256
6179
6431
671
9817
5947
3080
3363
4789
9459
2070
9414
6857
7592
9251
1928
508
7284
7801
2835
6941
9848
8000
7520
1323
4008
1779
1411
8893
2643
7932
6069
8178
1757
5998
3644
2034
891
9409
3129
6196
7578
8519
573
4345
7420
6365
3257
677
2640
4062
1248
7854
4380
8081
7787
380
5034
4755
330
2481
3949
9135
7314
5282
7999
1498
439
7539
9272
5963
5591
209
2973
71
2992
217
7666
3451
1631
5990
2541
3858
2902
7336
73
5383
5625
5535
3091
2804
598
934
4565
136
8734
1933
3693
3176
7860
2751
7033
76
7633
9891
737
586
5090
2941
5568
1088
4159
6868
4145
6554
2200
6799
9042
4436
3854
3672
2743
3690
9483
1682
8606
7083
8511
6519
7675
1067
4568
4762
3616
887
5501
2460
3818
9060
7575
8426
6682
9280
8572
4563
6670
7610
1098
1367
1148
9038
4589
6842
6346
8856
7581
1096
8957
5546
2214
3155
9853
8281
4357
8632
465
9281
572
3344
492
7000
3523
1250
6467
2288
4252
9925
5049
8102
8512
3748
7514
6312
9866
9930
9952
9236
5360
1724
8869
2747
6442
6198
1926
6676
737
2477
496
2477
4821
1156
6923
140
4202
7131
9183
5459
5744
1137
406
8498
6270
2218
4176
9174
283
155
5213
6432
6488
3682
4619
1745
3277
3939
7740
7841
1663
4621
4962
3471
5322
4348
2986
9826
7057
2215
4291
5069
2623
2345
9321
5809
6393
6301
4851
6317
8066
114
1813
1665
6810
4606
7266
8608
5396
5887
6849
2820
163
5964
1291
1483
464
4331
3999
2398
5786
7387
5442
2739
7243
7745
4518
9592
5043
6433
3830
4112
4516
8066
6843
6443
2809
2820
9118
8845
7539
4509
2315
8896
2545
8878
3726
6309
9547
9333
6780
5542
5291
7516
3457
2983
3433
6574
2449
4027
9442
4154
7181
6035
9172
6480
6469
8289
7609
824
9300
5867
2269
7042
2652
3371
9533
7672
6831
9218
9614
9311
3383
2621
7895
3821
3
1696
2141
6116
5950
7086
4281
3580
5709
2379
5111
3103
9125
6313
1870
238
7671
8718
5623
3521
9769
8039
5115
4764
3554
4917
2974
4301
4562
9398
1602
9425
8908
2223
8010
342
2977
245
7452
7867
7289
3579
561
9476
6416
3717
3164
9770
4204
2778
5412
2175
9303
2425
6560
1007
9805
5603
8302
8290
6450
6038
9633
7214
4657
617
3861
1977
2989
6227
5279
3308
22
2199
2181
7378
139
6506
2007
5584
9414
4196
5641
4688
1400
2308
4719
85
881
9726
8788
1251
3196
2432
2118
6150
1909
2131
6913
1008
2248
1885
2470
2193
9223
7587
9944
7310
1592
5483
3668
3748
7545
1071
3578
4230
9441
4302
5628
2339
6180
6364
1969
1971
1170
4218
5303
1791
8812
529
1283
3104
7700
7223
9814
9535
8065
2708
5566
7612
5004
7150
1221
7787
4458
8240
2123
5256
9205
5593
3211
1851
8585
7137
1340
1878
6313
9414
7494
1740
1211
3109
2911
3532
8711
5909
3889
2202
7463
252
1722
1023
6203
6133
3440
6551
5564
2457
2943
520
3146
8106
5168
9314
6597
1023
2215
8722
2100
9401
9817
6928
7942
3141
7240
41
2099
1114
4397
4743
8669
3378
1985
8363
6216
4629
3928
9901
5635
1312
1258
1754
1587
4053
2671
1805
7499
252
311
1240
6185
8631
6419
3377
7024
5300
7571
8538
4893
1899
3629
3848
7000
439
2487
5877
4585
4322
4145
2001
7844
1464
3282
9332
8083
9550
3245
1038
5151
1915
1887
7343
3067
5156
9480
722
3885
3110
5092
1380
521
8444
6261
3283
7323
705
3359
9825
5025
9903
2272
3240
7379
1558
9769
7463
4416
2456
6509
3946
6934
6065
6597
9625
9085
4355
4621
1223
8593
1024
9711
4810
9883
9841
3050
970
7035
1235
142
8258
1619
481
5959
2596
5235
4588
468
4745
9740
8152
7699
5510
9907
5888
8250
8042
741
6186
5572
9060
9713
3220
6215
6305
8567
3310
3086
1139
5387
9457
4024
5581
6421
3405
4572
4042
4696
4816
4678
2814
317
2370
4995
2836
8827
8958
997
8983
741
4811
1139
236
8113
4345
1104
5532
9072
6918
6311
5920
3823
1248
9344
7941
4057
4341
7073
1631
7990
3190
8116
3305
3397
9130
4497
4330
7025
5966
1656
7027
1027
9867
2365
2773
8212
1296
7584
8048
9996
9262
2695
7415
4684
8483
5339
2223
5860
589
6700
4837
8466
5680
9538
95
6153
1267
4545
106
90
8773
9224
9331
4465
7405
5510
7378
4718
6271
2169
5313
7518
8874
5460
3802
8901
3038
6092
4110
6411
2411
9520
6370
2816
4468
8259
4307
8893
2418
6872
8314
2281
9462
7832
1067
6228
4230
770
4887
8563
8025
4736
5554
2905
3422
8129
1327
1247
2837
5673
1639
6080
417
3298
232
8003
2165
7788
1082
6837
4300
8728
6477
9522
2485
7821
6062
3840
9339
5861
1480
216
7090
9496
1895
7858
1341
1971
1272
5517
7181
5940
6749
3160
2740
4020
1181
7295
7944
1169
5463
8069
9090
3735
1318
8778
518
4731
2144
5961
4973
7236
4185
3009
2047
1990
4165
3982
3260
2812
2811
1731
7769
481
6101
3878
1912
843
6451
2761
3055
9861
1807
3696
8875
3832
6443
5636
8686
1941
1815
6323
3843
6977
5102
9377
6914
654
9600
6447
1263
7298
9899
4214
3469
5813
8946
112
7872
6812
6048
644
9200
1501
3253
1356
4905
7935
5791
292
6400
2992
6548
1681
672
4626
8748
3468
545
7235
6411
970
8890
6631
4988
1689
6318
6820
6025
4169
1634
7178
8950
3076
4398
3901
7422
1052
4610
880
1174
9855
2848
5792
6557
8697
4375
3866
1637
2071
1728
8954
2731
8499
4513
6241
9489
2849
319
402
1053
2085
7776
793
1531
2670
894
8056
4062
6099
8552
7312
3011
1753
98
4616
7702
238
797
5773
5934
2853
3458
3159
8163
6046
8023
3747
5648
1105
7828
658
8643
8583
303
861
9186
4517
8675
8211
9736
2758
2431
9377
5964
7108
6331
4941
3042
611
5382
5295
5339
6330
5754
7373
6376
6047
6433
4737
9628
3997
9681
3097
2111
7844
8275
7818
8286
9054
1969
3634
8112
8618
8909
313
1412
2518
2910
7955
2486
3869
3573
2405
5040
5275
6703
1025
5709
6457
3731
9552
1545
842
1019
4154
2180
7697
8447
3461
5941
6924
6764
5688
4715
3313
948
4667
6719
8147
8063
3181
2357
9153
6560
8241
7553
427
4738
5142
1639
4914
3169
5986
2123
4091
981
554
3942
4208
5800
3553
4666
4836
3193
2970
669
8000
1337
635
2161
3278
6163
9152
4132
6529
4873
8761
9923
1887
2809
4674
8329
669
7582
9485
8998
1765
4323
9389
9051
1462
6610
737
9329
5992
1643
8092
8329
6219
2784
6333
2878
3723
5373
2064
4854
1506
7205
544
3976
7754
7431
5255
7320
845
256
67
6126
763
1497
8167
5348
1863
5761
4171
5358
6111
1846
6177
5907
1750
5949
1014
7546
3855
1969
4368
6720
7464
8024
6938
8069
209
9616
6121
8135
1639
5577
5930
5415
1250
6188
987
7271
6903
4713
1218
5700
2250
8527
4062
6689
6917
9123
88
6665
6029
2900
1349
5638
2167
2293
9883
3647
727
3401
1117
3323
5600
4013
3653
6997
8397
4831
94
5320
4938
4653
5867
7161
4400
1784
9446
3588
3291
8424
633
5679
986
4072
9395
8011
307
753
5847
8696
7200
837
6791
6232
3034
6754
1561
1724
7776
8183
9907
3722
9428
5842
4744
2656
6354
7687
6159
3714
9326
5166
9756
3248
4697
4307
6845
2851
9311
5009
963
6150
4785
2696
4939
7809
7610
2906
8744
2304
7296
2166
9263
3522
8648
5660
7023
2157
2870
6304
3018
2047
1200
5513
3445
6112
2542
5833
5592
7651
1185
7766
3922
9051
8653
4823
9532
3434
7972
3659
6296
3013
6432
3474
7894
3731
8700
1087
9218
1188
8943
4533
9758
1342
599
9199
9224
1811
9118
2204
7143
4047
4780
5591
9959
1613
472
3716
6207
5128
8956
6167
5147
9807
116
799
2875
6274
2450
8943
6711
9897
3474
28
7357
5748
1237
5922
3753
1773
9836
2898
8496
890
3283
7750
5304
7982
9495
3302
4375
2847
1525
5474
5175
1842
4513
4463
8499
1570
2720
5151
2737
624
5058
3433
9212
2533
5839
3527
4364
3890
7213
9790
3284
1704
2139
2041
825
548
4670
1870
8250
4802
7845
2386
2799
7042
6506
8984
4226
2504
7752
5412
9636
509
404
4542
9294
7395
8345
9394
2710
1942
5428
3957
6522
1310
8537
8594
4380
4065
1359
7377
1433
8758
3183
7609
5255
8003
612
6733
7947
8216
4575
2066
8517
1780
3931
7729
7625
3429
4679
4423
8698
7214
4981
5305
7316
8720
6735
5253
6966
6619
5441
3860
4891
9518
2950
5500
8772
2074
418
3586
5443
4260
8297
2493
4694
6954
9995
1157
9086
6365
4157
5769
5724
2364
6437
640
5991
17
2258
7160
1084
997
8357
8091
5778
4686
224
1247
9896
9065
2041
1212
9742
4611
8346
7224
4381
9137
7113
4446
9428
1711
527
1230
1600
325
744
93
135
9398
2870
3437
5729
4658
4145
5464
8835
5804
3935
9670
601
4901
1164
3102
9375
7191
6998
3368
6205
5358
7768
6481
9325
2640
2577
4136
778
3566
4992
3749
1527
6546
2063
9033
5368
9304
2825
8833
5809
8569
1064
980
4778
9251
3039
7244
5595
4900
4033
6673
3978
2165
8205
4369
94
5172
6263
2732
382
6489
6515
283
5516
5818
7440
9072
6487
1610
5759
5753
3793
2092
9503
8030
4991
9093
4311
9834
2262
175
4495
2679
4296
4506
1099
6194
170
9774
2756
5469
4017
5627
7013
387
3033
3521
7967
7414
6226
5452
5625
3140
8071
871
1400
8072
9420
1809
3079
5629
6323
9628
2579
8270
8091
9330
102
1272
534
1890
8014
3489
3030
137
4073
6673
8835
7948
6239
9614
5067
2721
2811
7639
1046
2158
695
6694
7557
2313
8212
8392
7447
334
6867
6777
5256
3535
9027
1496
5494
5238
6503
3610
7185
4677
6371
250
2382
2095
6787
3742
9736
8079
4664
7988
9332
1590
9376
4508
1375
8770
3249
6223
1894
4442
4385
5501
4977
3942
3845
6533
525
8747
6324
9325
1158
4357
856
9185
7517
892
9408
5464
8251
4313
3877
274
8802
6770
631
8845
7948
1537
1314
2391
9059
4483
9667
8414
6444
9596
2977
115
8177
7911
6730
9725
3145
7595
5371
7290
1269
1130
2171
8416
9914
691
6068
1650
8631
1959
5311
2542
2274
2441
3676
1043
8739
9710
3451
464
6204
3635
8506
183
2099
8958
7163
3600
6462
6461
560
6682
6042
3179
1334
604
6376
6385
2044
1418
5173
1657
2462
3395
5876
941
4034
9367
122
2318
7454
6118
3061
8193
1220
2820
3482
8371
9388
7816
6090
1278
6268
531
6208
5411
9062
4190
5881
7015
8174
7869
3888
5163
9639
576
5734
9683
8089
2743
2443
5512
8656
6805
2459
8040
8340
990
5736
5115
4913
9114
9967
7297
5458
7836
6458
423
3455
5099
4130
729
8880
7071
4766
5569
6349
6312
1708
9757
3428
120
3595
9695
6949
8945
8403
910
8717
4361
8881
7385
9150
9242
2531
2812
6279
262
8076
3003
1909
6823
3589
2811
3590
1893
3073
672
1749
8176
6986
8881
1175
4957
1469
4968
545
3582
6623
7381
1668
8394
3819
6658
742
7148
7593
7697
7870
1830
7916
7202
4092
9446
4152
7249
2019
257
8077
2780
1939
4748
7973
6578
6887
7338
2310
7286
6504
8496
4341
1219
9628
9108
6552
6138
5055
4515
6037
2326
2684
7969
9884
689
6360
6652
8461
9407
1355
2825
6280
1384
571
7424
2608
1459
1447
7188
5322
5518
2670
6378
8696
6443
3497
8059
2172
2036
7291
8356
7579
558
7012
1051
5361
9835
5788
3356
8714
3897
1762
2481
5316
5673
8113
1952
1775
1738
6748
3118
6301
1092
8374
2785
4348
2144
8160
1108
2317
2900
7072
6947
9104
5933
6138
8006
4494
6805
6590
251
5298
1796
2718
5132
7781
7074
7129
8815
1030
1610
1241
9676
1858
5018
6550
5689
4341
4984
7173
1985
2637
6239
752
5524
1526
9111
3235
3608
9944
9138
6144
9229
4202
3874
2384
5149
3969
9064
2695
1458
3529
7095
3106
226
3742
3863
7312
7382
9319
8486
6554
3304
1728
9672
8977
6267
3363
399
3826
4756
1507
9447
6120
8293
5444
6824
9582
2811
6282
526
9647
4429
2332
3285
7756
9173
4564
2141
3897
8107
4343
6365
4229
3181
8315
9252
85
8043
9994
5291
2108
4206
4130
8679
504
3705
5558
3738
555
8391
4452
4617
1316
6532
5795
5640
7547
7928
8217
9201
6422
3806
663
6307
8570
3074
7186
2439
8625
3145
1519
3326
5540
3419
9514
183
7781
4443
2162
1228
8460
1783
5141
1996
3340
9306
5987
6212
9473
3871
8049
2406
697
5585
4029
9659
2460
9357
2441
9060
6329
3785
8070
1724
478
2142
6638
3002
1907
1072
702
3379
228
4302
446
636
1657
4293
9247
6748
3188
9535
5136
3040
2167
1545
5244
8745
7535
4210
4083
6928
769
2878
2900
6937
543
8059
4804
3141
1894
7868
3277
4353
2632
6832
9046
9868
9233
9143
5179
246
776
59
7145
7700
7604
3849
1848
7393
2056
6723
2741
8270
9180
9998
2795
4617
6970
3046
5726
6763
3842
290
8691
5004
3834
2050
4479
7361
1430
3461
3323
2213
1184
55
817
2278
164
1927
8405
4614
4362
2390
7859
691
2800
3499
5457
3728
8995
7860
4496
4193
3467
8423
7429
3542
6033
3927
7822
7759
237
3490
4611
7678
4784
6983
571
1433
4906
8085
4264
5022
2793
5502
1184
3538
9888
522
553
2978
4335
6008
2304
5723
6485
3871
8661
340
8046
7539
4679
5881
2554
3828
8616
7779
4349
160
6140
3490
3900
6552
5331
6988
1066
6287
5617
9743
3039
7631
3143
7491
8882
646
7071
108
2195
3694
2185
2203
7240
3579
4925
3475
2737
7981
4764
345
5210
8165
8216
5284
2045
5875
5212
3076
6593
1902
7465
5776
5059
9454
6319
1575
15
8899
7748
2168
8571
6728
7924
637
448
337
4885
3362
2854
6770
3813
1940
2779
122
9346
676
1408
7452
7654
4442
9664
2158
2302
9767
7358
9722
6085
4435
5610
18
1921
3076
5135
1536
4826
1616
8828
2284
4018
9706
4493
2998
5174
4712
4661
9843
271
2533
8042
1061
2821
338
4638
5459
577
7752
3269
2072
2877
1033
5720
9207
731
9620
2756
2284
8271
150
7119
7869
8633
9326
7466
7487
3555
2009
2956
6549
6915
2156
272
4643
7581
3345
3868
8530
3193
9976
236
6076
8844
8734
7116
7990
3462
3579
7583
3406
2279
1765
3182
8521
7406
6562
752
8671
4160
7035
8322
2227
9985
1229
5556
1210
7043
9705
5408
4589
6824
3418
6103
1146
7301
1670
2522
244
4021
9134
130
442
358
7968
3836
6869
277
4460
5061
1803
8145
4739
589
8145
9950
4731
6251
8110
6329
3631
749
6266
1907
7091
2266
6613
2412
69
7991
5716
2509
3088
3922
2374
7377
3082
6382
4261
9969
5981
331
6183
283
4035
5841
2596
9086
7450
4889
7890
1845
2119
3624
8589
9565
39
6585
6034
2933
3664
502
5562
1377
8534
2931
2820
3723
617
9127
3051
4311
2364
2967
1175
5936
7856
9793
6975
9716
9567
930
9884
5482
4677
612
5080
1067
4681
3032
6725
8884
3705
60
6187
9510
4163
1273
8281
3320
2752
8539
1837
2938
6090
3550
2830
246
5295
2369
1078
6949
4894
8106
8670
8316
7085
3750
8529
9057
6637
5691
9058
7693
821
8364
5226
6176
5132
3592
7001
4748
5715
9999
5326
2911
6542
2386
1313
3920
5218
8566
6046
6661
2778
9460
8796
1839
1140
5889
11
5779
7064
9493
1805
9749
7017
1978
5835
9507
9572
2163
7576
8107
5573
7750
930
4250
5545
136
1508
4882
3870
7683
41
5143
2663
8518
3676
6791
7484
6169
8379
1316
9710
8012
9129
3295
6215
3019
2050
1890
1248
1984
1833
4857
8156
6821
5406
734
9378
9924
1723
5585
168
4381
6045
1424
7722
9091
6144
1416
4298
2835
6931
2472
7778
8930
2683
623
2469
3394
4468
5426
9619
4465
2993
4475
203
367
3620
9680
3371
6281
5706
2527
1458
8103
8990
3828
9383
4734
2253
2727
1907
6162
9609
5189
1737
4684
5351
6313
5077
9268
1460
6182
642
8988
6212
8547
9238
872
3851
628
3784
1933
3444
6978
7922
8789
7454
2982
7281
2380
9559
2599
537
491
4497
9613
8950
7263
4689
6769
5837
964
1526
275
6736
483
6166
9799
3729
6773
6836
3950
2414
8835
9998
1420
5418
1084
6723
827
9165
9266
402
652
353
5553
7661
6693
477
6285
9772
987
8607
4855
9550
7805
3970
155
2555
6922
2912
4697
6085
8369
7520
5982
2172
2739
2640
2943
1808
4183
7166
8498
4145
6426
9104
2313
659
256
4292
2059
446
3308
8305
688
7713
2263
4636
2360
886
9616
5143
8073
993
9217
1011
2420
2274
8426
3879
9907
8058
797
5785
4401
74
5509
5688
3509
6614
4259
9308
7581
2809
6710
4102
2787
3010
630
1633
9214
7404
4030
4842
3240
5676
8436
315
4311
2419
6694
7042
4027
5635
1714
2721
6371
9935
625
2415
6956
3611
9986
7596
8086
5218
6207
161
1157
1318
8814
7430
9345
3889
2998
1741
9098
5211
8012
3675
1805
7813
5145
935
5499
2273
6121
2235
5340
7621
6547
8456
8127
3828
1248
9286
5900
524
9946
7880
105
767
6018
7406
8149
2137
3038
484
612
2176
4221
5544
4424
1514
9704
7657
840
8136
8872
6762
1456
2143
9966
1990
9028
3767
4002
2014
3906
5181
8779
7422
8659
8019
9863
6957
6782
9127
5193
7123
5978
5073
6253
8229
6253
2518
8456
875
5653
6250
2368
5779
8834
8562
1429
7327
7295
2792
3964
9417
7707
9175
3414
