6882
9972
4011
7093
6029
9804
8343
7848
796
3420
6655
9248
3309
6527
8880
5599
3695
8151
397
8791
1914
3677
512
3006
9164
6192
3579
1230
832
3705
3216
8281
3693
7631
2729
6425
1480
8054
2180
8965
4551
9555
9375
6288
1636
9802
3180
9756
9129
9416
2113
1452
1102
4333
9487
311
3965
2881
6556
7784
574
8807
2271
305
5700
1455
5240
3872
8451
4181
8137
5290
3564
9062
5765
8772
3974
5571
3108
689
8155
3215
9200
2006
1804
1586
2319
9081
7602
4512
9821
8151
8434
676
8949
2564
7452
6981
9099
6925
7249
9067
4409
1450
3998
7370
4405
7840
7897
5373
8076
6659
8263
4687
4045
2920
3175
4770
1028
3080
1551
770
8625
2304
3665
6787
8196
1254
9001
3527
1064
7094
4710
7869
537
9866
1218
3763
7315
8152
2816
812
2441
4677
5153
9372
9886
487
3
8784
7347
9528
4663
2362
8382
1527
9757
6586
3363
5369
8958
3033
9858
2685
3094
8175
2108
9660
780
7572
3475
6383
6303
883
7406
459
6142
1051
3861
3431
8852
2943
1055
6318
2271
4941
4278
7760
6844
8108
7796
2691
128
5182
2204
6807
8181
5941
7
8454
351
6098
1001
5930
1482
6056
9599
2249
706
5951
6008
1292
6462
8517
125
1133
2538
6607
4238
878
2432
1325
4715
8663
2243
6155
6651
4295
1479
7251
3325
8044
5888
800
1689
4925
3109
3630
1409
8452
929
5149
9785
633
214
1109
3808
1850
814
8931
2330
199
6207
5569
8124
5529
5514
3651
2548
1843
817
8670
722
2960
4146
6035
9750
5868
5541
2681
567
1839
3550
5913
2189
2916
8014
787
4829
3303
8397
7229
1870
2157
6940
156
7404
3422
3994
7435
5865
9885
2213
840
3435
6568
4987
6062
6566
4922
4924
4877
1622
3918
5565
1366
7976
8431
8492
2722
6150
1690
9307
7875
1806
4101
5099
3554
2943
761
2455
7094
8287
5930
3913
6902
9563
9095
829
4726
3147
3773
5984
2046
3825
4118
9668
857
9135
2719
6019
3560
2514
1815
6061
7558
2670
3186
7697
2103
9911
6734
4020
6953
5034
1277
9680
3341
6
5905
492
5039
5098
8439
4788
6912
9148
9129
4997
8645
4691
9991
2519
2888
1010
896
9799
3372
402
7866
1536
8223
4155
9313
8614
2920
6894
6604
8975
8351
5553
539
4781
2508
7992
3357
1644
6119
364
3294
8677
5182
4011
1741
3981
8678
8189
8059
5773
1881
3390
9071
462
5470
684
9943
272
2838
9103
8233
1800
1697
1279
2456
7268
2833
5239
530
2684
3591
5605
4806
1719
8346
9482
7891
3751
9590
2676
3083
5890
8320
3733
1974
2894
9432
1456
1059
6216
9591
784
5849
1248
9384
1029
9548
4117
2403
844
9484
5225
1716
7449
2839
5712
3866
6340
7598
3371
5836
6093
8132
8507
2902
1725
4051
9716
9937
5067
2985
1136
5952
423
3728
4492
7110
150
5356
5587
9638
4779
3229
1685
8274
3214
9540
2116
1941
3772
2593
5595
8668
8539
1451
684
1710
5496
1705
7860
989
7359
1902
8780
4885
9062
8002
9583
8545
9255
9290
915
5357
1352
4906
246
245
1400
4017
1398
4796
4792
4770
4013
3018
8723
5795
3096
1181
1996
2382
5186
3904
9491
709
8625
7129
5075
962
7053
3195
6235
3324
9592
1420
2903
4214
2991
7137
5818
6482
2892
2454
3994
5363
260
5114
3384
1664
244
1638
4075
3476
2003
750
5960
2850
4435
7760
4768
5989
7322
170
1062
5334
1432
8264
4731
8039
3492
6475
8584
2620
967
1077
3015
5673
9844
5952
2047
7030
7779
6302
3498
4720
8345
171
8340
6329
6150
31
6450
3167
1146
6816
4381
6202
8436
4357
8058
5455
9305
7989
6199
7298
8286
461
7524
5736
7202
7984
6603
2810
3370
6521
8173
326
2490
7164
731
687
1773
6554
9390
9172
338
675
643
1694
51
1030
7862
2467
2834
1860
7322
1080
8883
4243
2851
8180
9360
5774
8112
9295
2797
8954
1656
3529
6169
9699
9968
4983
3533
7508
7990
4200
7060
9830
4093
917
5623
2752
3221
9111
3588
9996
8918
8915
6570
1818
8457
8144
6260
814
2899
1162
527
8037
6063
2782
1834
5781
2279
7925
9449
7266
4639
5870
1510
2108
3070
1316
3077
3718
9945
8303
562
674
9758
3382
3305
279
7386
5810
2257
7605
5863
2493
6470
4863
2662
3993
5809
4519
5380
6302
2007
4391
7644
1115
1819
5387
4330
6606
1968
8941
8295
6110
6015
6088
4870
1061
4498
4542
2665
1212
9819
5653
3089
8494
3555
1468
1280
2526
6195
1275
7149
1781
5752
7224
2435
451
7879
4854
150
8535
9101
8136
9475
5401
3969
4212
9235
1701
3481
66
3292
8018
7110
35
1796
6400
5965
8703
4691
3137
1122
6966
2435
9790
5651
3912
1495
4826
7262
5153
4757
643
7712
3980
2609
8468
4555
856
4184
8488
1972
2952
2694
4314
470
9763
276
2136
3718
7756
49
5077
5540
5773
2812
5821
4490
3308
7563
1203
596
5712
5180
5031
973
6812
4965
4659
9570
7801
1289
436
628
2627
3002
326
9024
1882
9894
9816
8851
5256
720
7023
5516
8066
2699
5575
7266
4088
4629
7075
9038
3782
3310
8293
2711
6541
7379
4282
3752
3020
8955
333
5616
2727
46
3291
4998
7018
8829
2406
7831
7431
1506
7987
1070
811
997
8063
4622
3790
3127
8302
6607
1481
6031
468
8802
5458
9151
3052
2803
7779
4610
9269
4314
5642
6036
6429
6302
6201
5998
9814
2039
6092
620
2645
5710
4938
7469
665
691
549
9287
9400
6507
7020
8324
2325
3076
4608
5437
6334
774
5972
2433
3218
4327
6877
2849
5184
5627
8185
8732
4490
6247
5436
6946
6296
8016
8437
1799
1737
4325
3919
8679
9989
6774
3459
3616
8382
6591
4715
9648
6756
7716
8433
7500
8887
699
3222
2186
4743
4513
2511
4027
5416
2458
5258
6744
3298
6409
2766
7400
8820
3095
1104
3916
984
852
2594
1576
2722
5079
5254
5518
7970
1428
7600
6407
3385
1961
729
5377
2120
6772
3200
3680
403
8101
5931
5522
4309
3131
4987
1540
5213
7854
1341
6554
470
3033
1901
9503
533
6114
789
5113
8955
6615
6340
4311
1402
2502
954
75
4101
1337
2638
1230
8672
9580
5074
5956
8646
7772
2271
8461
8633
2766
4858
9493
1203
6809
9192
7641
3531
8082
3566
7462
4
2626
4416
9392
7968
3766
1611
3883
4226
1762
8815
9962
6337
3826
2596
8018
168
4719
365
5994
3642
2379
2570
4529
6035
7401
5047
5259
7321
7131
7138
2185
193
7914
890
2789
4255
9068
9139
4871
5765
5157
166
5415
4748
1564
2708
5280
4625
2728
9851
7036
1574
7688
482
401
1193
716
8238
9704
5346
1203
2487
3735
5590
1985
9557
4074
4361
4541
5668
6194
5344
7765
4454
5433
5508
2222
1607
3425
3107
6539
3644
8185
3408
4777
1173
5867
3963
1894
2705
4597
3019
7692
3409
8882
711
6797
9509
9620
4212
9100
9666
9616
7305
9030
6341
3781
1998
3259
5905
2106
5331
9917
2292
1348
957
5156
808
2578
3627
7707
9285
4389
3030
4426
5331
1038
8951
5761
6029
3670
611
6894
178
8420
465
2444
4389
8463
5565
8440
3765
9136
2549
6016
6870
1682
2896
3131
2414
5561
9518
8415
748
6428
8953
2515
2466
8897
7211
3009
9187
2308
8635
663
2839
3811
3727
155
6764
1033
2117
521
5159
3429
6636
3770
6024
2038
9101
1362
7388
6214
5159
7126
9019
7503
2728
2505
1089
2718
3959
1218
9242
9315
6606
283
438
834
6918
2600
2717
489
1370
5585
9292
9342
6237
3486
8845
213
9704
9807
9621
3963
5740
501
8278
594
2325
7824
8453
2233
2431
2390
7046
3846
8466
333
4307
3875
2233
5669
5468
4627
2033
2741
2088
6111
7069
4688
9
7170
8118
3652
4206
8429
9919
8719
5778
7991
6006
6126
2417
8549
8214
4499
5723
3778
6298
8386
7553
9243
4573
6296
3709
6794
589
4521
7198
5164
8461
9652
5344
3601
1353
181
3354
4032
3205
1384
1249
9092
9454
1556
234
7672
7378
1084
1933
4522
5915
1373
69
2606
5174
3940
723
7410
8594
6288
2482
3353
5956
4591
4118
8279
1608
4632
8654
4152
2833
7156
376
2797
449
345
1827
6260
5333
5764
176
6082
7064
9971
6194
4448
6024
3197
4964
8176
9237
9999
2842
9466
3653
7475
2831
8391
3380
382
4189
9497
3401
7559
1452
7285
1828
15
5745
5230
1780
1602
3160
3007
3861
3768
3341
6869
9334
5831
3651
7399
8632
4265
2039
3139
6259
5270
1951
854
3619
1790
1532
1559
3055
53
7855
5344
2922
9339
5144
1258
850
8887
6025
7045
1862
3503
9625
9089
4149
7703
532
5307
6385
3235
2768
5159
5491
5099
4154
1015
8344
5946
9119
5685
4904
5971
4663
4243
3879
9905
1851
6812
3685
1560
9335
3638
1584
573
570
5367
1657
6879
2203
8593
5476
6369
5702
3820
4409
9414
8340
5854
6759
5191
793
6537
7352
675
7430
1281
8336
4900
3166
5512
1743
3818
3350
4776
9606
774
8470
7981
9526
2053
6700
477
8707
8919
5856
3604
5976
9563
8673
9296
9269
441
1566
5862
4931
4811
1457
6591
5447
9513
9574
7778
5253
2511
4458
7439
2476
8014
943
5317
3055
7676
7947
4465
3540
9528
8863
4389
9557
2542
4933
7424
3796
4323
9715
3599
2652
8718
5117
6080
8386
3011
6007
4510
507
8109
9495
2990
1846
6040
8377
6789
3466
4808
5180
2820
8890
8665
3626
7569
5413
612
597
9331
7771
538
8796
3065
9096
5232
829
2568
437
8919
3076
7536
1476
2263
9394
2169
7001
9064
7865
2047
1369
9629
2819
7767
1258
8637
2179
941
7945
4095
4931
8940
2187
9505
5180
409
5723
5653
7396
2604
3906
4985
5634
7019
1093
9346
1533
1029
9432
4180
7906
8776
3601
9423
4372
8240
2007
1738
6862
4973
6952
3525
2820
9631
3914
110
1864
9089
3033
2210
5528
4991
7455
301
2116
8469
9682
6480
9789
7877
3992
7134
5833
8436
8885
8115
6787
3138
6549
3617
1888
1477
325
7545
3196
4433
1147
3266
2259
4038
4838
9225
6475
9589
15
1398
3919
8464
3871
246
3158
350
2907
8954
8018
2471
7803
3740
8837
9170
6568
8441
4092
969
2995
8399
5200
8069
6978
7940
1202
844
6677
7136
211
3363
7591
9961
150
6465
896
9177
3965
3363
8263
7006
6319
9045
5237
7357
1836
3331
6037
4676
7271
2429
6391
1419
3762
1872
3411
5334
5128
8263
2219
3322
3075
8333
6650
7753
6062
7917
6088
1980
4516
7320
3695
3932
1783
3074
9832
1196
7917
7258
2847
6311
6389
1748
8725
210
8455
6901
1731
5533
9338
3050
9468
5915
3199
8790
1340
2219
2266
8022
8461
1555
1712
1666
904
9400
1996
7730
1336
7165
636
5402
9770
3893
7385
4340
3904
5830
1764
1817
1429
7724
9019
3531
5644
6999
8106
2994
7297
9299
2223
9649
2305
9330
7270
5988
5381
2440
2051
3704
6840
4850
1502
4951
9274
2627
7671
9263
4926
9917
3323
1534
7374
9353
7360
5485
8350
5267
1850
3317
1038
564
6864
8130
4872
9853
7656
4707
9658
6446
5391
9946
2206
3280
6821
1462
8484
2309
4933
5627
7777
2618
7234
7115
0
9669
4716
9603
7
9825
7154
868
6885
8515
8306
3837
9384
1241
716
4594
7659
2206
8388
4042
6844
8652
5062
826
6235
7838
388
4154
638
3649
8043
7377
5633
3159
5812
3843
7499
4407
5206
5731
7725
660
2712
5429
1283
9528
932
5189
1036
1709
4808
5838
3687
5001
1830
8584
4739
4275
1994
4673
2777
870
4396
7030
8885
5473
9627
5583
7102
5432
458
1813
455
2699
1175
752
6990
5104
4214
1921
8498
5375
8460
1640
1698
6939
9943
2179
6177
6248
8587
6884
5909
1037
5815
9486
1534
9368
2982
4220
3556
3176
6722
6366
809
8731
9747
4753
2509
6820
6724
5769
5232
6552
7639
717
8035
1942
5247
3135
9304
8129
314
8119
8087
8075
9986
524
1730
1263
3161
7086
6304
8683
1922
4930
9222
8680
319
587
2516
1832
532
9282
9915
4843
5850
8737
6396
1054
2928
4881
44
5857
5420
6958
4515
4466
7631
5828
1428
2267
2215
4041
823
5541
494
1079
3234
6392
9711
9507
6598
8400
2361
9135
2758
6573
3516
2680
5970
3479
4288
7917
1281
5068
1556
1133
8189
168
2484
8555
1448
1840
5973
4449
5229
4699
1738
4286
5665
8589
424
9470
2457
7377
102
5988
5605
7042
5022
7158
2921
2550
2945
3205
6508
6280
6151
3176
6649
3696
5204
1460
1123
4849
6486
4714
9270
9551
4874
6125
6488
8155
2430
8750
9775
5581
6081
5350
3068
5197
4855
8559
580
9101
5145
7503
5504
7191
6713
4818
2890
5326
7795
3780
5560
323
2702
9016
8597
551
2754
4711
6826
7336
9332
1112
8348
5162
6189
1272
1247
1043
1913
1543
5017
2578
3274
1503
225
413
5725
4673
4405
4230
7508
5374
4795
2906
3890
9790
9664
9958
5110
3825
7596
3494
1919
2336
7830
4027
7662
6463
7491
4647
1016
7009
8362
2376
2410
5320
835
3600
4535
2775
1790
2317
5709
7382
6913
345
2918
2226
713
9760
3978
9342
7568
9257
9730
4650
8079
4836
6375
6174
7611
9518
2601
2419
220
4084
1964
6798
6539
4177
9948
9354
6297
4709
2705
4737
6700
8277
9581
3094
4340
7161
4195
4802
5132
3463
834
5226
189
6137
3598
265
9676
9596
7840
5343
3187
2312
1299
7158
7500
1079
879
3164
7082
580
6468
3298
2738
226
6620
2784
3447
1222
1475
6306
3940
3778
5282
9875
6353
1934
7798
7285
4440
1429
4656
3962
98
4905
2213
1347
6971
4
6646
7698
916
1565
7450
6269
3799
7475
1190
6002
1460
7193
5567
9121
4266
942
4759
8107
2178
5288
2259
5781
4933
5372
925
4441
8222
7260
8085
8313
4506
5805
850
1552
7132
4052
3639
519
845
5229
2544
3105
5953
120
8283
6324
5428
7520
4148
8789
2419
9401
3161
2222
3623
8454
460
5246
6811
3556
6375
3405
3039
4758
6905
7482
8678
2829
8878
1364
1994
2164
8942
2801
1120
9782
252
3870
7429
9084
7534
7172
8215
3687
6300
7907
4272
9782
5233
3758
8077
7157
8607
9746
9742
306
3615
3860
5574
6717
1557
8198
1313
6267
1714
6422
4469
7735
1604
2980
8385
8150
584
4413
1411
6373
3200
2489
4902
449
383
3469
1528
2387
2752
8909
9929
7750
3463
9410
4607
8262
5615
7524
2343
3255
3843
9796
4262
975
5032
6249
6589
8785
5607
9269
4955
8439
585
9314
5564
6795
3707
1711
783
7490
6880
7985
982
6054
3542
216
8598
3662
3680
3423
2750
6684
5811
4111
4805
6882
6429
1201
108
8306
8399
4174
7554
3281
9115
5365
8038
2759
8744
3383
6455
6950
1426
9475
1192
4133
3775
9193
6495
3096
9820
3421
3708
7805
8678
3435
6967
9381
9653
7441
3858
9901
3299
6205
9950
280
6426
2323
6697
6539
587
5211
7988
5124
3674
6758
4163
4136
5079
1483
7630
3048
7256
2738
9461
9135
7137
1099
9376
4490
6310
4892
3140
1269
9911
1478
6385
5166
8618
5763
6824
3496
7991
2350
1434
7343
3692
3198
9772
1090
1169
6768
327
7282
4614
5808
7147
341
4376
5701
5652
9799
1282
7526
5716
7839
3568
2669
272
7817
4031
3574
2215
9861
1857
2819
2541
8683
5052
5072
4454
4136
3010
350
4797
746
5387
8910
4932
5141
2334
7595
7862
5215
8815
2644
8472
8478
5698
9029
6127
492
1133
7234
4827
1732
956
7935
496
6684
5246
4479
8053
3998
7853
5607
1205
2005
1467
6397
6739
3344
6471
5954
7771
6694
9887
1178
2612
1063
4160
4116
4753
9035
4921
3130
9111
2041
2141
567
2264
7958
6422
9727
1757
8520
3623
1568
9315
8725
7994
2515
7181
9197
2409
8207
7015
4897
9064
8954
9786
1614
2670
3181
3627
5338
5669
1187
2991
3898
1447
7501
1225
637
4744
2053
5299
2553
5187
4701
603
2512
1341
596
4852
5934
3301
4500
7902
466
2765
4395
1360
455
6546
1107
8082
7357
6198
976
9879
7289
7919
5174
183
7062
3849
2517
5370
7798
1382
274
5600
3273
9350
531
7710
7448
4625
2790
8548
2351
2417
9998
4009
9237
237
2716
2023
3097
6896
6886
6388
4746
1033
5862
8549
5011
2331
8882
6823
2402
8516
3347
5464
2804
6602
9860
9391
2527
3345
4361
8508
5578
8090
2025
8458
2285
1190
5370
3105
6737
1144
8888
4728
3331
8952
1697
3896
4714
1683
7264
4140
4978
8272
3107
2421
2501
5453
7852
2329
9030
1656
8209
4411
2889
9835
6672
9142
1506
3726
3138
4850
488
1200
2490
5402
6390
6864
219
9572
1566
8261
6467
7711
3098
2910
7656
9979
4881
340
4014
3586
1458
6187
7618
9605
1359
9383
9029
2417
7513
7372
1368
4864
5892
2605
513
7275
4215
3318
3032
2093
9219
5701
5200
1059
7965
1347
7541
2832
7338
1505
3246
8285
1158
7053
9247
157
3697
2388
1247
2991
6886
7905
5520
125
9080
1876
7824
3361
4732
8526
8827
5543
2030
9608
1163
5709
2497
1587
6221
166
4310
7402
6369
6831
2759
3443
9006
409
65
1829
3471
8901
2124
6628
4190
7421
8057
1767
2364
5871
6599
667
4922
4805
7873
9856
8422
4303
8535
2145
8342
563
4376
4753
4458
2314
1353
2577
2193
1099
1876
4798
1291
7413
8688
8583
1670
8982
4073
652
7240
5081
9516
4033
6807
8508
5730
7058
7608
5823
8294
4418
9394
4760
6708
9996
574
4532
5903
2490
7726
9064
5039
8563
8663
5830
7302
2638
7532
666
3262
7829
8424
2068
1665
8134
5399
9984
5523
3939
5202
8241
5744
6873
6022
3660
4222
7437
5984
6896
7054
82
2983
1140
6245
9064
37
3337
4417
9710
4803
4286
6699
5528
6913
3491
2456
267
2991
2405
4490
8037
378
7735
601
8170
9478
6082
666
6090
7557
771
4810
2862
977
5171
1418
5169
8924
9396
2406
7307
8817
8966
4499
7783
6614
5530
5125
6359
2561
8286
6746
2158
8916
6295
247
2235
7014
3517
9821
7813
2351
128
615
3378
2608
9816
6258
8882
237
5066
6969
4104
9240
4742
6588
9656
7644
7293
3693
4443
7554
2352
9384
8848
4787
9524
2604
2254
5482
994
4169
2244
1493
5387
4712
3569
2184
4984
705
495
6254
47
3454
7065
9006
2497
74
622
5222
673
836
7230
5830
6879
9878
5329
8827
9187
477
4743
7462
8581
1092
3978
7720
1096
9793
4639
1677
3895
1980
4156
7299
9831
4856
6019
197
4381
7887
7356
456
4953
5406
4609
8801
3103
154
1507
7648
2310
8605
1723
6894
9946
2993
6538
6687
1164
5336
4961
3651
1177
6949
269
623
4919
3323
7130
5890
4076
4161
696
3895
1641
8158
6187
7319
6996
9126
4924
3544
9619
1489
6477
7109
4260
8724
1306
4635
6042
1871
8091
8462
2593
2130
2774
4022
9330
3341
3697
1657
3091
6146
2933
2038
7702
8201
110
2747
2865
2848
5007
724
7693
1917
258
8497
5160
5297
7821
6306
4630
2299
7872
6481
804
1254
6091
8461
5645
1120
2333
5726
5957
1112
1046
1898
9827
1042
7326
2211
5915
4075
7087
3626
9641
7556
6221
1268
4810
2525
7159
5447
2852
7727
4597
818
6406
8581
1408
8263
6634
8376
5521
7045
3335
1670
3105
9462
5348
8431
5792
8897
8982
6603
4786
605
1386
1083
9587
2324
8798
4554
2219
1087
6825
5760
7309
8835
5947
8020
6281
5720
7071
7850
6849
8354
7550
6896
5881
9982
5133
7089
9288
9243
2694
1861
1211
4162
3508
9189
7992
995
6007
1502
6495
7357
3640
2370
4461
1466
8743
5285
9114
8677
3072
4970
1683
6217
5212
6475
4002
1095
6643
5471
3353
4355
878
3915
4061
7628
7067
1480
6991
2406
6619
5148
5158
2598
4981
2696
7064
2137
797
3037
8584
6305
8783
7612
3209
7005
1333
3337
1136
8708
8153
8587
2183
8318
5620
259
9422
959
2276
1078
3996
9713
6972
6744
1108
4845
9173
9895
2899
3493
5634
1889
7253
433
2498
2947
9463
1604
527
7568
5415
7610
7731
7210
6423
4256
4858
6543
4177
7584
82
3235
1956
6792
7023
6054
1453
1062
651
5618
3345
6562
6826
6148
7302
4248
1052
8740
7490
5248
2396
9618
5131
7548
2309
8799
3549
110
1525
4389
6042
8595
9433
1060
395
3327
9255
5211
1653
5590
4219
3135
8311
1236
5545
5434
8560
1963
9057
4435
8477
5143
3201
6677
5024
7551
5284
1855
9276
1225
6984
1257
7757
8810
5694
7485
2804
3178
2890
7449
3744
5856
7674
2080
9448
9199
8051
6567
5125
2204
9126
8579
8269
1323
5234
4700
5546
4085
3267
9294
4265
904
9657
1629
6189
2075
7315
5298
2084
8669
490
6198
7762
9193
5562
9497
2281
2887
1851
256
7002
7906
3278
3209
2373
833
3411
5356
5421
4629
423
8896
903
8574
650
2966
5472
1130
3790
5174
5166
6395
7036
3509
4415
7860
9425
624
3918
1232
8966
71
9380
1679
2765
7400
2826
4205
1463
2407
13
6832
194
4536
3627
8623
9168
2025
9769
9418
3619
4478
6631
1786
9764
4250
4603
1397
7411
1494
9674
2381
5288
2450
9621
6743
4360
8598
4960
3491
6163
1939
158
1469
5434
6378
6488
1582
4927
536
4540
9359
2612
3246
7730
5868
341
4361
6666
7313
2258
354
9745
4276
8804
5332
7443
8878
2353
4996
8730
2471
9387
3906
3156
1661
6050
5500
1683
8545
1162
2201
5549
6078
5991
9049
1828
1862
2277
150
9408
5451
7588
9942
456
7479
4736
7952
8208
4745
798
5705
5485
1245
3619
5770
4355
6966
3167
3696
4255
1578
8422
3503
9200
426
3391
4452
656
333
9974
6246
4737
6104
2684
7767
5299
2220
7774
2797
2114
411
5795
5479
2812
1240
9886
4622
4415
5499
8916
6091
1537
6558
3415
2191
3322
3816
1313
8066
7803
4979
8301
1067
4322
1803
1935
8073
7973
6997
8659
7884
8380
8953
6386
195
6715
8942
5490
9635
7165
9969
6517
2448
6876
4578
4993
6059
1981
7755
5904
3480
6793
7117
2989
5291
7621
7448
4527
9087
6163
7495
4899
1090
9793
2726
9969
6640
8223
1106
3217
9355
5967
8235
3158
2228
3509
9544
2488
7512
6158
1543
2112
5434
8157
7967
2364
8905
2991
5876
6098
2910
6240
7190
5009
340
2263
3895
4419
5876
1916
5991
8592
3915
554
3054
5052
4699
144
709
8479
6539
5873
3857
3173
1292
2859
573
1788
7609
8405
6354
6987
3385
3425
2854
1491
7717
4849
3279
3101
1040
6997
5954
4018
2904
7907
6477
698
6440
5616
1261
6620
3239
746
9660
4836
5985
1192
5882
4978
1327
1593
3111
8927
3909
6393
2571
5435
5673
1970
978
8226
9419
5695
5239
957
9093
2652
3436
9028
256
7145
5619
9297
5936
2957
9245
6960
8605
1543
3996
7778
2192
9808
2070
9969
7686
989
5945
5406
2692
7856
8149
2630
9079
6221
9131
6291
9718
2458
8096
5886
5127
8608
909
482
9786
7823
7191
7277
5302
6526
3094
9056
46
5359
5044
3381
752
4864
6819
1471
6458
9646
7851
845
2473
3748
1824
7673
8079
2002
7628
3373
4864
1465
5374
8293
1913
2050
5086
7935
6526
3566
7179
5823
127
760
9428
6671
2854
2855
3727
2692
2015
9088
5977
9404
8260
2424
7675
3875
9988
1926
1461
4948
8624
7463
1785
6380
7858
1627
9831
2315
458
8141
1633
5348
5558
6961
7930
5396
6509
8005
2719
2463
9192
3706
6914
4677
2797
6348
3743
1412
9594
6380
7006
7047
6602
3183
6036
7868
6439
7263
4757
2996
8205
6191
3802
1619
8375
9292
1226
8039
7688
6847
9817
21
9479
9391
9162
8191
9848
6868
6658
2657
6531
3782
6395
9035
9348
9060
8017
8937
4174
2160
5261
7982
5180
8231
2347
1504
6310
6623
2410
8380
9964
7625
1247
8042
4194
7877
4742
2043
7256
8149
775
2799
2325
4282
5105
3443
5904
9306
6741
1303
4330
7476
1970
3614
3179
7114
6216
7966
7159
1756
8827
7176
9469
1014
3430
7217
4668
4687
9625
5583
4546
6226
1601
3823
2707
442
6995
7251
7330
903
7749
7178
127
8221
1128
6679
3357
2075
7781
2979
5263
5977
9491
9437
606
8250
9682
6112
3721
7505
3240
6654
4778
7152
3222
9112
6481
9212
7718
8863
2831
2540
7459
5701
5409
1312
6036
8621
5319
5615
9254
8433
9216
8488
8933
8321
7988
7290
4903
6105
5646
9487
5478
5036
2739
3347
40
4237
5715
3475
8061
9772
7483
8048
5348
9277
9333
5138
6777
5300
7917
8297
559
8509
3584
6351
1094
2856
2771
4490
5225
9857
3693
5821
8184
5053
3874
4446
1709
6481
718
3938
3900
6509
9866
7189
7531
2198
5821
1142
9932
3441
2642
3806
2244
986
5362
3905
601
9444
4270
1613
3756
3916
7964
7807
9552
2950
3883
8934
1303
569
4452
4255
6088
2694
7775
3519
5470
9171
8927
4223
3056
5335
8731
7329
9032
8254
2682
7153
6915
9099
5162
4711
5876
3901
1741
3017
3141
8154
8369
8638
5051
6761
7275
4717
3300
4076
3711
7859
672
4378
8366
1635
6441
5642
8028
5959
5585
2539
5564
8581
4791
9393
75
7518
5093
6665
6342
1216
2360
9182
329
6714
7069
2452
5574
3647
1173
3794
1149
6116
5333
2189
5422
7732
8572
2927
2504
9844
3841
150
7021
576
6793
8360
4116
5635
4930
9492
1706
7990
7007
6260
3095
2016
5521
5200
5321
4667
1694
2268
5311
1783
3568
3009
7395
6536
9932
4104
8964
6987
9054
3458
5391
230
6718
3254
2090
8076
3137
5330
2798
1568
2446
354
7598
6129
1210
191
9528
9892
2531
4734
3638
2784
7766
3481
4993
5554
1326
9979
9796
1632
1738
9061
8792
9915
7641
8542
4945
4189
7332
5191
804
50
6232
9724
9555
2212
302
4550
3319
3470
7433
1517
5369
5698
8108
875
9213
3638
6085
4636
1035
3592
8442
289
9851
9362
7358
4036
9612
3210
8512
102
7442
7232
9409
5844
8266
2026
2176
680
203
8349
4931
8652
810
8113
852
73
8457
3879
2198
4157
2958
2919
3026
4827
4444
7041
2098
4285
2432
1221
5049
4820
4058
7087
5934
8496
1686
9242
5875
2795
3254
7973
8806
1375
4302
6338
867
1096
7851
4187
9140
20
6785
1872
2982
327
4367
4923
5737
5260
5969
613
4548
8389
3842
7649
7842
3859
6764
934
2765
593
1966
6618
629
5947
2296
3129
9149
5580
7030
6421
6643
5461
7815
4119
5450
8777
4825
8900
7286
8661
4002
7884
6195
3629
1533
43
5713
7313
9696
9938
8592
7199
7654
4656
1365
5411
525
4553
2694
137
7294
6041
744
7458
5493
2994
4626
8868
6796
2592
365
5404
5320
2190
6378
896
6239
5026
5824
4655
7797
8115
9873
9529
5602
2459
328
2747
9121
3911
2322
5026
1831
9371
9062
1697
718
4274
8865
2654
4350
3155
9874
4838
5687
4816
7631
8881
9997
1016
835
1664
6704
4108
8053
4803
6454
1119
9813
9719
8584
2214
4485
2540
8134
431
6193
6789
4808
5325
1885
3721
7522
5889
9834
8678
9554
4101
3541
7797
4841
5187
7036
1144
9316
3778
558
7728
3527
5328
8701
7708
53
9371
4674
8683
8765
7273
9966
2290
5572
9575
9
9657
3916
9214
5721
4192
1710
9410
3216
2432
8329
3205
2561
6556
5350
1609
9633
4645
4903
4018
9047
3293
1020
5449
4943
3875
6210
5997
1585
2461
2345
6531
9992
8868
7760
7247
7842
1289
6911
5019
9139
293
2160
276
4726
2174
58
1956
897
9286
3084
6937
8116
7710
7107
4533
4654
6823
1608
5215
3932
6521
9
4438
4527
6140
3778
2998
2169
8852
2152
3171
4579
4090
8306
4482
4814
8901
1668
8567
4148
2791
7785
2377
3274
2819
220
6898
69
9181
3795
1843
3637
1818
5497
9284
4803
7158
3367
2696
4658
389
1518
6111
1557
369
131
485
1053
3074
7047
8535
3885
747
7106
9206
6924
4593
3724
1893
4326
5383
6007
4637
3184
4564
6124
95
8038
9878
8161
3433
4098
5280
3540
9042
3899
7775
4535
5519
5384
3514
9864
2632
7615
2728
4555
2757
7935
9467
4806
3601
854
2202
9113
8929
7728
7004
4856
5182
2893
9440
4966
4765
3981
1226
6671
9360
6266
9704
4627
342
7474
4402
8602
9261
3760
1552
3624
1240
9478
1861
2095
9227
8937
777
8043
2883
7369
5797
6590
6547
2684
4536
905
7161
8998
4998
3747
5055
3798
9407
713
4237
4416
30
9906
1019
9218
3160
1742
1684
4294
9156
5067
2839
8243
2954
2995
1303
480
5076
8549
3234
3639
8129
1694
9935
817
8856
5252
2080
7603
5722
5343
3207
7669
5264
9076
8645
7483
2691
1903
2622
7186
5003
9517
72
920
6447
2756
7185
728
9771
3567
6624
9201
7872
137
1444
2003
2693
757
1722
7349
2187
440
6698
7445
1662
8596
2992
2765
6583
3553
9944
478
2926
2122
4546
9004
3373
226
6486
5974
2672
7489
1009
3024
873
4095
6061
5567
768
9291
9758
1456
2327
2952
3033
693
1995
4629
6143
1837
8982
6679
455
3999
6370
6598
7002
3987
1256
881
6856
989
6342
7582
9768
3415
3567
210
9756
9145
3357
1273
5619
4392
897
2595
6088
5704
7595
1676
3383
4719
7013
8805
2240
4248
9977
2468
3572
6160
6579
1669
2300
2865
3362
5179
4937
8361
536
3336
7063
86
1232
7748
2394
6160
2367
5405
9738
5731
595
8844
4187
3079
3064
2368
8133
110
7321
7321
2995
2601
9748
9202
4631
5655
6710
972
9674
9179
5718
8196
160
4345
334
7536
5898
2414
6179
3035
1781
7337
5333
9562
7840
3833
8626
6058
9660
3972
2566
729
9324
5744
4477
6493
9899
2418
4136
3844
3292
1218
9742
394
3117
887
3994
1553
6469
8772
1954
6912
92
1534
1832
3978
5242
8569
9625
1833
2311
9390
5874
9895
8290
7899
4131
1817
7037
1783
9836
3992
1781
1296
9779
2238
2720
1651
8872
586
7935
1047
1600
9087
3795
5879
8557
4799
6284
58
8015
3311
2108
8753
8163
2376
793
9996
3305
2474
8770
3801
5524
6060
8313
1258
2683
2628
815
6082
9388
3071
8509
9676
9344
6062
6670
2183
9018
9342
8010
5538
9337
7010
1741
2080
2428
3231
3703
2632
5
6900
9324
5852
8950
8324
8155
9332
6184
8929
8764
9463
1403
7958
7891
7477
7048
5777
2737
6947
1298
6907
8217
4243
1002
8613
1648
6640
7938
6546
2493
4995
9417
43
2529
2181
1669
947
4656
994
7839
3847
589
6758
9672
2161
2532
8791
9194
5690
4208
3758
473
7897
7261
3603
3960
1261
5128
4052
9239
5970
2834
3377
3818
1555
8595
8199
7094
4061
6795
3304
1220
8892
1060
7428
9272
533
3716
998
331
2142
3375
7596
1268
6253
3417
9684
7669
2396
5816
5632
4385
2342
9544
2038
1244
9009
8456
9367
5915
4792
5105
9562
7963
9059
5991
340
8909
4757
2728
5653
6910
5522
5922
978
8181
1995
8209
2651
1286
1816
4486
3209
1620
7488
4499
5542
5827
6760
6914
6472
5450
7750
3750
1083
7063
4224
313
602
5373
7590
8836
2010
1449
9289
2765
8483
1266
8838
1771
1884
1807
5443
1029
1954
8930
9829
6376
7093
5010
8892
1463
1967
6
6363
8141
2945
8269
9063
4702
9195
2827
620
7195
1096
5678
5751
4260
292
8431
9091
6280
8939
5587
5843
5768
7744
2881
9689
410
3750
318
5921
8970
7294
8820
9437
6138
9550
833
8605
809
4522
1228
890
9442
8402
9666
3936
4699
2344
1631
1990
3086
4636
2360
8459
4069
1942
4084
2751
3518
1295
411
4763
8158
1148
5959
7598
6418
1464
4599
3380
4224
2172
1475
2933
684
4558
5337
3272
4583
3748
3237
9186
1553
6691
2624
4591
3103
8952
6416
652
8488
8674
6749
8814
7945
8842
4019
6050
1496
1121
1859
1970
2390
8484
6036
6961
7294
14
551
7475
602
9739
7112
8268
9700
4308
9296
8212
9082
7547
9223
6755
6363
1284
8967
3054
7230
7087
6268
5198
625
8990
6136
8554
2015
8679
9955
577
3803
3127
3935
3430
8681
257
3625
1544
348
1426
4620
6812
4890
1314
5167
7433
3307
8298
847
208
416
8924
9879
3110
6273
8483
3499
3392
6975
1496
1925
7594
2488
9550
6630
7572
8504
3003
2910
2985
6221
8691
4039
2573
4531
8290
8219
290
4717
7878
9767
1927
4389
5143
9367
6798
3435
6852
6336
3720
7466
4747
5612
4960
5704
549
1136
8080
156
5884
2058
3956
6905
5145
742
7433
5273
6190
128
3297
2997
2925
4867
1975
6752
1139
6528
1689
2404
7541
5883
1223
6004
4677
1183
1254
784
2513
8961
8225
9415
7464
7025
8988
6663
8522
1757
4838
5664
1291
2449
1004
8806
9171
9641
8900
3637
8485
7063
5324
7071
8522
9231
5327
3857
9881
5183
6001
5108
3622
6188
6456
5294
2340
5656
5751
6793
4312
5664
8215
3948
8316
3394
5988
6101
6508
3227
2594
6072
192
1806
1947
4929
9382
1313
9558
5141
1740
7922
2564
8198
8999
8791
9546
9878
3571
9058
6007
7907
8152
9971
7889
6945
453
1191
6704
3349
1851
5199
5750
8621
8793
1003
5097
9901
7103
6773
3583
4052
3057
5563
5253
3053
5738
5860
7756
273
9098
4099
768
4058
8622
105
3782
7571
9435
6725
6786
9355
4294
935
4738
1176
1762
4130
8267
7688
5991
5183
3854
9890
9564
7006
134
9211
6402
4472
6816
1109
8988
9792
903
418
6190
2663
4796
1750
2913
6463
1695
9034
2608
4007
5260
8429
706
9109
2612
5829
5492
2371
2647
6035
3282
9136
3707
1156
7810
9638
5596
8324
3710
1963
6656
6462
2572
3921
7621
7742
6619
4537
8714
6375
7868
1989
2951
3440
9643
8026
969
873
5800
8740
3806
5771
1446
7667
6105
7774
2080
5892
9507
7028
9843
5467
7903
818
7052
7067
6695
271
6398
3352
3208
4773
2079
9267
6999
2533
1649
9397
7166
8247
6632
55
7960
2190
5533
8254
8628
8890
926
436
7961
7943
2095
6561
1559
7155
4289
233
1829
6125
9613
638
6605
6313
30
5046
7648
5104
8248
2472
7863
5844
8521
8992
7959
4817
3962
8722
2976
3694
4241
7803
5682
4275
8295
1890
4317
7141
7073
5950
4275
3741
5613
5857
3212
1942
4443
7410
3190
3941
9861
6345
6167
1123
3613
7139
9201
9494
9489
4149
352
14
861
1613
6179
6347
686
339
1588
1739
5278
9519
8582
5073
1793
8581
5242
2609
1659
3643
8142
1400
7116
3659
5891
5449
9817
595
6649
2162
279
4010
4969
3581
86
6893
9198
8418
4665
536
9889
9578
4238
6224
3824
8750
6958
9868
8427
7518
8722
8244
9019
1373
6991
9250
8526
3018
9040
613
9443
8729
6480
8645
2830
7216
800
2208
1161
6798
1243
2307
152
8117
1075
6388
8871
9160
279
1036
1250
5232
4772
3682
7648
6425
4293
5155
4509
2425
9720
3117
3027
2480
1550
378
2213
938
9455
1531
4167
2146
9528
1770
6109
257
1522
5761
542
1412
2144
8120
8548
8251
7365
8841
323
3294
655
3249
9908
4586
1556
8927
8046
153
3559
9486
4959
3888
3079
5791
9740
7537
2117
3200
2787
9025
4575
9145
1337
340
5070
5621
7653
4900
8504
2781
839
7217
4419
3440
3751
1538
6423
7327
4054
5690
2047
5764
5699
4341
8316
3363
6684
5185
8613
4537
1022
7706
3982
4769
60
4446
3796
2294
1736
8463
6675
98
2081
6502
8853
3012
7129
7941
551
3856
9873
9941
9577
4817
1059
5182
6433
6570
5436
9045
7597
5082
4660
9119
3107
5677
2827
7652
7335
687
2050
4447
3049
4987
8787
1330
6775
8002
8478
9814
9222
2519
5234
2511
8729
9127
7748
5710
9772
2535
6526
4193
9424
6005
375
213
9330
7136
5339
9516
74
5204
2775
7801
1805
2445
4275
3751
8000
2893
8748
6922
3690
2216
1773
2269
8372
1148
6857
5258
5103
1007
7432
6681
994
4689
6284
1216
9935
1200
7166
7848
4017
4729
6650
2032
3812
1004
6580
26
2353
6937
6389
4148
5077
2871
4374
113
9965
228
2567
1254
3023
166
7997
7329
664
4831
4246
3875
1310
2687
8250
5198
4673
8371
4032
3561
771
588
2201
8752
7280
9739
8590
6520
1564
6856
5505
7585
3016
6961
2610
8277
8721
5759
593
8829
5813
3909
1898
6018
2210
5026
1186
9632
653
6709
5564
807
1772
6624
89
8619
1025
1574
6922
9708
1491
110
9907
7728
3402
2329
3005
6971
9719
6336
7096
7729
7982
870
3660
6962
8577
348
1002
5732
6106
2388
36
1215
3972
3742
1461
8321
390
3918
990
6737
7982
2078
510
7329
7190
6143
8205
3005
9590
9227
2486
1361
6070
8598
8895
1127
7949
1075
6262
3404
4155
8227
3962
5716
271
4776
818
548
1382
5655
142
8430
9489
7228
5528
9530
33
4743
8342
1423
4866
9797
6896
5313
5217
2026
4456
8852
5307
6825
4954
8926
2228
3606
8370
315
1921
2194
5493
8266
770
7606
5069
1941
2799
6331
5012
510
9358
7062
1756
100
6287
6849
9816
9365
3876
5476
7083
7181
3104
1875
2523
6381
1098
2961
1649
7687
2734
9298
4496
5894
7840
30
1936
6538
4670
4737
8582
2080
7538
5471
1106
353
9472
7781
5588
1265
1026
2138
8427
4327
3662
6997
4812
4973
6752
4440
9723
5085
7401
2074
5097
4651
1524
339
6395
3026
3089
4048
3442
1062
2448
9590
5580
5833
4523
2595
4567
5321
7936
7232
1693
8566
8474
8195
3969
3217
2331
5136
7700
5904
6696
1647
8691
3631
6897
3658
9313
4864
123
9853
5581
6323
1708
160
6688
7632
5987
8480
4629
9777
4657
7897
7253
9869
3512
7120
5614
1583
190
124
7903
7557
9613
5621
626
4212
6123
2773
8615
6713
8737
7452
2889
7195
4315
5999
6624
2140
2571
2432
9426
1709
8361
5832
2710
4209
3195
7569
8151
4842
2141
1729
3153
176
6046
8256
1339
9264
1463
938
2017
897
2136
4576
8764
5906
7840
8329
3744
9822
7352
4439
2259
706
6285
6660
5461
5189
1321
1642
1456
8278
2653
3537
765
2692
1805
4948
2256
4742
8264
6765
6818
5883
7202
9279
5049
5979
5600
1698
4262
2989
7599
3176
2234
3714
4289
7566
3350
5518
9829
5759
7709
6311
8337
2754
168
2325
4175
2708
8423
1610
2594
3728
4111
3627
3044
3051
740
60
9517
5100
9284
826
626
7800
4285
7730
9079
8844
7004
399
3458
6339
5251
2401
5806
2840
5702
7928
1704
8725
6835
3679
3578
953
5579
4342
9170
2761
977
5464
2958
1469
9838
7196
1974
4955
7695
4598
4165
3713
8380
8061
5078
747
933
7464
3239
8005
1147
2145
1692
8571
9736
8603
6595
5900
7420
4720
7824
7820
4629
5635
5477
5592
1834
8277
9615
4581
4964
7299
8655
7569
985
1260
3251
1547
1031
2528
2897
5423
7802
9187
2863
5065
2682
8433
3074
3611
4147
5340
6898
2522
9330
4737
6854
1218
8057
1209
1425
5529
944
8347
4248
9169
6313
9566
8590
8727
6877
5309
1935
2809
6871
1555
5861
4213
2029
3205
9386
6236
8583
2479
9707
2661
5118
854
4677
8478
6466
4477
2208
1741
5959
3204
6964
164
1949
2634
6123
3475
5531
899
3349
3719
1752
2244
9618
7201
21
5979
6672
866
9018
1804
5345
978
8348
2326
2151
7792
8343
1861
4111
5523
6494
7808
7064
7646
492
1538
6318
6274
9638
6502
1448
8350
4751
8731
5674
7586
9303
6439
6375
6705
5265
5656
5894
3365
6784
933
2288
1260
8029
5556
2948
3279
3511
996
3575
7748
8248
6506
9419
8313
560
1226
2043
977
8177
9611
5664
3724
9494
3117
1171
3262
5536
2086
3280
2817
7806
6327
5843
7958
2648
7326
6017
4567
5512
3749
5382
360
9334
3671
9382
4508
4351
2499
4466
8436
7969
3145
8522
34
1430
5121
537
7996
3146
1131
9457
8748
5082
8257
3876
9299
9755
5176
9484
2782
4756
2502
4088
5857
3210
7261
4771
1727
8166
5781
9250
5244
9124
8328
1786
9738
6171
4247
1964
8511
9460
9322
7054
9576
1880
37
3111
2886
4043
6294
1847
6471
1055
1994
6145
7520
2071
6351
4662
390
5993
8324
9390
9756
5422
2461
3445
3846
2617
4019
3985
7851
3953
2248
1468
7850
2029
9816
3218
2916
1963
923
6967
391
5774
6647
2294
6794
4514
578
8802
3028
236
5973
5387
3320
4466
6779
8960
9739
9892
5337
8363
8933
5926
9001
8125
6885
2924
2142
6886
7055
9057
6156
8593
8129
7171
7951
1674
3428
3518
9593
2781
5406
7203
1434
5884
9524
6341
2103
9629
6940
1857
5405
8814
7488
8871
7375
8374
9935
4425
1916
9129
7293
6142
5244
1735
7179
7844
4856
9601
3842
2592
537
153
1896
1027
3832
1014
5621
1915
6197
1553
1535
4754
7044
655
9681
1896
6497
9594
9930
5208
2292
4782
6322
2681
7647
5550
167
8787
7461
6368
6150
4348
1957
524
5990
2558
1363
1340
5805
7591
328
7824
3190
3213
8448
8737
1754
156
4657
415
9051
4061
9435
7930
9648
4532
5547
9417
7594
3798
7353
8891
1782
4533
3986
1880
2491
3994
9952
3282
7491
654
2004
8605
4598
3973
6038
4552
8945
9639
5523
3672
6166
7820
3110
8720
5133
7940
7569
8766
3080
7920
1258
1493
7141
6736
6723
6050
1196
9162
9473
2717
8744
932
9614
5262
4339
6206
6938
8921
7369
15
6861
9064
5855
2362
7767
7508
6364
6972
3320
8560
4709
565
4027
1298
3879
657
5821
1246
2125
8850
5036
592
354
476
666
7910
8512
2141
9009
8312
6119
4662
2080
2741
2601
3882
4883
1803
9938
2722
8898
178
644
4570
1296
8294
2737
4700
2627
432
8722
9911
5011
5776
7300
9435
9915
9720
5794
756
5101
1336
1261
7697
3490
7265
1161
6880
2143
9720
3745
7719
515
4202
5435
9105
669
4598
4229
4836
5178
2188
8015
1163
5884
3568
4850
8181
3926
3706
6798
25
8515
9821
3825
1011
135
6882
2099
3376
5757
3408
9167
4818
8976
5642
3292
8400
9733
4614
5610
6973
9157
4693
7927
3204
4793
8740
1361
2925
5518
4494
1318
7502
6200
5467
3335
5601
5570
6810
2427
9646
7747
1814
2511
6821
8732
2376
3004
8906
9902
9929
4673
7357
1593
449
4127
6644
7008
3297
4756
6648
8296
4345
9886
2297
2462
3783
9793
7375
7400
6766
3428
2430
7299
5183
9414
9637
3212
486
638
9571
731
6995
4432
5526
874
5875
4971
6273
9331
2410
3007
6217
2823
3344
7804
9981
3819
8197
7573
9136
3228
4994
7235
901
1683
7006
3079
4293
7428
1049
4007
559
8304
4824
7210
5309
315
3406
7055
3518
5736
5076
998
3062
6528
2757
3474
8751
5425
6040
4230
4217
6483
7466
7629
7973
7462
9719
8998
4362
2391
5717
9388
6834
4913
9245
9859
1205
8176
2247
5902
8480
689
2946
7742
6385
8086
3645
981
8657
4054
932
9337
7358
9600
1114
1603
9268
7743
9487
9991
7784
7625
910
9998
2081
2802
6230
5440
3619
6638
6083
1037
6745
4708
1176
106
8046
8110
1339
4265
9256
9004
6222
6352
4402
8840
7765
2460
9653
676
9321
8671
1138
5488
808
4980
9246
8391
8134
4259
5835
5337
2148
6192
111
8548
6507
7582
9170
2555
7749
3777
4921
3209
5769
7345
1002
1998
2113
9882
7308
9256
473
8209
4925
7357
4486
6353
9663
2325
5361
4210
1728
9396
1855
5659
452
7861
62
991
3825
7026
1550
6499
9511
1327
7545
751
1210
455
2145
9779
4557
8047
3796
5249
1165
566
6318
3080
8791
2702
1884
7633
631
2964
2776
3074
6558
8122
214
5872
4431
150
9722
7489
7766
4516
6339
3743
8597
8583
2792
5705
6221
1084
8686
3827
4709
1791
9699
3806
410
8727
2538
7475
6580
7116
4883
2696
3984
8393
3686
7925
7887
5020
7916
1280
1466
3819
9402
6692
7264
7617
1915
1808
5550
8453
1865
6844
3354
3067
3912
7639
4860
2948
9583
1867
6474
2449
1796
7714
2590
757
2258
434
726
3480
8521
8324
7847
1303
7555
3314
2671
7705
9631
5598
518
653
1867
2191
2480
1439
3506
86
3026
8505
3872
6112
3694
6038
1694
1044
4269
2114
2175
5500
2151
237
7558
9520
1842
4286
8161
893
6949
1716
1734
5749
7688
1384
1720
2784
8490
9470
8102
561
2350
1322
5152
4019
3203
4848
3367
3026
5647
6372
4688
5622
9879
5231
213
3097
5982
4595
1929
9962
3095
5462
5525
7162
7256
3658
851
4084
7725
333
8230
6922
6022
3660
8868
314
4815
5394
5442
2687
4634
9807
9306
7076
9274
2308
3323
6739
1550
8218
6045
9468
5401
9554
8912
9169
3914
9863
5200
798
7821
1871
7143
3350
2429
8017
3039
4152
5364
5265
6162
7665
4640
3175
1696
938
6100
5069
8380
2194
1736
8103
8436
6807
7006
7804
9083
1806
2531
8675
2900
2962
3597
8889
541
6201
2119
8878
3398
5585
6214
3600
8364
3098
2647
4288
1719
9677
9992
112
7836
3242
8863
5581
3759
3472
3691
2666
2698
4548
6005
2402
8290
8629
9042
1711
7548
486
3400
9272
4956
9498
6970
9908
277
4718
6834
990
3282
4912
8715
1905
3695
2494
6456
4946
8773
4489
5731
8973
6592
153
1590
1048
3135
5673
6528
260
2440
8802
4500
7873
6421
598
7220
4417
2463
1731
2518
4597
9861
744
3136
7747
345
6147
6069
5705
2135
2664
460
8507
819
2031
4793
1401
1710
7636
4010
2524
8564
7362
4240
2815
7398
1417
1784
9594
6127
9419
6709
6441
9013
4599
5820
6267
621
7565
3676
2582
6283
4849
6535
9080
4085
7546
5394
2969
5923
9626
3925
9484
1126
1639
1279
8740
8434
1368
4937
2259
137
604
2053
4878
1733
4723
6563
7756
6113
576
2575
5901
1988
9238
7163
8087
4236
8496
229
9628
9587
7181
1956
9960
3105
72
1748
5974
2909
5973
9900
2273
7777
6824
4664
5400
7161
5872
9784
5339
5159
5248
8564
530
9447
6589
8666
7069
1130
339
7958
8246
7313
7219
5613
851
856
5607
1813
1175
2716
7287
3652
2888
8442
9315
4180
5803
246
9888
8048
4331
9685
8912
2574
8169
7591
9754
7881
8846
8212
7544
5193
4907
6338
863
7265
2833
5808
8826
502
7405
3075
9887
6199
7419
2714
3235
9468
7163
6639
5561
2719
7969
7965
4133
8273
1590
2633
9839
5035
3772
6478
6867
6499
6095
953
7542
6999
6983
5582
4451
3817
1898
9252
770
8678
543
8852
6394
1140
5276
6905
4046
9928
6609
692
5571
8082
2349
9296
690
1798
7758
9836
6744
1975
8551
2698
7322
2625
3081
388
374
4531
4324
4310
1173
1464
6727
7947
4765
9729
5203
4311
9107
1920
7069
2974
2030
6851
4099
5056
9046
1979
3046
5570
1914
6137
2197
4106
2625
6804
7082
743
7241
7849
8158
506
4172
8399
1399
629
8848
1477
3570
4638
9405
7227
9100
8815
7273
3018
2890
7886
4911
8481
1576
6324
7679
7901
6334
8077
1006
4980
9455
8571
8782
1806
3355
9974
9625
7248
6677
8772
9639
3574
1278
7809
7231
8108
5504
2347
6153
4714
6855
9709
306
1818
3001
6118
5865
5511
4311
7285
6374
4884
667
3268
2714
8133
2273
7166
4898
2766
6994
7821
8981
5111
5724
6948
1181
6824
9517
7894
6802
6183
4638
7138
9986
427
5277
716
429
5403
7810
8280
5740
6041
7667
9269
8737
2324
4995
9748
9274
574
5653
9524
4111
6540
7070
9260
7163
7283
9368
9620
6120
789
8611
6848
2435
7143
5319
7433
1934
6830
8804
6554
7236
9894
8458
9652
5335
6991
7909
2094
1445
6228
6800
8109
3881
3097
7690
8924
5102
4704
5621
824
9695
808
5083
123
1881
4627
5067
6595
8146
3123
4642
6174
2722
7232
2133
5700
7199
9832
6282
8160
4344
4275
3735
9580
119
5778
5650
6281
5737
660
9351
3768
7722
3813
7528
2040
8825
1555
5599
2428
1611
7902
9038
6872
4363
1643
4296
2376
3343
2069
4552
1549
8453
9809
8063
5269
9597
876
2315
4566
3248
3299
7571
1846
3470
7598
7503
762
8758
5994
5956
1017
654
2387
6206
6637
1330
6618
645
9077
6777
792
7090
2138
8003
4463
4347
1340
4910
2473
5754
9287
2440
7536
3132
6888
8687
3593
6133
534
3988
366
848
527
1006
8598
8180
1632
9403
5170
8787
2512
9345
711
6556
6361
5507
6804
4672
1604
559
2559
4610
9617
9860
3264
2007
4208
7905
569
8556
9247
6488
3584
6583
1056
3553
4603
7046
805
1771
9319
772
5803
13
9813
1914
9473
9323
9858
6818
2643
516
577
3318
1607
2440
9751
1271
83
7927
482
9898
7129
4533
1271
6124
7841
6361
2823
4007
6881
4484
333
9404
3371
4655
6310
9440
3219
7662
3037
2468
3180
9233
8707
9548
3422
6168
6296
7169
9685
678
5560
4193
5417
9679
3957
3076
1254
8235
6860
4298
2039
5821
7079
9872
1092
3772
5855
3394
3733
5616
