954
2361
4530
5563
4555
8059
8524
7097
1683
587
9457
4064
5856
3454
7567
6974
9037
9101
3503
7970
2659
4458
7939
1482
8092
2832
2316
761
5618
8901
8297
5237
758
7071
9529
4362
813
5248
5937
5806
4485
2287
9673
9026
9557
4276
6673
5442
3938
800
2770
8986
8558
8807
5983
5460
9450
4635
6425
2994
2028
6870
8562
8964
9037
2339
8681
6039
7033
4954
4004
2715
7481
1446
4236
6063
605
3909
2994
3994
9074
1435
1695
2281
8308
99
7930
1632
1037
2548
9298
4959
8956
2747
5899
8931
9184
3051
6758
7189
5347
7630
7816
5187
1044
4374
4476
7913
8060
3716
629
8956
6659
100
7676
9043
1835
6131
552
3986
7545
3919
8107
3540
4644
2809
8248
9636
4774
7913
2339
5944
5631
5327
4209
9163
5481
4657
5215
6853
1031
3942
9998
7529
1062
685
43
8332
6085
8619
9613
8909
8321
8703
7128
6933
2793
852
2126
2651
4321
2274
6709
2196
3633
6641
6964
198
7277
1644
6262
152
9840
6430
2865
9752
4609
9531
9265
4760
1848
3613
1502
5238
1354
4122
8220
9782
7631
5022
9920
6286
597
3291
7056
5549
6653
697
9507
4265
8979
5851
5448
3109
5868
6496
1011
3019
4920
4451
3250
6571
230
2816
5165
8624
8983
5266
4556
9643
330
9310
1058
6847
7127
2790
391
7976
5208
7659
1412
4856
1728
7586
5928
9744
9999
5905
9815
5607
606
8839
1505
3930
9429
2325
4161
3936
3645
8205
4268
3641
6703
7861
8745
2514
3818
856
9760
3256
6836
1113
3339
5255
4136
3445
9609
8237
5966
1220
3729
5472
5000
1884
4516
4904
6568
6882
7115
3994
2639
6205
6399
8210
9888
6665
5160
1645
3427
3461
5885
304
2246
6042
4826
6297
9342
9672
1216
8608
2427
1502
6534
3449
809
1845
3805
9769
1715
6010
3841
8913
8338
6567
1243
7404
8098
6173
9523
5442
5270
6096
3811
4102
1842
4063
535
7539
1126
6094
9409
6093
1707
5026
2793
3623
9286
1912
5329
3137
6025
4834
1622
2731
9305
1647
3106
5914
7226
5878
4623
7765
5302
4415
8502
3342
8108
8862
277
4600
2661
2333
3951
8521
3619
8052
3838
6205
8434
2776
6259
9812
8416
3149
9038
5225
4025
4009
2873
2544
6618
4423
7966
7548
9799
3445
153
138
1209
2539
9257
989
4447
1063
3584
5735
9589
8969
3321
3120
3026
2248
7929
5638
955
9984
5374
1842
1077
9417
2996
2994
4440
9781
2342
4697
8927
4757
1042
5519
443
2952
341
7046
5703
8018
1830
1258
2823
2725
6351
6916
5545
7134
6629
3148
894
4654
6617
5288
8274
2195
3094
7557
662
8611
4651
4016
8623
2213
6675
8050
8791
2124
5599
534
9538
4448
9734
6008
4171
9690
8067
4268
5164
3900
6924
3016
6013
1547
8931
6048
8243
7483
5
2716
5050
3925
1439
2615
3197
9303
3073
6214
738
4680
4459
4354
627
102
9364
9653
391
9278
5113
6461
3183
6200
4706
6672
252
9516
7776
5517
2029
1269
67
4010
2902
5456
7176
4512
7997
3312
4703
7711
7646
4530
8299
2382
3967
9480
5187
6723
941
5413
4533
1627
8389
6596
874
247
4415
1349
8149
4404
84
9204
1397
101
7424
2103
7465
6847
7506
9061
9363
1569
3713
8062
1797
1357
7081
1306
5144
2263
9747
4866
8396
442
6866
3381
2058
3201
2697
6088
3173
1993
7627
2254
9342
3504
7274
1551
5943
2345
2449
9720
3839
5280
413
5566
8812
8324
6822
3168
4311
6822
1979
5561
4897
8989
91
6063
196
7475
6048
3195
4756
7839
3750
2069
6388
6175
746
7371
9636
5266
5965
2494
4632
1232
5048
3657
437
5879
3401
4782
5428
2611
7563
1519
8841
1432
3828
534
6333
8607
5000
1442
1655
2571
3130
2254
6185
951
2291
3423
8134
5374
5275
9610
2162
2630
8852
496
2306
6489
7127
6424
3907
82
646
4935
4950
3505
1536
4798
5160
6315
8387
463
4192
5713
8651
5709
5682
3114
7560
7504
5681
4576
6879
530
9217
6004
8135
6617
1113
4879
8723
1521
7815
2023
4847
7606
4206
6746
468
7898
123
9050
4374
6233
854
7076
5820
1511
5971
7950
7151
6753
1671
8749
7243
6761
56
9568
7812
2072
1454
6525
2354
4287
2341
7942
8124
4206
3956
8024
5107
3056
9272
7887
885
4593
714
9769
3506
6110
2863
8422
2507
5143
9486
2232
6086
4243
2940
5453
6206
2000
4579
9750
7768
6100
3009
692
704
9254
1869
750
6817
6835
740
6289
228
4125
6802
8532
4704
2182
92
598
3232
6373
4665
4935
1618
99
481
7792
6587
1237
5598
4879
5016
2470
7711
6899
8991
7808
8252
561
3540
6038
3555
4593
6775
7201
3409
2520
7147
853
3868
6498
3858
9664
1421
6443
2851
3438
2603
3739
1038
6396
4466
9692
4774
8615
3971
5993
5245
9040
4101
2565
1229
1582
2665
3092
2354
240
5403
7882
3126
8990
3716
1038
1076
5546
7548
9227
1982
7689
3677
7635
4714
5224
8131
7344
5703
4812
5968
3161
525
8010
1036
349
5347
5632
937
3615
8474
398
9476
4782
6454
8805
3848
991
2316
906
5916
9785
2199
6166
4029
5405
5957
3309
6470
8832
1055
3065
2203
775
3413
4771
2502
7502
5847
1934
7384
7668
5313
1456
8465
2455
9454
5357
8923
3447
1949
9553
9761
9706
4497
2698
6557
1148
6914
80
5726
624
5153
8946
3736
1047
7400
6399
3205
1835
2224
5901
4122
3225
9308
3433
8421
6826
1683
828
6706
9948
8027
9221
8205
2913
1809
7369
4081
7620
7189
2021
5743
7779
3457
299
4139
8093
4186
4464
640
6586
288
2353
4019
5361
4800
8573
3349
8042
9624
4932
9697
113
5706
442
1942
1875
1194
1911
4639
4313
2594
590
5646
350
1812
9224
6375
1230
927
6253
9560
1613
5355
302
3558
5409
9807
8481
1747
1388
3522
6698
956
8234
254
4675
6431
3652
1584
1032
8186
9551
1516
7489
6957
2564
2798
4573
2081
381
3515
7895
8419
6168
6230
936
1801
443
5742
1145
7173
7300
1541
2258
8775
1132
5931
6084
6204
6792
7705
5280
3269
3706
2617
6386
1395
4475
6674
2317
5325
2717
9218
3956
5108
2481
1941
2514
9966
6692
9490
2759
3438
8406
9300
2240
9317
7209
5269
2562
210
4290
7782
1602
517
79
1212
1988
4465
1669
4149
2782
2287
8708
9000
4344
3839
1977
3867
7650
1706
2337
1309
5922
7347
4597
8499
6120
9867
3126
1520
5808
7444
230
3790
9092
6909
7841
5097
987
8204
5814
1722
6562
7179
4806
5554
8613
5801
311
6972
4667
8592
4357
1333
1547
6071
9846
9159
9822
6397
8024
2449
9842
7270
2490
9938
7960
3347
2644
3524
9532
7833
5843
5334
3791
2324
7429
3714
5842
5541
4205
77
2416
3462
7348
1068
6344
1246
700
9060
8390
2687
1714
6346
8573
5437
7232
1129
4516
4761
5644
3985
4330
8620
1856
9293
2087
2719
6294
9421
7168
4775
6288
9698
9046
7214
978
3496
9420
3116
8157
7741
4612
5525
4072
6688
7077
1131
1357
8581
9370
8116
189
7428
2986
5591
6961
3505
7727
5568
6206
9991
5925
2739
7028
6702
6930
4413
4947
4524
924
5862
1338
4999
2843
6994
2046
1719
2188
7030
8500
6490
3535
7416
2331
9522
799
8992
7241
5993
8331
9707
2912
3060
7605
4094
7484
6405
6262
9511
6108
1147
1451
1342
90
6645
545
8251
1513
2675
2089
2274
8522
9389
2215
1193
5483
1293
9373
9882
3309
9111
7007
6611
4592
6841
1059
539
4573
2429
5511
8351
7679
3803
7262
2011
1007
2059
5832
3092
2155
7881
5197
1009
419
6881
5670
7946
3359
8522
5465
8649
6336
3887
6943
3741
1058
2568
9539
8222
2682
5879
7961
5707
8866
8127
8968
7774
7918
6175
2869
3953
4490
5483
9134
345
2498
8267
2240
9472
8829
4157
2454
1090
6615
5238
2991
1358
5882
7446
265
2508
8616
2762
7808
7149
8328
9018
4141
7565
5930
4322
5981
4053
6265
9230
3327
221
5036
9951
8441
2143
4824
3946
9352
920
246
6240
5586
39
4348
7080
6539
6647
3835
7655
3167
4250
8869
6946
6226
8379
9672
5979
6066
6565
6540
3015
4517
8098
6421
9088
7701
3371
1972
2518
5268
2559
5520
7872
5182
2367
8109
6512
4730
9701
3671
1973
5116
7765
1645
6426
8186
9020
9820
3131
3977
7093
9015
9400
9555
6507
144
18
4151
8728
9238
8899
8446
7771
3914
9578
901
9896
8240
5348
3004
122
9247
4838
9994
8740
1460
518
7994
3205
2058
4025
790
6009
3982
311
7454
4476
690
4235
7077
5193
336
726
6425
8801
7128
8947
8765
6183
7832
3238
6548
7769
9208
9486
8556
7465
4287
1961
9669
8313
8661
2343
3149
8564
9653
8310
5081
3705
1086
2188
6641
467
7752
1540
9833
6308
9550
2207
488
5104
8395
8636
199
5109
4021
4994
9335
489
465
3033
8047
8780
2641
7305
5505
396
3745
43
1160
6727
2186
3227
5809
3002
1584
6767
818
8392
9599
4785
8331
2391
8493
5080
152
4149
9275
3525
5328
7240
125
3929
9101
2562
1812
2724
4728
6211
3621
4600
9456
760
8072
7372
3543
7154
5054
5500
1594
5234
4607
798
3098
5296
4432
9936
1307
9962
6958
7500
1113
105
2537
8925
338
5888
5408
7100
5253
5630
341
7827
1076
2611
2380
6034
424
9054
2261
16
7618
1301
5524
1785
5481
4526
9545
3366
7349
7002
8433
5803
6951
7906
2953
8361
8515
7305
4154
5380
251
5984
325
7086
1497
7497
2507
7410
8504
4900
1530
269
5360
4933
6096
6135
3388
3366
8221
3280
3754
5784
1881
9093
8846
9045
799
6513
3907
1089
4773
7040
7807
9439
1865
895
354
4336
3785
3519
8859
9958
7359
1545
2935
3606
5399
5867
3431
4604
1231
6176
9756
9640
4010
1454
3698
8999
9024
7177
1766
6173
8070
677
4998
3421
8309
4553
2179
1307
730
3678
5269
6344
9978
6134
8028
6701
1327
2474
2990
5459
4051
188
7970
1727
5415
2907
8663
9371
1953
5141
5873
7263
8497
8311
626
4559
6094
6991
33
3406
5425
3395
7354
4224
1485
2762
5986
2061
6474
2696
8196
9505
6477
6727
4717
5872
213
8256
3713
3047
5237
8073
3864
6894
7417
8089
8568
4041
4039
6327
3727
4750
2163
385
8078
2720
1486
6392
1549
1002
6748
6055
735
6456
6049
4453
1539
5791
4728
448
2051
6317
6208
7002
7229
8715
6099
5888
5180
6479
5603
9460
8114
2861
4627
1676
8948
4254
5664
8483
754
7929
3451
3406
561
2733
5604
4425
4023
3553
1395
7568
9267
6290
4438
8154
2278
8204
4979
9647
2850
3844
7000
2010
2445
8657
2983
2297
3922
8587
2087
5873
2820
4876
7817
4399
9200
6244
4632
7705
1550
5592
3483
7043
2099
4330
5403
9742
359
836
2780
2859
6670
3853
6506
3373
613
2062
8912
3163
3962
2062
4920
9157
2216
3369
4698
3134
846
7216
4643
9544
8139
5274
8804
9838
7705
1129
3539
4698
803
9559
3667
9719
6307
2478
1259
7520
6108
6023
3397
5271
7473
2074
6805
4162
2593
5668
1412
5696
5808
5271
9400
1434
563
8283
465
6452
1719
4162
2867
2818
1246
9737
3307
2136
5591
5371
3632
3385
7049
9808
6904
3777
9500
3090
5956
6702
772
6160
2889
2089
2698
4299
9979
7987
7561
5629
2967
7370
6818
7722
7950
1563
4445
4335
3098
8529
7292
2727
4142
9355
9437
8813
7726
6748
5165
2379
2727
412
4484
2960
1181
9116
3904
2641
8352
1671
1729
8550
6410
8147
3598
5333
2424
983
7875
3740
9522
5303
5624
7399
4744
4394
8735
2834
154
5565
9865
105
2916
5856
1109
8843
9381
3198
9686
4716
9435
7786
6160
7369
2269
4356
5727
6503
4213
7179
4292
5013
2615
7405
2045
1040
562
698
6016
5444
7969
8103
6532
7247
286
4734
172
482
2725
4130
6624
7954
1665
8240
9289
1307
9989
5633
2825
7747
5609
4348
613
8476
5102
7912
4321
9027
5648
271
9734
6166
4119
5454
6946
5187
538
9002
3052
683
7633
540
4562
6709
6037
6509
4369
2255
2566
3357
6672
7007
4504
2780
1401
9143
8747
8587
6182
7895
3526
9261
7476
5773
9360
8728
8230
7703
858
4024
1177
9865
2524
9938
9791
410
6378
2213
923
6921
1875
4604
8792
5981
4263
1809
6085
5609
434
5691
113
9774
7176
3640
623
6139
3567
4790
4342
5456
5380
8524
5896
5936
4811
8693
3085
1525
2678
2412
7051
3629
9473
1619
1364
4914
5560
6813
4428
1767
7350
540
3574
6510
5691
5220
2650
2278
3992
7503
4501
178
4458
7754
3180
8021
9537
2028
3022
3289
1053
6982
5606
3023
1604
262
7754
4481
9569
6582
2083
708
4604
3425
5641
4569
8482
86
6682
6225
2673
5316
7686
528
2562
8870
1898
331
676
3928
2407
7948
1361
8135
5807
3556
7919
9384
1772
7296
4997
2158
8989
3204
5591
2287
6957
5027
5345
880
7633
401
5372
9644
9358
4832
8223
2100
7733
1782
421
7072
8093
5824
9575
6595
2251
5215
7111
1069
9263
2865
2824
5099
6910
3787
1148
2985
3880
7874
2188
5159
4422
5529
5902
2425
5186
9124
9766
6136
5266
1163
4667
6326
9426
3146
6036
4623
6781
1813
6255
3562
1128
3241
302
8847
6171
9646
5919
547
4045
6104
727
6783
8651
7085
2106
8111
5236
7617
8633
2022
2996
4396
1192
2254
1867
445
3051
7709
9385
1513
716
9651
8793
7404
6300
6128
5175
7119
9172
387
8831
2250
9510
5004
4308
9137
8037
4723
5177
1994
8493
1138
9231
5599
2961
4557
1932
911
960
5698
6676
9439
5874
7739
8295
8221
1444
3921
3719
3717
3518
1306
8196
6460
6894
3203
8405
5642
6979
8632
6997
2309
55
4512
6328
8344
6969
6454
6489
946
3671
1634
6561
1355
3189
135
4102
4497
9484
4325
7198
9489
7266
238
6990
1602
3585
3302
4515
7499
5127
5459
8492
3060
9898
5284
2274
8953
9141
7118
4197
1627
8068
162
1445
3073
4312
5914
6954
2893
2631
5026
7312
5001
211
7011
8114
1807
6325
4426
1714
7880
6118
1176
2402
8044
9610
3443
498
2712
9113
9641
3190
5198
3835
4468
4915
2694
9664
9113
4278
8578
7177
3755
7442
1232
1046
9084
7156
5208
61
7364
4660
485
1748
7562
8778
7809
1515
9119
2555
4808
1321
5290
6303
447
2561
78
4128
4925
4928
679
6384
2935
6742
2227
8039
3370
9279
1726
6696
113
7741
6662
31
5383
5300
3150
7946
1286
2129
1805
4449
1486
2200
9526
5251
8785
905
8130
6750
6475
5661
217
6987
6463
2147
2448
6692
3020
2417
2621
8322
4558
4953
7846
8551
353
7419
6887
4805
3553
3969
9073
4073
4172
987
9840
8840
2729
3990
917
4420
2578
8187
5139
9642
5085
5266
6949
6444
2281
242
3804
3494
7411
294
7670
1615
3463
1885
7161
6558
5188
4141
272
7686
40
2981
9948
6336
491
3678
7852
8867
9192
5646
7847
2035
3430
4105
4102
6899
7317
7171
7215
2120
147
9766
9372
7979
3038
6637
9081
7194
468
9531
6076
221
8374
7355
7568
416
4043
1781
1802
8338
3488
2217
3852
5352
8798
3611
1959
9118
7444
3611
3803
1739
9235
2319
8378
5168
9673
9296
7931
9854
7972
1470
7611
2865
664
3777
3949
4332
5868
9789
8690
9378
5551
8976
8980
5038
9400
9596
6220
2352
5339
7020
8947
8069
135
2116
4774
9057
2124
4281
3714
4316
5562
7002
479
7174
3684
2634
3482
3240
3780
5435
5578
7849
2968
4153
7395
9465
5994
2864
4025
9982
7485
9386
6156
1688
9203
2889
5282
883
4171
6190
7283
361
3176
9635
1070
1057
4525
5019
5864
8808
3605
7652
2948
1914
6495
1366
6014
925
7782
4683
8226
8235
2094
3483
6954
3258
1674
9026
244
8777
75
3008
6609
9081
1891
3038
3306
3861
3208
6312
4702
7040
7923
9179
3590
6826
504
3340
7017
9822
1713
5170
1131
2347
4435
7281
1744
5821
3089
1444
111
3207
1823
998
6529
4656
6207
4221
3081
8055
5367
3172
6093
3972
7396
3924
8515
748
1800
6174
6759
4016
638
9367
4136
2675
5166
2688
6051
4822
6796
1137
2342
6818
4027
5890
9447
9362
3407
7910
4893
826
8864
3188
7980
5527
6251
4803
8526
2501
5922
2737
6429
7847
2979
8128
6013
3782
3382
4206
9494
5897
2063
6575
7823
2766
740
8329
9638
1058
1817
7564
5356
9570
9655
636
5965
6063
7659
1740
9997
3048
4522
3097
4510
6998
4898
7504
5198
9833
3468
141
3789
3338
4750
2417
8621
8397
2493
9279
9330
8374
5999
4067
1609
8244
5102
431
1780
3902
9625
964
3715
1481
7524
6649
5583
5875
2224
235
3439
6479
4918
8209
7134
7149
348
5723
2564
8245
8090
8039
7440
2832
5318
8239
8359
2068
3035
7250
6214
9082
6168
7293
6052
3117
2709
4118
9043
6352
9345
3989
8037
1069
5959
8288
314
6182
4174
9841
7271
6138
5679
7270
3859
1510
514
9252
4428
1332
8113
8249
8455
9973
910
8669
4148
7495
7376
6660
6991
7971
9736
9811
3682
3813
7427
4140
9208
8105
5688
2135
2892
2847
8577
751
6272
7578
2694
6871
9803
8970
420
6487
842
356
9597
3543
6934
5659
7434
5782
8390
5982
3467
1911
9115
3502
2222
9465
3593
5449
9966
3042
5110
7448
371
8151
9819
4897
7511
5002
8423
58
7721
9713
6259
1595
9498
2399
3952
174
3029
2129
1325
7190
3500
375
8916
9833
5005
8460
1412
1196
3427
7204
6041
7049
2073
3346
2119
7791
9993
5555
6070
9543
2515
6202
7415
798
8681
6729
3653
8068
5383
9673
9895
815
1808
8854
7410
4765
9363
7049
8395
3140
109
3107
8105
1864
3016
2579
2777
6760
4688
5237
5867
3669
2070
6904
7818
8673
398
9305
7481
4623
979
6065
5561
5517
1579
7880
9463
5883
1573
7684
7730
7927
8798
5730
8490
1478
7570
6176
9316
8432
7152
84
4298
6105
9479
2877
991
3240
876
1092
2752
3750
606
158
8406
372
3696
3169
4344
7033
8997
2112
6046
8199
4235
4997
240
8361
5485
7258
9357
4155
9932
2932
1191
6822
8632
5261
7739
3367
3289
3917
5774
7434
2106
5683
2163
6600
8373
5077
2826
26
617
418
2946
489
1879
4544
6639
1492
5341
5912
5575
7421
2729
4842
1974
1088
2928
2429
8945
9921
6759
5319
5527
9889
5277
6694
9028
7837
8476
217
4639
8195
436
862
6995
8929
9576
8984
4107
6412
5396
1292
550
746
3275
536
4971
9452
8832
7905
3718
1212
4378
4568
415
9023
8715
2809
4588
214
5177
1519
3645
9143
7483
4919
661
7811
5360
9599
9208
9988
3656
939
3456
4213
2390
4964
8138
6894
1421
9933
8477
9002
8152
8148
6394
1654
5030
7040
5375
41
8002
1405
7126
4875
4097
1362
2523
5507
9588
427
6058
1473
5581
1688
2167
7124
6238
2113
5303
3912
2764
5460
2331
4912
931
1821
6413
5117
4500
5312
3698
9528
6377
9750
6320
9234
3642
8370
2217
8053
4023
7359
4198
4757
4533
1432
5327
233
870
355
6566
1249
641
3067
1507
4819
6352
5816
3930
8133
5192
3149
2393
3769
52
4958
8365
7312
6506
1852
5349
4220
9839
8447
9566
5975
2582
8831
781
3113
8435
7342
9019
5722
110
1253
6554
3637
2115
5770
8694
1732
711
3931
7799
1982
1957
2538
7731
1226
5398
852
5600
7422
4334
8175
2295
409
2275
1168
308
5625
4041
9671
682
9705
1641
9191
9411
2571
9376
6662
4709
2014
1587
9853
9953
6620
8992
6780
2581
7859
6352
8350
7760
1806
8457
6580
5845
1231
8768
9216
2489
8155
9564
1024
295
8881
1269
6613
1491
9577
8186
8048
1404
374
7938
6344
4522
3783
8091
1834
4390
7567
799
9149
2537
2607
9396
8688
8365
5661
1986
7539
1999
1508
943
6159
3030
6471
7318
3331
9742
5811
6471
1340
8877
992
4952
7167
4791
7027
72
342
620
4851
5092
326
1342
566
8435
8809
1745
2952
1836
9100
5147
8136
7831
9719
6524
8446
6449
8836
8311
1772
4921
7438
9869
8481
455
1352
5387
1668
3372
7830
9690
7155
9349
1596
2868
6951
3065
5138
4790
7092
8994
3424
6305
3146
4024
3468
2955
3323
7081
2477
6434
3898
5429
6538
3105
7388
9909
8916
4171
8702
2859
7485
7251
8466
8341
948
8686
8183
4363
2863
4897
4979
504
7299
1652
3008
5654
6722
9560
3073
386
2769
8148
4496
7326
869
6187
3621
8885
1130
458
3812
4873
5152
7469
1044
8856
1954
6177
3768
6733
292
5732
7435
1891
5384
985
5789
5701
8717
7895
3076
544
6341
1057
6721
5274
5138
7040
9617
1211
4156
7757
1532
57
4721
5595
2765
4659
1881
2240
5599
3859
8069
9781
272
5846
6068
9539
2740
4376
5121
3421
4953
8792
7901
3276
1954
491
3556
4901
8595
7308
8991
3783
712
7009
7381
5553
3666
6969
6894
7984
2447
1617
3174
2294
7381
2021
1819
710
2363
3124
7427
5596
8563
2269
9836
2138
8568
806
2689
8092
2688
891
326
3101
7038
2771
8561
3411
8791
7950
1701
549
9470
4362
6012
5645
9166
9749
7488
6904
3108
5437
6
1945
8647
6659
6359
3774
9445
3230
3709
3115
1915
6812
7110
8930
8736
9555
8728
3029
2255
3494
6289
6850
2783
7363
4170
5900
7584
2809
4872
3978
5732
1159
4766
9929
632
2687
4706
6349
3726
8057
6698
9701
8793
6324
3795
2987
5555
1143
3646
2187
2078
5238
9816
9867
6469
6256
1028
4393
3950
2533
1702
4771
3472
6917
3343
78
2843
5588
8992
3226
9879
6297
7197
3405
5676
8070
6112
8140
123
4561
3079
3721
8937
113
6171
1445
3718
9813
8334
6102
2285
2014
4064
804
922
4380
9597
3166
8002
7366
1126
1546
8532
9715
9387
649
1387
5558
7539
6392
2572
6855
9895
3363
3923
1835
9409
3988
4852
4325
2684
8441
1776
1478
7832
1188
8039
176
7068
7003
9252
2153
7080
7216
1225
5019
3143
347
567
6712
9213
1444
2954
4426
4787
9885
8336
8169
3548
6779
4084
6837
6914
7669
1259
2883
7186
6052
5546
8229
6609
1739
2626
706
4809
2481
2442
9701
6101
9753
8551
7201
6213
5763
6921
7473
4221
9243
1669
4589
5888
1326
5051
809
9045
4077
5523
9320
2147
5419
4521
927
1679
6544
3362
9764
238
848
3098
3924
4057
662
8268
3139
4445
345
1085
4287
4011
6561
5141
1966
6595
5795
3179
7925
5191
2919
796
9994
1295
8955
6567
6481
7594
336
8536
8787
2187
130
959
6765
1783
8758
8892
277
2953
8043
3402
1591
5040
4691
9909
637
5303
3867
4953
8685
3678
6678
4888
4604
2698
216
3576
400
5606
238
4343
4260
771
1771
6971
2148
2308
2508
6522
4312
623
9709
3235
7326
1216
6149
8936
6624
2240
6476
5081
84
5821
6046
5581
1410
1783
2727
6191
4224
935
6781
9027
6777
9339
8413
3124
7245
7426
5198
8491
6882
6273
3778
6446
3240
1215
2571
7186
7066
964
1482
1374
4783
7096
9410
3663
9296
8363
6892
5633
9189
9281
6851
9377
8537
6231
3167
4460
3404
6679
2863
1474
1734
579
3263
4749
9928
7042
7417
8184
8607
9124
3512
9294
3714
8500
2808
1505
3515
3305
5098
7747
7154
2824
659
6516
5365
4538
4403
4376
5892
1206
4419
6868
9272
4091
4423
5509
8852
6507
4564
8078
547
3687
6347
5276
8417
9235
7571
8055
9078
4358
7653
7703
5645
929
5521
4448
3619
57
4958
8540
6042
3363
2286
916
9533
6123
6367
4858
6926
8624
1774
9590
1755
6879
6279
2299
3983
539
7495
310
5941
2566
1506
8818
9080
5871
7312
2362
2693
6168
5923
3164
8690
8514
1556
1158
7992
6103
1515
7729
7963
3172
6540
8070
5178
2945
9086
1537
1858
8127
3704
5793
3725
5005
4261
9192
5192
566
4262
6037
3218
6906
7670
12
9312
9751
1417
6687
7101
6741
6045
5675
3167
347
4099
2962
581
1041
8679
2720
9468
2947
5386
9628
8225
6478
161
1645
5744
2138
3702
4902
7211
7092
7228
224
8215
7623
6193
3906
3488
6934
4860
4319
3885
3641
389
5709
8526
3522
7716
6813
9842
1499
1873
6268
2869
5517
5835
3237
4198
3967
2228
4544
3926
4170
3705
5003
9836
1845
9328
1508
7110
977
6522
3168
4234
8339
7319
9691
7179
2265
5305
9292
7111
8235
7889
9460
2909
9472
1654
9028
7804
5338
4228
5688
6838
5343
4784
531
7331
7076
4410
8
3362
9384
8123
7762
1642
7707
9326
6465
9407
249
6555
8434
9169
8215
1902
1465
3614
6601
9335
829
3815
4029
8282
8753
2543
5480
8438
2443
8752
2570
5491
498
2680
8720
4724
9737
5249
3991
4940
9442
2703
2120
5806
4209
9986
1972
9532
1326
379
1725
2193
7494
7419
3934
2058
5695
7286
3960
2062
3590
4615
346
8911
791
2157
9405
3305
5432
7763
7913
6951
7650
9406
5544
8757
429
4495
8869
5471
632
5416
9007
8249
4785
2027
7376
5896
4727
9854
5940
2365
7849
9067
6425
3602
5242
9108
7106
2109
7012
6115
6631
4737
6806
3392
6013
4756
4668
3132
7006
9516
1978
3785
6404
9506
8548
8460
4215
3128
7852
6699
8912
6198
8969
3393
2345
7360
7376
9489
3876
5444
8610
6391
6677
9920
2354
9769
1500
688
6961
4348
931
4885
6680
5875
9952
9489
4753
9314
7543
846
7506
3426
976
5918
3576
7453
5152
8078
8076
968
6518
228
7556
3089
1573
7703
2521
9278
1625
2317
8991
1380
360
2287
8023
5705
662
6137
5549
337
5220
1998
4254
1205
9815
8265
8411
1827
6849
9870
226
2606
1998
9870
8879
6309
8092
4233
3343
161
8311
9934
4764
3336
1169
7342
2682
144
4907
9311
2188
5229
5299
5228
1828
9562
7978
4250
774
9654
2320
3349
7975
8374
6429
728
4887
9497
7311
732
8296
9337
9196
3224
6346
5132
7523
4567
5109
3946
3763
8119
5842
1913
3639
5917
5927
5029
1564
9861
493
9179
3889
3623
2446
8100
9354
3190
1664
9823
6881
7027
3417
4679
2649
7854
6511
9860
4384
124
9149
4893
2193
8388
4355
475
4467
6035
235
5224
1570
3055
515
2342
3528
2185
8428
7789
519
4507
654
892
6341
225
7158
5665
3541
2917
1037
3
8462
450
7078
4620
3546
7258
403
9861
2317
3315
916
5161
5936
1692
9966
427
1705
9485
2100
8180
3017
1548
9861
8900
9186
9148
7489
8778
738
4816
3321
9327
4944
8446
8706
7788
4834
4142
9366
4363
1368
993
7383
7211
4249
5999
2177
350
4697
8568
6091
5517
4339
5420
6489
1243
6889
1063
97
2214
9813
2820
1351
2666
1850
7554
3320
1535
28
6228
3199
3459
8873
3346
4120
8707
450
9148
5183
8002
5962
9391
7332
2316
2843
3312
3789
340
6175
7014
4759
3466
321
6468
4411
6392
7344
8820
729
5035
1437
5759
8356
4127
6114
8968
5386
9555
1711
6008
4493
6700
8562
8788
6835
3046
370
3020
2999
9909
1897
2973
937
8089
6395
1125
7433
9487
199
3942
3403
8388
8153
6323
1719
1124
2377
1736
5313
5729
2740
6359
1024
928
820
2893
6860
1694
1103
8339
6649
7392
3017
7007
5323
4055
4615
9851
6021
4465
2273
8733
1361
1740
3523
8342
1406
5142
225
7623
6417
8177
1668
9116
4010
722
5733
9788
3525
6008
3044
1737
6152
9657
8933
6738
7519
5400
9784
4361
5602
6083
3204
1502
8960
9977
2400
3433
4635
1625
1901
5671
1743
3013
8531
8188
6384
6630
6327
3671
5983
7272
198
1539
4408
4982
8768
4569
6876
5233
4339
2307
182
2601
6291
76
3627
9518
3764
5283
7891
5712
6100
4702
7999
1859
6407
5690
7014
4495
3007
3841
4704
1347
4680
8149
8094
9113
8302
6040
8387
8853
6604
9998
8995
3191
114
5642
6487
7984
418
7621
6730
1489
2327
8766
3396
7790
2306
3275
7984
2706
370
4253
3483
2412
3167
9378
7676
4919
4468
1363
8682
6232
2550
6846
9935
5888
1477
2398
8455
4081
1359
7766
8820
1822
6459
7517
1890
619
8024
690
8866
1843
8019
6961
3381
4456
8687
2926
5351
7060
3828
78
3093
7311
1126
790
5468
8986
1249
2251
2000
2247
7566
3623
3925
7100
9301
9661
5646
6028
8047
692
5087
4213
1542
8000
8513
4521
2283
7150
3410
5652
9444
5245
7271
6780
3904
2746
3567
1335
5176
6276
3780
1974
3988
6255
4417
9150
1047
6996
7675
3911
9161
2133
2349
5662
3967
813
5652
8165
9080
8982
7827
2251
9142
8052
708
1558
999
4607
1004
9483
9488
7455
4714
4720
613
6848
9084
8522
4983
9636
5405
4336
9018
6567
9727
1856
9266
1998
4737
447
2330
2713
4029
7532
2992
1960
2225
446
5904
41
9895
204
6876
4879
3747
6331
8661
3710
8281
7890
6136
5347
8889
6233
5464
3169
4232
9680
7028
2006
4956
8060
1044
4300
1539
2236
4885
907
65
8506
2943
4251
4852
4444
3616
2760
9877
4330
455
7454
5214
2475
7534
5732
66
4664
4805
5269
9597
7442
8487
6281
922
2655
8315
4642
4587
2511
2506
5170
2888
9709
3639
186
2439
7488
9776
909
1524
3554
9952
6068
6797
9288
5758
2746
3837
9040
4501
9671
35
7609
9137
7706
3470
5996
4979
144
1319
9464
8577
5873
1035
6315
5709
9113
2052
1484
7040
7444
6979
997
1283
5475
1339
4335
4218
9371
9245
741
4798
4204
108
8363
5269
9487
9612
6439
4095
5081
7356
1229
6976
5388
3149
9240
965
5885
2878
1476
9493
2704
8438
3721
917
8223
4173
7698
8440
9658
838
3580
2882
488
525
9434
2759
4875
9001
4533
644
4770
5247
7472
3641
856
7539
7721
4898
2217
395
2860
6609
1061
8994
7730
5946
9421
7397
2934
4475
3067
2717
6360
6117
1422
4506
9467
6011
7202
7657
2521
2038
670
834
2774
6946
7239
6320
4689
4361
9122
5293
3287
154
2999
9562
9906
3158
2689
9208
6239
1207
4401
8166
4637
9564
1315
8311
7793
6437
2296
6447
4983
328
9810
4714
8802
1102
8094
5113
6853
4094
1948
186
1402
7747
4954
8770
5519
2476
6878
1114
8033
7552
9922
6691
8224
1627
5882
1400
306
282
7553
2239
3251
639
8033
4251
5354
9841
3042
4577
3191
9588
1866
3204
7321
5872
6850
3727
1356
1313
4697
2031
7967
8138
5409
171
1539
342
3255
8048
1632
2205
3393
157
7314
2111
4864
680
7488
4080
4021
332
9917
1504
6320
7616
8183
5909
6451
8212
2797
1272
3989
4730
9646
8345
3106
2751
2413
3328
6752
1301
3296
3745
1372
1342
7975
3307
2067
3943
4233
797
5421
2831
330
69
8627
8338
8970
7719
5873
7286
4631
8598
8087
1873
8770
7954
2505
4453
7375
5678
278
5673
9814
7548
86
5334
6374
264
7597
3675
9737
1310
4748
9261
3843
1977
6534
8110
3924
4488
4096
4728
7565
4271
5170
4519
7343
8616
3530
9472
1759
5843
1040
3138
6437
1873
563
8904
2004
6041
5010
1447
580
758
7304
2698
715
8077
9934
1384
3242
9726
692
543
371
7718
2235
7391
360
8991
41
5349
4527
6069
4063
1378
4707
53
9320
9512
2676
340
8263
113
8237
5225
3155
5051
4198
6408
3071
9764
3072
9036
8258
4942
430
5840
8069
7566
4099
9243
202
5079
1430
694
9306
4510
4242
3754
87
7098
2858
4267
5616
8043
9465
8187
9059
84
280
3180
5772
7045
8889
2278
7004
5097
848
6337
4357
6265
8642
4960
6353
1035
5717
9946
3411
7019
455
2134
9557
6723
7738
8690
5280
9530
1020
8240
6202
103
5654
5582
3770
6625
4202
1456
1703
5669
447
124
9566
6770
8362
5970
674
3588
3538
4310
4990
3675
4981
1276
9910
6023
121
1518
2876
8322
8650
1692
318
7322
6930
9713
3580
3914
6968
1695
2551
2101
4911
3462
2725
8286
1230
4454
8722
2486
1360
5326
5376
915
3794
7504
5486
8921
6698
8435
8871
2727
7591
2660
5730
9009
9027
5866
6343
1254
516
3349
2977
3101
5394
9171
8094
4849
8788
3486
9571
8342
899
6021
3836
2438
2496
8406
2466
7805
801
8101
534
205
4758
8155
7177
7999
9258
4349
4462
2295
6789
1800
8663
5074
3710
9446
796
1247
1294
8528
5594
2407
5136
4129
5559
7082
4964
3138
8228
5608
8179
4455
6572
4472
9612
1493
1113
7128
2621
4062
9094
9826
6653
9323
7038
9256
3078
6692
3219
7516
833
2047
2619
926
2650
5059
7749
8210
2562
5848
7370
813
8306
654
9934
9388
9421
6230
8421
9969
9823
5392
3010
6715
898
4513
5403
6337
2879
6081
7784
7739
5953
4735
4186
8718
469
8354
2953
9969
4125
1213
4566
7088
8725
237
3295
9821
621
178
3777
2653
4740
3032
7143
2870
1830
1217
1280
4740
9788
3424
6143
2962
609
676
5244
1931
3349
2256
6040
1421
2875
6611
8813
3830
4093
8041
7300
1182
7151
2653
1024
7537
2049
2169
9800
167
8253
3116
8578
1650
1969
9238
2731
8276
5591
179
5475
9898
623
9874
1109
8344
2206
9248
7092
514
848
1990
2304
4997
3128
8284
728
2416
3209
1080
4026
2194
4829
6887
1638
4321
6130
5415
5697
500
9653
1967
1124
2638
4070
2523
1108
9400
3947
727
6701
2905
3056
983
1112
436
8844
7570
908
8062
3568
2505
4928
2091
1032
9255
3070
8469
3860
8086
8660
3559
7728
8315
8212
1116
9710
192
6571
2671
7254
7517
2558
2126
2932
7313
8864
1888
1103
1298
7248
5776
2410
8591
9743
8854
8147
1663
5024
8816
4601
6744
6072
4578
4251
6157
1669
311
4268
8245
6923
1970
4562
1700
8569
8294
7949
6120
6619
4254
7829
2658
4728
9609
8588
2991
5979
3494
2338
4387
9775
521
5080
497
1299
5783
4508
1944
7501
3283
1907
3005
107
8117
9940
4657
2084
3364
1809
3840
5741
7104
2417
3206
6840
2254
9225
6397
4183
6497
9273
7191
2670
5185
6306
4100
998
1595
1093
9649
3694
8053
1047
6413
1116
796
1793
6697
5250
428
3763
9228
5035
4683
9656
8288
8932
8434
3877
6524
4199
409
5771
2255
9939
7070
7981
4902
9528
4482
1099
4538
9694
64
6988
6729
613
7403
6202
5023
5798
4931
4487
2432
569
6531
1390
1861
6560
890
2709
1537
2400
7507
3006
6479
7088
5652
4940
7674
6939
9392
4770
5368
8015
8281
1911
3844
7991
9509
2742
8471
1910
4092
4914
9346
9066
5020
9159
8874
6896
2104
6603
2512
1590
6243
7668
5804
6635
1077
6531
3061
6867
2489
414
7888
7383
7811
8667
3347
6281
7392
8215
3413
1221
2843
5255
8596
5874
3385
3062
1634
3384
7811
4686
1100
4460
7230
2802
920
1831
3272
3447
8507
5445
7648
8898
405
9768
4402
2204
6954
5149
3935
8275
9133
1894
2565
2394
2875
3799
1616
7473
97
4396
6108
6735
3530
3495
8006
4843
8649
8088
2990
8426
9152
9156
8075
2515
8779
6120
9931
1007
9116
327
2005
6156
2484
1615
3502
3824
202
26
9187
3914
4251
2304
6601
8420
2510
8890
5583
9380
2690
5681
1117
3475
1207
1829
4732
5445
7254
3418
3409
1574
4334
1964
8631
1990
1196
8643
4568
1835
2230
7697
9304
6326
7844
4921
7854
352
3707
6570
479
7714
2999
3800
8969
947
709
5164
9081
220
3050
290
2169
7640
772
4928
3338
55
2827
4310
8729
9665
9779
32
929
664
7728
5337
5806
8327
9190
9754
9465
1191
7117
3296
485
4800
1229
2044
1684
7675
7868
5843
8438
4054
6465
8038
1648
2129
3172
5004
2933
7894
5412
4507
6788
1478
900
9669
7805
7389
851
5903
6977
8103
5654
6061
21
301
3189
9737
7826
7495
6799
8003
685
8246
3466
8770
8158
9737
443
8169
911
7388
8654
7012
8339
2818
6339
8737
7472
8711
2677
9228
9834
2136
1496
4051
2846
8366
1310
2232
3591
6709
3078
1285
2241
9994
7411
8905
2888
6963
6084
4273
8779
6025
132
9586
7539
6129
5360
2930
5306
8664
5713
4806
8042
6892
6806
5062
2179
5655
2735
701
9767
3366
4967
5149
1862
2297
6911
927
5442
8499
5939
9144
2558
2080
3772
8119
1112
4230
2305
4778
127
2469
2811
6496
2291
2920
9284
8026
3528
1181
9626
9323
6342
7233
6581
9903
9809
1620
7299
7255
9744
5692
9005
6738
3899
454
7912
4583
662
9703
1850
7422
9780
2736
9590
3759
4026
8112
8806
1411
8274
8547
4324
3015
2936
1192
9909
3998
8565
6417
674
1174
4693
5811
4645
4163
5975
974
9068
2887
705
1942
6653
6195
9149
6239
5319
2151
4099
3304
3440
325
900
4830
7104
6868
8881
9537
1721
896
6374
7731
3009
1407
935
8492
8334
9839
4869
7772
6382
5594
2668
2264
4463
7035
2844
9221
9057
8379
3858
7603
4902
5780
3587
3200
1891
5607
8421
6158
5319
9896
8121
7246
3908
6631
8008
7291
5870
4858
5593
1556
8703
3333
5741
513
5429
7084
8855
4583
3833
4319
3067
6214
2445
4420
1874
8543
4705
8403
2727
4211
8113
186
3618
9191
4367
8225
1262
996
2456
5592
8200
4026
1558
6012
7462
4181
3458
344
8626
5720
9859
184
258
7989
7128
2297
9446
5054
2765
1005
8925
4614
7565
8042
4051
3329
7061
4722
2923
3818
1201
1389
4869
4115
2965
6722
1981
9975
8730
4581
8224
8716
2003
8538
7211
8180
1818
5463
7506
2242
2556
1464
521
8841
4846
8060
7730
8160
9355
2605
6324
2514
8251
2573
1685
1906
5617
156
6292
8716
3313
3285
6757
4711
9948
7336
1274
8214
8745
3667
698
6558
3266
345
3776
5153
8744
4836
4931
2505
1540
6231
2653
624
1932
3532
6795
8028
6030
1949
3200
3752
635
8878
4934
9806
35
295
5458
673
9257
5455
5731
1430
2706
1827
9255
3586
9872
5031
2857
7294
9430
8563
4507
5992
1223
6111
8667
1540
991
3353
2262
3519
2653
35
2758
3251
8715
1690
25
7639
7484
5440
7488
6574
3201
1179
5664
720
8888
2711
5240
7509
546
7382
6303
9053
5535
1736
3562
7070
4633
8726
5688
5733
873
6727
1018
6829
5929
1189
6433
6957
7032
6618
549
2059
899
1237
6992
5102
2198
1305
5573
9858
1023
8660
1760
3461
2891
3852
8508
3966
9967
8341
5755
445
4133
5616
8261
4397
6449
1358
2655
102
7103
1202
3607
1648
3163
5252
3819
7857
3549
5185
2403
9655
7855
1888
8097
8418
3980
9088
8899
2936
5766
5789
7298
12
7524
8689
5083
3449
1143
6950
3688
7016
5303
3802
5770
7249
6686
636
6036
4893
4049
3523
4615
9802
7271
2446
9062
9704
3687
5078
7141
4705
8722
2575
9827
4406
9834
8605
8625
5076
1742
1476
718
9845
7043
6776
5632
3586
3680
7186
8929
6054
6070
7172
9460
6254
4938
1331
9410
4173
7553
2435
7670
6972
9063
18
1073
8847
3211
2698
9786
1346
5402
3658
6310
4466
2695
6030
1424
6680
3380
5258
2421
464
5824
4294
4478
1000
4989
4883
7131
355
4876
796
7609
1758
6984
7399
4751
3130
9324
2859
4171
2984
2769
6700
2836
7395
7575
4529
6619
8902
9743
5847
9091
9758
2404
2670
2986
3418
4404
9857
1715
2416
8526
7939
8274
7273
8074
8357
2467
7868
3279
8548
5879
6217
6901
4751
5980
1419
9672
8022
2039
5136
5397
4142
8193
7381
5492
6161
5211
1850
9986
2146
5712
2918
2330
4878
7846
8291
1184
7182
6175
7833
5930
2041
4082
2633
9227
1094
7969
7311
1276
3055
5304
5515
4489
4034
2897
5897
9670
2433
1238
5308
2460
25
8548
8121
2340
4015
5832
1295
831
1462
1145
9509
3808
9630
5153
4684
822
7318
2105
868
2697
2626
4880
4666
3680
1639
8136
3070
9021
2963
8654
3634
6806
8219
3764
8447
8513
6924
3980
1522
5819
4770
5011
4804
3925
8583
5815
423
8139
1507
1607
2251
2
8706
4326
9425
2846
3427
8027
7719
3869
2540
3895
1458
8771
6619
276
522
8499
3303
3703
3967
4839
9206
5442
5449
7021
5592
5369
3069
6766
4576
7054
7963
4843
7810
7339
9412
1222
8759
236
5290
650
4686
3702
5999
2217
3342
5160
3455
7136
6038
9004
9930
1256
1637
9306
1545
3916
37
9066
5218
3154
2929
1795
7943
9128
744
8549
536
2445
2458
6288
6841
137
9295
2030
3262
8041
9735
1540
5874
3579
5548
9440
7527
2978
4387
6927
5512
9366
4146
2318
2475
4508
4795
7707
2338
7310
6326
6056
544
1254
4606
2458
4104
8796
1585
5316
3489
5834
1611
1515
8951
2376
1052
6950
9499
3272
3269
9605
9242
3616
4451
2410
9834
2048
7346
6216
3665
815
4706
518
208
7335
3079
4848
5261
4985
1514
2379
5006
6158
2301
4195
6545
7595
7740
2595
9577
2207
5471
1279
6530
6861
3660
8337
8438
8785
1145
4271
4856
913
63
8838
6557
2705
1434
2213
4890
9091
8157
7960
153
6377
9362
3358
2277
9944
1535
2570
8981
795
1140
4403
726
5057
3009
4504
7904
7028
6325
36
2698
4663
9377
4249
3498
9771
458
5805
2884
4862
2653
9134
8532
8192
1213
6578
6423
595
713
6143
3923
3999
9417
8196
7528
2288
9494
7138
6078
1341
5145
6363
8109
4837
5995
3845
2731
7511
6972
6843
2127
6574
8960
897
4245
3175
5539
6673
683
7185
5245
4503
792
8208
4513
4629
5708
830
1823
1732
2723
2175
6282
7512
9091
2799
4675
8862
6644
3866
2516
4772
1359
6439
3977
6389
3263
6370
6808
8273
5476
6389
6513
3413
2215
1218
2593
8683
6760
2368
3953
1441
9683
8479
91
5534
9585
7241
2364
1447
5962
1543
6709
1261
584
1502
1835
8992
7366
4244
8255
6708
6872
9619
3800
6782
805
1272
5052
3627
2334
6776
6398
2045
7698
2865
1009
6259
1818
6824
458
4196
2080
8388
4963
392
9773
2533
6748
5411
9167
2594
3933
6607
1577
8127
8582
7684
2020
7671
7191
1383
4260
3132
1611
7741
6037
7640
927
8586
1156
3134
1041
9818
9690
98
6275
8378
5523
7010
5423
6180
989
560
6037
9990
6156
6509
9119
3006
9178
8547
8693
3460
7884
5455
7004
8084
6079
5977
7002
2438
5137
7553
3525
3564
7741
1288
5497
4743
5726
3272
5336
8902
6724
945
9595
6893
5940
5745
6487
942
5818
1279
9499
1558
8810
5269
9334
3062
4069
6775
3141
7324
3254
8564
6346
6734
4203
3352
1912
4099
3825
9451
8795
2558
1065
9482
9860
903
2887
7344
4562
9544
217
3600
8429
7665
8500
658
5915
4728
5113
8312
3221
497
8215
5547
2708
2005
2010
9735
6069
1970
4738
9247
2172
8207
1710
2975
452
8986
2183
2428
6036
704
9961
3690
9901
5721
5020
7674
721
5197
5409
6397
5278
9239
1592
7610
2071
1588
5150
9080
2787
1336
8723
6937
4447
8862
1786
979
2574
7289
8617
3819
7793
9771
1376
6496
706
3841
9015
7298
8250
3914
9360
509
8243
6531
7308
4438
5943
48
7689
7408
7959
5928
8553
3691
6328
8590
4286
3787
6743
167
8177
3872
429
4253
898
6215
2974
7855
6713
9212
7819
6690
5867
2538
1544
6249
8568
8401
2936
9004
7553
6419
7876
4120
8280
8795
7866
9843
256
8282
3698
3434
7522
8143
8204
9097
353
7827
6389
5526
3558
2206
9145
5898
3973
6345
1842
3501
3568
5169
4478
9197
9578
9060
4111
634
1779
5564
2060
9074
66
7397
2548
820
3282
6573
3954
1875
6899
1143
9309
3977
4881
8555
231
1493
514
8862
6149
9090
1000
985
7085
4438
614
3928
3755
5204
3712
9586
4239
4222
187
3104
2432
2906
979
5900
9844
2783
3211
7432
9927
2141
7199
439
8312
5895
1590
2124
3972
2766
4339
1149
8938
219
6619
5987
1437
7976
7553
5313
2856
7787
3868
47
5195
6432
1082
7026
8612
3731
8814
5033
137
9367
196
4118
1346
8885
630
6856
9491
4244
3223
6113
6663
4209
844
6121
1416
2939
2394
9438
7947
4478
2043
4597
4281
7018
219
6178
3367
1984
590
3903
3895
5273
2036
605
3495
6226
5684
7797
1816
1127
3606
2425
889
4107
9549
7005
4033
4449
4113
2619
5452
9035
7067
6439
3693
6860
5737
4671
4225
9516
7265
8206
8276
3064
7251
2207
1037
6547
7911
6120
1620
5549
5829
3994
1188
4685
3283
3347
476
5294
5305
6238
2047
3092
9504
6392
3179
5834
7321
6256
9847
9610
5771
7834
9989
8680
6068
2991
1447
7483
5632
3589
5054
5944
7943
9959
6141
2188
3921
6561
5548
694
2293
5738
2056
6816
3167
4061
1720
4744
9247
8326
411
8095
7934
5270
7277
4221
8076
2291
1960
2654
4997
4623
247
2957
3298
3955
7254
9676
3627
5561
7813
1133
8202
6035
2300
7808
6843
3610
6296
4810
2399
9910
4546
7374
6352
1383
7281
3690
8399
9422
3206
7089
6345
236
278
2240
4200
8916
836
8911
8629
8479
9628
4647
4860
6477
6189
8314
4280
1122
9774
5651
3277
1765
7697
2507
3284
8320
1492
1125
6321
6036
9476
9831
8800
1629
8732
3269
9022
6910
9132
8604
9508
5912
5365
6183
894
572
2112
4290
7210
8203
6094
4921
5468
1221
794
3483
2382
4166
2203
3745
3589
6858
8662
4997
703
1081
3488
6000
5384
2883
4816
9188
1707
4136
7763
4659
4885
6900
2137
4650
7574
4582
4445
4670
3649
4812
7667
9665
1555
6461
5161
3025
8944
882
9776
6366
9209
4370
2276
4357
3945
9544
7590
6669
799
803
5179
5197
2950
7754
4749
5913
4543
4138
9791
183
9104
109
3694
8674
678
2889
5923
1610
1382
2722
1894
3126
7362
9549
2684
2152
2055
7218
4944
3947
3378
7900
7904
1771
2322
7889
9918
8896
9929
3561
631
2025
2237
7100
369
5425
4779
9069
1597
33
7755
1709
5275
1042
9646
5501
5021
2188
2468
9428
5972
8496
9066
6248
4439
7855
4784
5597
1858
5413
1913
9031
1354
5958
5787
7966
4878
4915
9367
4461
7098
216
8291
2087
9317
6533
5826
359
6778
6039
3685
1442
9348
5651
26
2667
6835
8302
9731
6722
4795
9596
8098
7306
2635
1491
8688
5445
4523
2331
2301
3487
8686
7716
5505
3540
7271
3476
433
1599
1720
5115
1021
6560
5302
2821
9703
2456
9641
8284
8846
5332
5743
6632
9720
9396
5487
1940
8734
5959
3579
5965
6737
4757
126
8169
7386
5768
501
8322
1615
1528
7179
7822
6338
6178
3517
2028
2723
7124
1564
2765
5142
8407
3936
6957
8703
7722
1721
6892
6842
4023
3105
2046
2503
6468
8014
7883
9378
5032
9507
7123
8337
9735
4774
1778
1334
3948
1372
7964
8612
5666
3441
8197
8879
832
7012
3391
9516
3151
6046
9585
119
6953
2259
3313
3956
9903
6081
3230
765
5686
4485
5340
3161
7408
414
7532
3150
1955
9
9767
5726
280
8923
9464
4204
9682
8701
899
4818
9160
2817
2342
2875
6273
4436
1274
859
6395
9484
1350
670
7464
9952
4144
4462
2262
7718
4512
6238
5449
7079
1044
8051
904
6063
3642
4691
7184
5841
8477
5909
3993
9959
5038
7384
4819
1271
8558
3040
5916
9138
598
1162
4785
662
4916
9617
9806
5187
1298
1129
9732
1786
2772
473
3382
2432
1582
1222
2032
2307
9072
6026
9125
8356
8799
1651
7843
530
7777
8887
6549
8615
1492
5509
6533
2540
7531
2104
3452
8680
8134
4757
1815
9445
2573
3251
8343
1267
1850
2426
9238
6038
5280
9379
1137
9355
2027
6928
8998
904
3061
3157
59
2977
8210
2595
3272
438
5081
5110
4611
1289
9168
8868
9766
94
9571
4965
2623
7372
9776
3938
9412
3808
3074
3047
9888
3152
3303
8578
8431
8125
3648
1325
7394
8401
6950
5544
1279
9832
3203
6335
6104
5692
7876
3387
8598
6616
201
84
1538
9582
5221
1972
3759
5428
7657
3655
6456
1768
7560
8590
6578
4213
5670
5955
6765
2686
7666
151
4012
4535
3133
7431
2030
3074
4917
6110
6665
567
563
3235
51
1229
9918
6530
6732
7589
8297
1513
1019
3719
4656
3193
3843
4388
1274
3260
5185
313
8891
4005
6757
6581
7609
4627
5419
2786
1881
3824
5781
4815
7830
8102
5607
2446
6349
6353
3454
6201
7047
4944
5101
2336
9348
3876
2326
3597
2432
3563
8114
4745
1477
9750
4237
1063
2269
9526
5041
6542
6642
2342
1837
5636
8197
1138
9985
5189
8919
4325
1161
1059
5623
9360
8227
4968
6360
4598
607
5174
8429
5476
7971
3392
3652
2814
328
7857
6237
5557
3780
5370
9078
6196
9269
3514
8484
1786
9990
3621
4768
1906
7297
2663
5099
3837
7169
4882
8735
8610
7059
2754
3444
4923
6169
8050
3932
7873
5466
1816
92
5538
4153
4635
1095
4542
8609
1509
632
7522
1754
2755
9708
7675
6090
5017
2137
540
2315
7698
1295
2411
676
4325
6058
3413
5079
3428
5473
5058
3319
4446
7502
307
7396
2740
9850
6728
8821
7865
2548
1758
4816
7858
1918
3957
25
5165
9781
4480
9332
8638
8187
278
5032
6836
7906
1973
9747
3018
1927
8678
9748
7705
9768
4939
4985
5210
2451
8533
1909
650
8205
4675
637
8471
764
3092
7904
5879
8306
4237
6193
9831
1078
4023
9746
5633
1552
4335
8591
1175
5553
4737
3732
2795
9437
9551
2907
7857
9382
8202
9478
2988
9622
2452
6421
5077
7961
716
4293
9675
8068
7480
4550
8452
7798
8865
6838
817
9273
8616
4927
9839
6837
966
2346
1338
2242
1346
6607
860
4823
3963
2507
5043
8916
373
2427
257
8328
705
1771
573
4160
6756
118
3014
1613
889
2841
3016
9296
8115
4648
8759
3781
8363
6076
7640
938
424
7608
1808
1098
7692
6727
3635
474
4202
4597
9918
6670
1590
1046
9889
8473
5365
3766
2388
4608
1428
381
4186
3898
1556
6478
9411
5286
2530
2509
2523
1929
9413
8236
7888
147
193
1216
1441
4956
8264
1604
7121
464
9104
5642
1531
2756
7152
7017
2032
5219
3155
4456
667
4826
1631
2165
3366
1501
6528
5906
3781
8388
7934
5180
3520
7237
1549
1642
9359
4367
8146
8991
7741
2320
8435
7147
2271
8132
967
8388
5646
1882
6637
9245
1136
7061
2857
64
