6971
2780
4115
1972
6036
4496
3144
6524
5983
3049
5909
1825
5154
6582
9639
9871
2177
8737
2384
883
3353
3812
3220
9329
3061
5099
5873
3889
4897
5220
2296
5669
8345
6387
2140
1222
6092
2354
3126
9947
1027
6998
8546
5467
2744
253
7866
8954
9972
931
7533
7936
2953
8611
572
8007
6553
2970
6177
7731
2497
72
908
6812
4598
6608
8763
2902
7482
9743
6357
9170
5227
6425
1283
3517
3033
9102
8875
8774
8721
9532
7515
365
7338
1838
8079
9719
5739
6258
4287
9742
3896
5641
7671
1781
6711
7831
5956
2954
1283
7338
3336
644
7837
6455
7099
5723
1145
5232
5390
6902
4716
7793
8124
5152
7376
1450
6576
4164
4385
8407
4445
5016
3111
8747
1918
6614
6369
7372
5755
6788
4042
2055
8308
6661
5035
3844
4957
5529
5165
9588
6870
8703
4137
7303
1478
7003
8509
394
6196
8067
1085
3005
3873
4387
1476
6403
1013
8368
3990
9634
4628
634
8676
2379
3405
4314
2490
739
8239
1547
9144
6752
8745
2869
9995
4671
6444
7156
1208
3426
7998
9575
3972
7799
1374
5748
5315
2515
3327
7417
6459
4431
9956
6078
932
2936
2470
8087
8542
2650
2565
4165
7327
1719
8040
2267
9688
720
1154
3581
722
5846
9156
5445
9658
6667
8953
7632
4679
210
977
6901
5300
1541
8685
3158
7838
4740
3940
5199
7947
4331
241
6155
85
1453
3338
6645
2962
5741
3196
7948
8673
7051
6216
8112
6227
3115
1908
3241
7540
3473
9679
3192
5493
4024
805
9348
3351
9267
3531
7158
7877
955
5176
2753
8238
7494
9105
8888
9678
1849
4591
5748
3817
6948
5438
7309
8707
4444
180
1221
9630
2662
380
5284
5681
2238
6751
2638
5170
7255
3151
7841
7312
8013
639
3163
3807
5223
9073
9480
688
5881
6205
3176
8413
6245
3915
8047
7774
5681
8174
9575
2443
9204
8829
7904
9838
6601
9759
3207
6995
8646
7859
2244
2336
9207
185
1533
7131
9587
1168
5464
268
6673
6140
1774
945
1491
2355
3963
2568
3231
1237
3746
9580
3343
5974
1774
1262
2959
5674
947
9935
8180
6347
818
8344
9547
9802
9227
1495
6543
6064
5725
7206
7476
1071
8873
9033
4801
9594
7973
6868
7355
2509
7724
9511
1083
4538
6658
3575
3986
4994
2533
5018
2947
7581
960
9230
9022
262
345
2230
6493
2709
4410
