9504
9418
6947
9847
1209
4573
2801
8298
8133
5078
5380
1505
8846
9035
7204
1895
4986
8510
5454
329
9384
9375
3104
8872
6329
9378
2131
4140
1881
1339
294
7845
8728
4902
2771
1869
7466
7475
3168
9706
1287
8190
340
1983
5295
2781
3875
9234
9630
7954
5784
3720
9848
3840
1278
6861
1729
1435
1836
6992
1211
3096
8587
3482
9389
5555
3573
8447
893
7648
6443
4541
4266
3033
5138
5057
6088
485
4636
1514
2856
8202
6079
5557
8787
794
8356
9223
7140
968
9214
9209
2175
3502
564
6429
946
8199
2829
3936
614
5111
7271
1192
9602
5786
4180
748
9084
5322
530
6482
5852
2602
9925
9891
1104
9919
7620
9035
6822
399
3900
1277
6841
7745
6885
1475
4122
6740
799
867
6938
8124
8056
7390
8274
1046
9325
194
9712
7645
8570
7647
6190
1461
1840
6854
9952
7269
9138
4364
3338
3170
3820
9839
7644
8422
3265
3600
1771
5343
8335
4318
6445
8979
193
9939
6192
3729
481
1176
1831
5732
9144
2292
8578
1553
7171
1809
6953
9743
5939
9823
9734
4054
8690
130
252
9983
8701
3719
2199
9596
6514
5764
7297
865
4231
1661
158
4303
5652
1282
1637
3042
4223
4869
3452
752
3202
2074
7055
6145
27
712
6700
7598
7408
4396
6478
8867
6348
4364
3011
8318
139
7305
3644
9513
4430
7373
5410
3892
2139
7844
2399
4779
7252
5832
5104
5175
578
6932
7989
7584
9118
890
4929
2512
3179
688
4597
9235
644
3476
9044
7834
718
2801
1058
2271
1433
6282
3582
4467
840
8355
2105
2867
186
5022
3185
2394
5925
2515
8031
9855
6047
537
5162
5006
8744
7521
7013
9813
5063
7315
5532
533
4255
4784
7542
6552
2861
8805
2247
3377
5361
5761
1125
1983
3031
5918
1045
5388
6689
795
2002
2338
1603
4810
3417
6317
7578
5397
8851
6460
841
2428
3488
5888
6626
41
860
3815
8366
6165
8529
386
6921
2483
905
3058
2413
8890
1902
3394
1625
9920
4625
9006
845
2513
6755
4593
8853
2287
371
300
8095
7556
308
7666
8363
2866
8857
6576
4623
1708
8752
1626
7716
2957
9145
7969
4544
9094
3746
6192
9857
9478
1312
5942
1218
6481
9500
4734
8365
579
6663
4297
8717
2830
2587
750
1615
1438
2448
9191
5477
1342
7704
7005
1974
2068
2232
5214
741
6903
7475
7306
4781
753
5236
5438
9430
4927
6472
583
5926
2453
6581
9976
983
7966
9579
503
8272
4705
8774
3425
2963
9360
285
1006
1683
5882
5114
8671
7328
8496
4710
4036
49
7445
9248
5658
1068
5438
3034
609
7781
3193
3537
2588
2976
1402
2631
2834
8388
7808
6206
8737
7263
3366
6419
4114
9200
6389
5844
1799
1877
8054
2495
177
4177
9494
3145
8895
9113
3459
3912
2416
6556
3747
6350
2777
9613
307
5138
5715
7182
3405
4924
59
1051
3651
6461
6685
5472
295
953
459
55
5517
8482
5574
9810
2776
9298
672
9521
1793
1653
8728
5985
4871
9392
6692
2258
1424
5778
5997
450
3437
1237
9348
2779
9915
817
1682
7718
1958
9278
4830
5163
9720
9491
1879
4439
4735
2944
6497
7719
3517
3732
5037
9767
6057
9004
8000
3570
1010
5897
5925
3973
5844
8284
1103
8004
4195
5585
8103
4744
7540
1206
2516
5700
8732
5958
808
2131
2239
8822
6070
5697
5914
4842
6018
1426
9565
2037
4833
3186
4800
7484
4816
6857
4422
4134
8832
5178
3023
5938
430
4281
599
9893
3713
1848
9340
8815
2941
7532
6189
3416
7588
6352
8893
8764
2668
1014
1127
5136
9452
4165
5996
7999
4207
644
9175
38
9131
8417
6610
121
9724
8910
8081
6144
5546
920
5500
4145
3609
1942
9291
27
5982
1275
3353
1644
7263
7527
5755
6144
1891
6496
1514
5782
889
5993
4268
6769
4949
9452
5504
4824
8037
9545
6680
4314
4001
1739
529
2034
401
595
7070
2962
6793
3892
9571
8639
7279
9802
2925
25
108
7847
5455
2325
2321
8779
2823
8537
3633
7376
8863
1188
3516
3728
8783
8359
9629
9859
2719
6836
8441
8504
970
9153
6551
8751
9999
1017
7135
4065
6865
4896
1275
4077
7982
5120
2890
8369
3101
4997
5235
5680
3712
7585
9783
5253
3369
4188
703
8885
233
5292
3764
6554
6580
1597
1630
3474
5856
8382
6068
9154
9867
1752
2274
1464
1436
4667
2441
5164
450
4342
4528
9106
5018
1267
8696
9422
7324
4045
2989
6292
8484
655
1768
620
8542
6570
2657
1423
714
5954
2194
6496
4352
2549
3239
5161
7389
7466
8338
6817
1579
1922
571
3063
2142
3149
7396
5982
2635
973
6970
5461
8547
8175
7271
7426
5053
1851
7397
8810
3410
4264
5277
7759
658
2796
4877
3847
5396
7760
9928
69
3786
7117
8360
4758
7059
3221
6030
7818
4010
6000
9786
204
5483
8497
6134
720
2694
5892
5548
8873
9836
2966
9337
8212
2646
2497
6825
8836
2694
675
1825
5706
37
5722
475
9585
1659
9214
2460
3556
9676
9994
2882
221
1216
4297
7545
3114
2731
5289
2956
9662
7451
8815
441
5857
97
8087
5453
197
5718
8693
2415
8342
1822
9789
5529
2877
6810
8475
7648
6866
1655
256
709
6219
20
7402
4211
7429
3170
6847
441
6077
6228
8838
3266
4524
2309
5298
4463
7469
6904
6827
6727
7420
5979
3787
3909
4221
9573
8642
1679
7910
6510
2470
4199
3258
3166
8346
9578
9235
4973
5242
1093
2811
6778
7552
6616
7319
2279
4903
4803
8193
738
4650
2509
8576
1054
8215
1955
3478
2287
5157
5869
2310
1925
7391
9884
9296
1696
4636
6592
1482
7682
8924
7734
7068
3842
1122
5823
1208
3964
329
3035
4693
9669
5252
7140
695
3293
8725
40
3836
5101
3001
9277
2389
6464
2207
137
9935
1886
387
3498
445
2851
5148
591
2068
1679
1230
9514
8306
9990
9916
7965
6908
6327
3902
5057
3315
6506
6218
1654
7634
499
6210
6597
9447
691
6378
2705
4987
5197
1157
9419
4576
5126
6059
6085
9510
2118
8473
7982
3018
2459
1989
3948
7003
1260
9852
7768
5274
8859
7977
1811
1806
7620
5252
8679
7376
2290
5926
2184
3818
2785
2836
6841
1975
4654
5807
3947
5527
7082
7223
2959
4818
9725
919
701
8390
4264
2433
5325
5455
4611
2487
8467
7969
8452
3955
3624
261
9841
2196
1859
7902
1805
3046
358
8999
9022
3052
3684
9243
9312
2028
1009
5936
5330
1415
8722
7216
8285
3955
5796
8422
8053
1639
1240
5794
2184
5235
4028
3769
1540
3546
3700
7836
4390
1997
7735
2898
188
1909
327
2933
2155
4412
9144
6694
9260
280
6881
2046
6226
9589
8080
1219
7943
2974
1400
5475
1300
24
5734
4303
6223
4331
6978
8247
4767
3150
9936
7358
5387
9246
3973
330
5664
9450
2167
1978
8657
7214
8190
6948
3017
5002
8135
9642
6828
6607
9270
4552
4075
4997
9099
2893
3798
3980
8670
7284
4588
3341
8053
8542
3167
9339
516
173
1762
9100
4259
4415
7204
4846
443
1701
5878
6392
1242
2031
3576
430
3591
1831
5170
9856
9999
358
8926
1616
5198
9414
4515
814
2857
390
7867
2305
6983
1427
310
2596
4864
4217
5720
9819
718
5542
5518
7441
3232
6183
3630
2576
2078
8466
8028
6107
9702
991
585
9003
8661
9155
2245
2037
5713
2058
7333
8004
7235
7520
3296
3608
1522
9389
7923
9338
9066
5323
7269
4906
2204
6485
5044
5928
1231
7101
6318
6348
1652
9146
1932
5266
8983
9997
7625
5221
6705
4862
1088
3719
5930
6712
9923
5274
3484
7053
1848
526
6067
8023
3038
5720
3793
6877
1421
5307
1806
3582
2715
1397
2652
13
4411
1816
1512
8728
7024
52
6013
4887
672
8254
6370
7838
8067
9423
4036
687
6443
9020
7950
383
4269
3789
6948
3219
7933
2108
3536
4823
2952
5227
6499
3162
9451
8242
5805
9546
1153
3300
1432
4151
3145
8862
3087
7719
7446
4491
2652
7526
9359
9431
846
7607
1127
4414
4057
5003
2360
7151
7400
3036
1800
2210
9997
2983
1454
3683
6473
5316
1069
4043
3863
4740
1471
8234
2771
8406
2797
3970
5049
7285
9786
5859
7207
8114
8096
9471
7252
1065
9202
2745
8906
7875
9856
2286
3438
2967
5929
2000
497
5117
1531
427
7054
3377
7942
5270
9140
3392
2558
9096
6590
6595
1663
8053
5950
3717
9451
1155
7048
6530
703
4845
9866
5741
8484
2915
634
3918
545
8780
6599
6087
1469
4153
9777
6130
7186
6727
6949
953
1885
9233
5473
3793
994
1136
2870
4211
9389
5424
3514
1864
3651
7008
4829
8097
9335
3413
5172
8033
3208
5787
2161
8855
9911
9210
5092
1803
4103
8176
3594
9156
1293
4737
6564
9444
839
1928
9379
5377
7433
7769
2734
7633
258
9157
3174
6801
9197
9032
8241
1362
7667
6306
3826
929
4702
5616
5690
6401
7737
438
9048
1654
4243
9404
6780
865
6754
722
1513
2339
2148
1393
9192
9728
6832
6256
2345
7634
363
4463
7013
3911
1415
1572
239
3656
8294
1072
9848
9798
9132
604
9602
5139
9266
7029
8412
7771
6263
9521
3613
6461
5537
3134
8988
7465
8161
854
3099
8024
4565
7216
7427
9187
7718
8101
2251
8097
5522
3021
882
7264
7012
9607
6428
287
1167
8626
3994
5589
1482
8570
7681
7474
7637
6370
3565
273
1577
122
8591
9430
8654
3117
1185
3018
7942
3402
5946
1631
4806
6861
7084
6706
1909
6138
7003
1661
2173
101
5464
6373
1311
5696
252
9143
9091
7090
3328
5610
9565
2177
9945
8401
4922
2508
9841
9248
3529
1639
560
6311
7687
4563
2458
2656
8115
3465
401
1105
6753
7763
6763
3599
5834
2056
3039
287
6496
594
825
3466
9087
2430
3085
4988
3038
7871
1224
1865
5573
8622
1922
4301
841
3907
8063
2334
6915
7193
9108
1041
7199
6177
4247
917
1103
5285
160
976
447
534
8412
8564
8772
3685
6512
7261
8510
5547
2138
1305
5805
5814
8898
6821
1967
3664
8496
3856
4807
6733
5640
7471
9353
4785
5120
4925
2610
2699
1970
4203
3525
4818
2780
6443
6336
7211
3045
8453
6413
1716
7978
6373
2468
3648
9143
3826
9918
8447
6401
2059
308
4201
5679
4911
6278
2296
5577
7289
2791
5551
6281
983
9222
4794
7487
4422
4808
3907
4400
8459
6112
4350
270
9264
7616
5762
3122
5433
8697
6805
2118
5522
335
7842
4143
4551
9352
5242
1432
767
4387
8740
9850
4310
8917
4130
6119
4662
5342
1042
4198
9841
6778
5661
9480
3630
228
9712
6633
4077
6645
6276
1234
5672
6922
4764
3291
2441
1091
3482
2095
5650
2424
5231
72
6797
1686
846
8872
2128
2487
9899
2041
5356
8368
645
2925
2915
1572
4124
3487
1939
3957
7921
1050
7219
3530
9962
2824
3881
7852
9886
690
3750
9355
9571
5879
1647
4862
3633
7880
4649
3336
7234
3328
4591
7173
6937
7952
9971
7459
6813
1960
991
110
5232
354
6071
7220
4656
5673
7581
1799
6825
7527
799
9761
3412
8027
7169
6481
2273
1481
2451
8995
9532
4588
4000
6702
4415
3047
9650
7079
6740
6137
4788
307
3461
3518
3990
3930
3746
7538
3431
5335
6974
7936
4754
5372
2839
3177
3943
370
6800
3601
6036
9262
3644
9155
4976
5839
1641
4084
9973
8851
4935
1829
8167
5609
7668
3442
6277
6114
5157
1303
2763
8449
931
9698
1569
609
2159
3588
8100
8534
9955
7473
3647
4891
8471
4712
5462
9754
6525
396
1678
8395
5738
2800
3276
8436
8609
5985
6057
6990
7485
4253
335
3112
6298
4017
5938
325
5169
4384
9965
5232
4734
7312
728
6720
9504
5759
6884
1622
1117
1395
3651
563
5231
8990
8103
9863
5583
9728
9957
5396
2236
1926
5268
2353
2776
4321
8552
3466
864
3602
3526
245
1446
9601
5204
5215
6988
9724
847
725
6030
4892
1319
1007
1645
1268
1339
8774
6052
6275
3916
86
8025
1257
897
6511
7777
1189
3863
8005
272
5341
6547
4776
4589
6103
2165
7694
4238
7988
3994
5019
2772
5037
6334
7347
4005
3717
7852
9030
450
6702
7557
4378
5701
2919
8152
1207
5338
8883
4371
9083
9750
2053
2455
4526
1944
1095
6145
559
1466
1498
9914
7389
8275
7352
4637
5155
9117
7861
2384
8619
6607
7732
6225
3203
5446
6742
5150
8156
8261
2461
8929
3007
7845
7102
2054
8362
3354
8293
4555
4616
5173
4002
35
6351
4639
1634
1334
9891
3017
3481
201
7640
9229
1354
1349
5908
3856
1737
5735
403
2614
151
8643
3524
4290
2941
6886
8625
5497
2133
7895
6348
338
8113
9800
4916
4844
4654
1263
7559
5468
6083
7739
9217
6289
3220
1302
1347
5814
948
566
6623
995
7255
3023
5712
4320
9557
5241
1494
808
634
1129
2270
3589
5210
190
385
5310
5314
8939
6467
9754
1658
2092
7483
5071
5302
5158
9779
3532
3756
9056
3621
8143
1647
5608
4965
9588
7594
2531
4526
3338
5193
8997
196
3763
9249
8169
409
9961
4064
5261
6891
4568
911
4126
7418
7819
7460
3195
4231
7670
163
200
600
8845
2581
3490
1721
8176
9857
4186
604
5125
198
735
737
6144
7931
8828
7281
2080
3021
5372
5619
5913
1736
7621
1073
3401
561
6760
6917
217
784
4131
5149
6435
2971
5377
5871
2027
316
9504
5
427
5109
4268
1257
1390
6010
9164
7548
6729
9405
8665
9087
849
9272
1223
7285
8573
7442
5825
1456
7561
9748
7285
5720
7347
8629
3545
5018
3462
7858
6025
3341
1297
1641
6975
3712
852
3268
1789
8095
3654
6964
1849
9764
2325
2435
54
6953
2555
9195
8491
8268
9913
6837
3698
3932
6963
5449
4335
672
6423
6580
8506
3559
3851
4488
2284
3050
9267
8141
9330
6605
1708
8021
9569
7348
6792
8861
4614
866
1206
4704
6408
4957
1869
6310
7085
7838
3397
9065
7125
9220
1394
840
9479
9767
4926
3492
2023
5034
6689
8839
4176
1195
3759
8917
1715
8756
79
2795
1228
387
6276
1860
9582
9863
138
8475
8235
7841
3646
586
7265
7066
9498
6849
6052
2819
1196
4642
6356
2742
4017
1080
8091
3612
4867
6072
6549
2921
9693
448
1532
4337
6135
3917
1424
1422
3347
9848
7775
5337
1074
9392
3830
8917
3939
3603
180
828
1513
1829
9479
9777
5992
3171
9878
533
3788
6386
378
3429
9975
2769
5402
3200
7941
4685
1425
9878
4556
6050
4126
8603
1733
2943
5928
5515
1554
4834
5180
7528
6171
8243
6549
3103
6985
5949
6438
5849
9502
966
9527
9629
975
4864
4681
6947
3984
2520
6328
211
4778
460
8716
1403
6619
7178
6540
3695
2650
2179
1248
6779
3029
286
5424
1652
5881
1961
239
1053
2829
4138
1566
1926
1004
9187
4942
8174
2173
6932
6198
121
7568
4923
3676
3308
9928
4054
1252
485
1775
3017
9795
2616
1515
315
8830
7252
7531
9371
7348
9189
2253
7536
3300
3778
3840
4429
9805
6278
6240
9251
5232
3004
8147
2305
5860
4627
9727
487
8182
3057
422
344
1386
3828
4432
3662
5794
3219
3299
7943
3642
676
4833
3133
8142
2359
5151
1827
1529
7887
8189
5115
6651
6672
2646
9476
3333
3043
1798
1729
5492
7
787
2853
2616
2050
9273
9066
6208
6086
5350
5154
2644
8110
2143
3236
1055
6855
8045
824
9575
5372
6824
1006
553
4489
8366
4839
4550
4865
2239
8039
2932
8619
4040
8803
1874
2631
3003
8805
6557
7823
6503
1678
1416
232
6825
6587
3835
2728
6879
4848
2730
5521
1349
720
2096
9547
6862
6159
8233
688
4320
2959
2601
2385
9660
6582
9580
1846
2696
3169
8763
5667
1947
2417
8072
7574
4181
612
7958
9964
5736
4687
151
8867
3623
8727
9107
1130
7914
8607
7698
4725
9371
6763
8455
5453
7632
1635
7306
9460
341
995
9264
7030
2869
543
9240
9979
8837
8836
3172
6345
5165
90
4082
6470
5620
4261
8135
6107
3751
1083
2247
5028
165
3280
5859
4755
2410
1964
1375
8581
7398
7246
6606
8364
1130
3563
5501
396
6574
3503
9194
8353
1697
2611
5135
1949
4590
1503
3582
4496
6856
5591
2170
1840
9282
1073
3519
2456
2574
8247
8992
988
687
3944
5755
7226
6668
4041
8523
9596
8404
3352
9498
8986
3865
7633
4785
5437
1547
9417
7165
6190
8850
8536
4352
4957
5366
1508
6417
7150
9534
5096
9664
2333
5204
5443
9034
8418
2306
1517
3478
5408
7099
5796
5386
7671
56
1269
3949
1961
5693
6983
4921
90
1191
9537
9724
288
8021
363
6524
6330
2768
8001
228
2813
6633
6116
6480
2393
1405
7323
5041
3691
567
3304
1325
3436
3810
917
7958
7158
7705
7964
4533
4518
1550
4054
5907
3532
7891
9035
2756
6528
568
3192
1392
2432
4305
8735
7423
7604
9155
472
5841
9362
2140
6757
8807
3020
12
8932
6673
2823
7891
1885
1157
6151
3753
3531
5224
3879
5380
8344
9533
260
8137
7632
8824
2425
6562
9848
8781
6181
4952
5623
9433
8216
3245
2338
6764
5757
3113
8182
5458
5329
5088
1150
7213
3186
3404
4757
737
1298
9019
1925
1051
9835
8503
8414
1295
7756
3982
1266
8092
8978
8399
8477
8558
5154
5696
8898
624
1634
4366
6016
3308
231
9617
6003
7025
8777
7083
391
8464
211
9902
7768
4979
1479
5367
4052
3241
366
299
3138
690
2045
2764
8652
8612
7795
5416
7912
7928
6127
2030
9413
4420
5150
4973
9280
3542
5890
1803
6949
5049
5806
1039
7443
9159
1741
6876
5176
9916
3363
5771
4892
2434
8012
6644
5530
8414
8256
3080
8649
5287
8216
6125
3833
5966
8842
9223
888
3678
9839
7104
8420
6898
5782
2916
8891
3277
6226
3227
1710
9658
7854
4723
9652
1984
4305
250
1451
8897
7612
2549
5657
16
1521
1440
7840
2141
429
5011
2080
1967
358
6461
8279
285
1232
3967
7027
2456
9528
3303
7560
3352
1668
8119
989
657
866
34
8001
1665
5820
7155
9835
2297
7677
2506
3311
8070
2942
2932
7564
8364
9465
9574
8082
7534
6463
7125
5073
9596
6565
6085
2748
8169
5176
5835
2333
8855
3761
8753
2370
194
4324
3783
4533
9302
4722
2240
9529
797
7007
8096
1056
8009
5342
3967
9865
6746
2552
6010
1943
2349
7115
4743
333
6738
895
3027
3174
9272
996
1163
7601
9015
2231
9267
633
3369
4067
7957
5570
4726
8980
5465
7855
8666
2008
6525
1473
9605
3486
3410
5770
9648
7040
5508
2544
6135
2892
9843
8877
2199
5165
2450
2098
1892
3418
3772
6668
1335
1540
2942
3055
6852
9923
9332
8030
1188
4874
3396
3933
3555
1446
4001
8078
3943
7302
8269
9943
2171
9028
8879
933
1128
9250
5004
6682
4335
9088
1893
5217
2373
6074
797
3410
4683
9133
1574
4865
5769
8586
7255
817
2871
4803
3947
9494
7336
6963
9256
6152
803
3946
6923
3524
1407
70
8861
1708
6986
2893
5332
7982
7110
5287
6297
98
305
6776
3089
2028
2047
9787
7274
8706
4230
9594
6500
3416
2726
6681
6393
7367
3075
5843
5258
4172
7424
4061
8600
3628
1466
6230
4108
6197
2430
7776
1715
8176
1592
5528
4026
6131
1465
2176
225
1523
4819
3839
8127
9446
2373
7134
243
6614
830
5747
4258
7058
6367
2474
8513
1614
7090
7855
4880
4315
4849
9465
6017
5058
516
368
5429
7881
1723
143
5234
5032
4820
1813
6994
7365
8649
2405
5066
4571
2185
9629
1253
1369
2401
5251
8813
2679
9223
4491
2406
788
9571
7734
6823
8603
1434
5637
5077
2275
7833
91
8590
2501
8906
9968
6559
1945
2454
1121
7219
1465
2487
6805
7032
4071
2953
3499
7279
5098
8381
5071
8784
9412
4472
9483
5224
6527
9982
1178
8400
4805
9031
2232
9643
8639
8476
2117
7883
6405
9105
1624
4481
2836
9502
7392
1151
5950
4347
7814
6540
7500
9207
3006
691
6014
8005
2509
7032
1266
8308
3860
6281
4691
9594
5482
7564
5641
3708
6264
5163
8478
940
2989
6504
3681
5840
4290
7758
7491
1435
6152
8679
2735
1146
1277
8740
9223
7437
3518
7692
6969
95
4534
5235
6960
916
2821
3782
3991
1887
5980
5505
1592
4829
8324
7949
5507
5745
5166
2809
6266
8461
4837
6292
2825
8041
1088
4821
2115
3716
3923
8343
3015
7332
5909
5428
3314
203
7053
3532
7006
2856
6389
1938
423
9911
8513
9091
2718
6295
6137
5572
4967
4741
8177
872
4093
1194
5913
2651
2534
7614
6993
1773
7777
5927
7621
9166
8315
7714
7030
8354
2016
6140
2680
7826
6975
238
9992
9119
23
4835
1926
3283
3789
1576
2160
5878
8912
5119
4655
5226
6867
9791
8058
2227
665
7659
3160
4534
5184
4269
9684
5133
7187
6959
2409
8293
211
4134
2028
9604
7409
2604
9481
5498
7922
3160
3110
6195
3044
3932
8420
3717
8976
3899
5267
8877
5365
4629
2117
448
5028
16
8059
5137
5787
1333
3979
1166
1625
4676
8979
4439
2496
2820
776
1724
7624
2251
9479
3218
9599
3143
8988
6930
2575
903
6097
1261
4184
5448
2510
9552
4045
1696
5967
9600
4331
6305
675
7635
2466
5130
8528
1579
1400
3072
948
8623
6115
5364
487
8087
5877
1249
4684
2196
1477
1029
1702
153
9815
7578
3031
4298
6733
2927
532
4368
8182
7495
52
4311
5285
6462
5591
5844
2382
3124
7396
5077
8169
6375
8714
1495
4936
8513
3336
8590
4101
7755
6088
2277
9157
1404
5253
7346
8025
8403
7710
4725
4547
9069
2403
9469
1461
6963
5980
7303
6116
8899
7849
1428
4876
2233
8724
1637
3838
121
7107
8070
4213
4956
9465
6804
2790
8709
8572
556
612
3935
1105
4818
8579
2789
5523
5290
6821
1373
3027
5991
769
5410
3050
6446
9809
6380
1401
8742
2826
7342
9137
2446
3095
5148
5615
2058
974
7335
1471
2764
116
4055
5649
9851
5820
4084
1385
7923
1370
5648
3840
456
5318
9508
5705
3192
5132
1462
7966
7741
5777
4964
984
2875
2416
4543
2364
7644
6242
4839
6339
5333
8283
8047
9987
5701
4097
9901
8985
7194
4392
8512
5944
3583
3225
1710
8506
6134
1809
9609
1589
6574
3477
7662
105
6129
3252
9194
790
5837
8052
104
8027
141
7678
11
1017
2243
7414
3573
9094
8612
1907
5954
717
2240
4349
1364
1266
7148
2468
5915
323
8174
8044
4417
9098
4196
262
3359
5648
7586
6619
6768
5836
6150
6161
9248
7960
7626
4464
5120
2612
9605
5726
5209
4516
5966
2614
6298
5220
7374
2008
7471
6940
5248
2058
912
4031
7144
9195
852
8989
3998
7032
2720
7481
7606
7448
5361
7892
8140
5730
9505
8808
8993
7694
2632
6593
9485
4761
4179
6453
656
8978
9242
3605
7929
6129
8224
4523
7425
1559
7660
4195
7973
9041
4127
6487
6223
518
2049
1490
6336
5088
1149
6342
4348
2823
9173
6584
4385
3769
6339
7433
9189
3062
1982
2512
6924
4839
5029
1987
147
3438
5787
7781
3212
5113
111
7913
4998
5104
9270
4836
9192
4590
7336
6065
2457
4781
6212
2318
3551
794
6144
4019
5347
5911
6865
5139
3997
7327
6787
6090
3026
2292
4597
7847
9590
628
8309
3860
6959
6970
5715
4272
72
7393
7061
3773
1454
6756
8871
8133
3003
832
764
4232
2060
9851
1333
6384
7137
973
461
2901
5953
5324
6207
9485
6856
3303
8388
3659
6350
2920
4381
5416
6148
8332
2297
7439
5102
1839
1587
9058
8376
416
3724
7899
5606
4644
7072
6508
348
7846
1624
3960
3766
7596
2027
474
3877
5557
1841
3971
2183
62
7510
3346
3249
2772
5639
4523
3212
6083
4797
6314
8682
7405
8275
1712
7203
247
4613
1612
1648
5997
7911
1750
9699
758
3359
7460
673
706
6096
6959
1389
9391
7332
9776
3475
267
7669
5524
701
1204
9288
9615
8485
5387
6006
700
5000
2087
3832
7315
8531
6358
7695
5027
5565
8831
302
7134
5057
7506
6788
1332
3398
8224
7930
5992
9293
4743
6101
7487
886
7942
5320
806
7230
5711
5337
9571
6761
6106
4606
7332
3385
8950
5108
1492
3561
9194
7548
8716
5832
5002
706
5926
7141
5061
9387
3468
6755
8539
3835
351
8361
9196
6705
644
2521
476
1727
2232
9290
8898
3353
4437
21
2928
8393
1261
1145
9676
2141
9554
3179
9245
8654
6968
8541
594
2125
2258
3433
2972
2316
8537
8827
9227
4247
4203
9609
8566
9533
3200
8559
1396
1631
9832
4763
5000
8259
3089
8498
8970
1637
1204
189
3967
2635
5310
5844
8442
676
7068
4532
6412
8380
9024
1200
6279
9422
8497
2130
3585
3687
5167
3868
9412
5075
9507
5808
1682
2390
6932
5400
5974
4361
3222
7122
8661
7550
9101
9068
4739
5074
7328
6424
769
1007
6553
1260
8564
9435
9656
2697
5778
4912
343
821
6774
873
7241
4567
2627
2533
75
8799
7876
5467
7308
3983
2369
9915
7241
2842
143
9805
1425
6600
5359
9672
7079
7587
6374
6976
5030
8257
1260
9357
7151
4814
2621
1813
8109
1508
6974
2341
4186
9930
8106
7809
1050
6759
6650
8389
2997
4178
1650
6711
7635
2808
2824
7196
239
1736
2960
3123
9438
30
1587
9874
5017
7802
5886
8043
8773
4924
8887
4266
8644
9295
4778
1310
2020
5631
721
3089
8278
7272
1426
1814
985
2253
7170
542
7237
705
727
8711
3507
9973
5228
770
7481
991
285
8111
5428
2435
1522
727
3038
8480
6313
9974
7823
4138
8492
9411
1711
1488
5297
685
5993
1866
8176
8820
2332
9984
5247
4129
9003
5337
1129
3394
5044
927
2718
6774
9486
7179
5716
9745
4043
7139
8491
1869
6493
1133
1294
9006
9269
4478
3812
5024
742
9459
6166
2879
1640
7147
2700
2307
2585
9887
9729
4246
2798
9631
1493
3971
1863
8635
752
1324
5120
4106
6787
9448
2851
6523
859
9607
9515
373
4847
4964
5892
2301
9641
6710
7294
484
4322
2
3728
506
517
2977
4154
6243
1477
2330
402
4340
1610
4651
5184
1787
9335
2025
6149
6152
2343
242
7878
4875
406
4459
5975
7643
5836
2187
6082
2768
4276
6867
5798
6686
1643
3864
5580
1071
4483
4079
9557
3676
55
4163
1856
8328
5977
358
840
3993
9607
4482
1769
5411
3341
6059
7507
5010
6035
1027
6407
8307
2647
1049
6558
4592
8774
3519
7689
9143
9411
6
499
663
570
7368
1923
4950
6190
8786
9710
4545
7710
1660
265
2784
5431
7814
5612
3269
2867
8465
1361
4049
1855
7864
5612
4948
3290
3017
4373
1695
2089
1603
2544
7863
7
4237
5438
6473
9450
2305
2716
9716
3073
3540
5577
6951
5385
6866
8406
408
7887
2122
117
1406
7375
4308
1156
3612
9739
8027
1123
9995
3112
667
9600
9443
7490
7543
9732
2405
7168
6615
6423
9559
9218
9773
846
7933
1031
5171
965
9856
1963
4482
151
1182
6349
6513
3786
8687
5326
4296
7752
4143
8085
9248
6039
6956
4512
1930
4362
3118
8021
7560
7377
5725
9927
4220
2428
8148
356
7307
445
5857
539
5149
5770
8277
5083
5747
4082
430
4070
2902
6647
8926
1268
5432
2185
9016
692
3929
7860
7527
7550
969
3263
9595
9987
4772
3094
8001
9574
8671
1858
5389
8052
2126
9363
5847
9854
3839
3599
6639
423
8278
21
9246
4457
2982
3818
8155
9730
9897
7989
2086
4796
6348
2582
5956
6059
266
7024
7480
4623
9396
4056
9274
9929
8282
837
7479
2954
7016
2471
965
7430
8591
6213
6929
6440
8574
8463
6967
2783
2062
7585
6813
5926
39
9400
4877
7714
9954
1119
4653
8628
9468
1779
1452
2926
6964
4245
8827
5810
7410
9341
2101
4342
1587
8764
3597
5924
1269
6634
4291
2158
5323
9309
4530
3118
4109
6635
9257
604
192
807
7475
217
2413
9799
9334
2919
9969
8950
4421
5339
3921
1686
7666
7019
2103
6301
5044
2338
2141
5408
8768
2307
9333
7741
6999
7610
3762
8866
1388
7917
6391
4059
9664
3201
5578
1240
572
9273
1013
8925
1370
202
6153
4820
3681
7786
8446
605
6011
3622
6156
7765
7044
322
8623
9572
753
4492
3195
7456
5195
3834
9356
6256
6359
8881
1688
2587
3603
7607
1683
4830
1759
1232
5006
2108
8485
7125
5966
79
1062
8372
676
605
1107
1840
4494
6551
6052
4360
5498
7787
9369
3637
5122
5017
8315
9837
1593
2866
5422
5494
5472
8684
166
6244
1749
3858
7906
6594
8680
5992
2329
5919
9739
8669
256
3744
3878
2873
2005
2948
9125
1621
4299
4885
1070
3178
6834
8921
7346
6818
5970
7368
6176
6731
5300
3592
4688
3082
7581
8293
675
7644
9592
2396
5908
6055
2351
7814
8203
2623
5766
562
7454
4292
8132
1451
7300
9033
1806
2569
3768
5759
7042
1555
8022
2320
8637
114
5269
3336
5449
1776
2033
6782
999
4863
8836
1888
4964
103
4768
1660
5883
3847
5051
6075
2040
6061
2392
9303
4020
4720
3982
8910
3090
1098
6519
495
8932
9588
7175
7073
9771
6585
3591
1762
5049
4252
7757
3709
1348
1382
7994
4965
9034
4775
543
270
4620
1102
3613
6555
9768
6004
5208
8769
5863
9282
7383
3547
7391
8402
7562
5383
2726
9635
1640
2845
9700
6119
5157
2992
3603
2375
8716
8557
5366
9126
783
2640
6435
3330
8808
9335
3358
3527
9466
8718
3508
1789
9833
8280
6001
3506
4131
3535
3998
2691
9689
7235
2730
8579
846
3934
2420
6414
2411
2153
4402
3143
4333
7687
9106
6046
3548
527
5450
397
2776
199
1757
849
9730
587
4637
2022
4196
3309
1832
2812
2878
5127
49
8053
3566
2604
3211
4176
3707
5580
4276
8864
7182
2502
3724
9621
4558
8312
3072
5036
9143
6594
9575
482
4502
2680
5113
5172
6899
4902
7719
6658
6746
7518
1739
4769
9224
9228
8685
7600
9696
523
8686
4659
5079
7585
7333
6795
5698
1685
868
214
3161
6673
9590
1026
4136
3042
3863
1837
1186
7388
3968
1289
4067
5835
509
1739
7728
9220
3341
5074
9661
490
838
1060
7963
4300
6034
9972
1979
2363
4842
0
5524
1226
6637
8423
3021
6334
4284
5624
3159
4165
9494
3413
4266
4147
5179
2423
1867
5319
3471
7563
7254
6108
9694
3561
4798
9163
2630
5989
7086
174
8405
7374
6203
5487
4736
4660
6216
3311
8780
6152
949
9779
6605
3371
9030
617
3865
2808
3835
360
1912
8701
1665
3237
1323
5972
8612
4082
6182
7473
3519
4017
795
7044
4306
3926
8531
9198
6447
5162
3980
7360
7329
8908
1546
7438
5081
594
7611
419
7462
4941
3580
6782
1360
58
9857
3722
177
6005
9877
4380
9761
9016
8734
1637
8189
5297
3163
744
931
7986
4718
997
7965
4962
8736
403
4087
8817
1957
6796
4431
5448
4941
1650
5880
5087
5428
2175
6362
2520
8919
7531
6553
2888
1411
3095
3185
5590
2252
6
9067
5212
3078
6299
4575
7195
7828
108
4214
8923
715
6902
8090
8063
6161
2539
1148
8759
8888
2055
769
9695
9441
560
5595
8501
1406
7436
6064
7592
6073
7260
761
4747
7146
6613
2905
2841
809
4975
3384
995
4976
1063
3019
7717
6108
4351
7297
9590
8096
7318
1884
5742
7558
6578
2762
6466
5283
2024
9696
5515
7974
8318
2914
1364
1981
9385
209
1538
1107
6192
4193
7358
5274
4769
4886
9246
1105
8769
8251
9314
4642
4591
6078
9753
4731
4178
9291
9588
6486
5265
8084
4610
856
4241
4794
5579
1250
6857
2010
2760
4503
7473
2295
1951
731
9257
3359
1741
6420
8150
1117
3532
9425
2359
1899
8020
3395
6278
9234
5326
8843
7849
6320
7475
2834
8632
5076
9651
3919
138
3768
6609
2857
1256
204
7819
8665
6179
3547
2392
3386
9665
1804
2298
9488
5362
3687
4484
5250
6545
3122
4709
9670
7510
5256
881
1208
7736
6965
4544
3222
8447
6560
2080
8955
7048
804
1014
8470
3170
5901
7170
5606
8822
2332
6080
5604
6851
9175
6187
6045
8647
6016
4796
4299
6953
5680
8480
2783
6355
4976
3191
1773
8078
6580
5977
2163
7157
868
8019
2311
5276
2761
5471
8093
8521
720
6370
5698
8896
1005
8142
5976
3916
2704
5704
8446
6249
8285
8372
8970
8335
618
9180
9766
6665
3258
9311
2485
4452
1568
5942
4560
9971
8899
3491
3602
6543
5277
1554
7948
2299
4127
2385
1861
197
9989
1180
242
5817
177
1265
2654
976
2567
3634
7558
693
9428
7048
2852
8568
764
821
6405
4524
3295
7906
6489
4107
5111
7431
5399
7273
9680
1849
5882
741
8964
6445
9980
4556
962
8907
7006
9672
3034
1981
3105
1958
7288
9927
1460
6725
7819
4097
842
8586
9377
1936
1063
7457
1393
3107
6471
8318
292
312
7035
3473
6944
2414
5057
3303
4419
4870
1726
4477
2969
9859
7419
5504
2889
2336
8810
2176
5602
8160
7427
3843
5550
4417
5567
4981
3088
6826
3328
2557
9167
5283
1851
6651
335
5300
3571
7886
9752
2086
2867
8770
53
8085
4072
8278
4524
8615
3849
7260
5013
2758
244
6057
6072
3017
7142
6412
599
4609
5334
4171
5990
4255
1486
313
3635
7059
295
2916
3029
8015
5617
4443
3653
5705
5644
4797
7763
4464
6581
8557
5751
9526
2800
1473
469
7884
8639
9449
3068
5979
9420
7564
3915
1182
4425
4238
2896
5933
5889
7199
5359
5877
1610
3661
6075
4931
1642
9753
6404
9615
9907
7719
5149
7525
2493
3855
9512
2958
4654
352
9937
6157
8248
7700
8788
5398
9199
3327
5323
4073
6725
9617
440
5148
9076
4427
4556
502
7832
462
8993
1016
9687
1439
5946
6758
237
6694
7973
7715
4008
3590
634
5467
4333
9175
6868
8041
1781
3279
1560
9833
7015
6767
9670
6360
8579
7321
1323
6359
7032
3552
3968
4447
4851
9111
243
1758
6966
4300
4897
4815
496
8286
1356
3192
2094
5032
8174
2685
1230
3682
5067
8098
5067
2957
4988
701
6058
8748
1677
9562
4976
5954
6036
7720
2222
1398
3340
6112
6106
755
3342
886
9147
204
1723
8777
2096
9037
6713
7252
6366
8572
9463
3399
3861
8174
6318
6495
2285
758
1910
449
8578
7433
4562
423
7721
941
233
9505
222
5056
4946
5917
8988
9332
8539
3825
4152
9448
2662
2708
1514
6290
7681
9292
9272
312
3232
7907
1633
5629
777
179
5619
2009
6028
3360
7706
1410
6333
421
118
6822
7471
9430
3079
4203
6719
6852
2744
2477
2266
1280
7045
7750
8140
5943
2618
9005
3094
395
3481
6069
2571
850
8599
2677
6743
5607
3988
5864
1917
3119
4326
9131
4603
2566
9649
4388
4620
7080
6597
7506
5226
6043
755
5775
7197
5849
1789
5489
5061
7580
3882
4768
3744
2066
7298
8675
6792
6544
8972
8851
9852
2979
7410
6385
1433
6001
4141
6083
7349
2734
7859
4553
7897
4507
8505
1886
7800
5896
5766
5962
5280
7562
9863
4052
6667
88
3752
4277
2466
4687
4485
5256
575
5302
670
5789
9358
4716
6832
9645
2720
2045
9206
679
3179
7203
3115
649
769
3896
3258
955
9706
8762
6692
6757
3169
2472
5933
4608
6297
8793
4372
3690
9658
2348
5053
4675
4908
8601
4189
4548
7070
630
6785
9840
3380
6758
9692
6883
5803
6989
3643
5383
3529
1694
614
853
8038
2725
69
3928
6513
3872
9836
2045
4257
312
2949
5079
9881
4381
6616
8319
7254
9696
9322
7768
2600
7258
160
3936
9834
9945
4062
7443
1856
8380
7120
7066
9597
2083
1795
8224
4910
6777
2193
5013
3095
9006
4072
652
9863
9853
8182
6399
730
3324
2116
3138
203
3266
9627
3205
5924
1683
5975
4531
9844
7686
2934
6583
3771
487
4189
5694
2389
7641
6616
1751
4512
2419
8220
7863
3116
1195
27
2346
7231
4817
5442
4707
9218
4674
4786
1877
8555
8973
5034
714
1255
4657
2717
3648
3460
1029
2613
8820
7496
3586
1396
6582
5218
9275
5075
5196
1627
8957
217
9091
424
9425
3257
2847
6895
5550
4969
7332
5012
123
4330
6637
5519
1314
5705
1898
9643
7248
3873
5287
749
1001
906
8902
4399
2585
9810
2991
2392
8053
934
6750
4794
6944
9006
4346
6424
6234
4291
7190
2210
9634
5293
7457
3342
4956
1661
9096
5909
3901
8531
8602
2903
83
557
6940
9484
146
3037
6563
8168
5497
1286
7039
2393
1651
1859
2552
4448
6730
8468
9536
2314
5397
4661
1319
8938
7122
8653
8446
1061
5039
5648
2147
762
3474
2625
3547
4556
9561
5736
4686
9389
6732
5564
8699
7640
1278
4397
6188
4331
514
8816
8789
4752
521
7480
342
6214
2762
7309
6416
4337
2987
1628
2932
3418
700
7723
5847
7588
435
7463
5810
9213
7809
9836
6005
5645
9556
5440
3515
8878
1526
6588
6345
3367
2418
2392
6849
759
8166
6082
7267
4923
8148
7019
4194
5900
8579
2670
4084
4920
2979
1550
7891
8779
4414
2219
6402
3033
6985
3376
697
555
6986
8956
9569
2676
851
2955
9275
3903
9244
160
3018
4215
9711
6353
3233
5138
1085
1183
7159
7387
1086
3457
4071
8299
374
9596
276
5139
3282
6401
8090
8472
7986
3443
2847
1147
4193
3139
3337
7172
4783
4218
7417
7786
6367
8770
9845
6994
4236
1905
3715
2626
7223
8819
5600
2961
7484
7204
5393
6509
9939
4199
1809
6503
5906
2373
9706
7103
9359
4261
2863
1512
3826
7876
7365
1848
8745
2626
9057
8303
9494
3849
4380
4561
5443
6538
9812
1953
4006
6421
5228
1419
7167
3829
388
8174
4718
4695
9683
5429
4289
5157
3184
6913
5211
6755
784
5909
5505
1700
8234
5389
4078
4586
8743
11
3510
1560
7909
5823
9879
4486
6554
3251
7307
6113
357
9984
4650
1468
4512
9473
2349
263
1490
9506
1213
1770
3025
4388
330
2686
7412
3136
3431
5848
9830
3301
3139
3
7927
736
3315
7945
6333
4679
5322
8925
7865
8658
7146
1560
820
1174
9396
5407
5143
3647
9836
3085
9705
9834
5160
2514
8595
6876
1431
1879
7792
6227
4766
189
9280
6471
8701
7090
1516
4027
353
1119
5571
614
9426
4528
4019
4505
4413
9616
3316
5133
7436
2305
9854
9818
4448
8725
1114
5654
5569
3437
6614
6968
4076
2507
2466
2136
9531
6837
1784
7029
8003
7689
2873
9826
3863
9239
7777
4302
1033
5712
7532
6558
8225
5673
5491
8009
3766
9676
5823
5728
7049
5355
46
8825
1297
9777
4018
3047
752
2231
1558
1095
7205
7584
2221
600
9787
6034
1843
7720
9119
6785
6469
3944
7759
106
7036
7979
381
6969
7236
8032
1394
7063
2315
6137
8608
9955
260
8840
736
4988
3195
4869
6186
872
7956
8878
7411
5444
3820
7308
7105
3353
3185
909
9657
4695
6925
9556
8185
2065
8973
8697
3970
6788
9937
5438
7485
1237
8060
4639
6319
1830
3898
3253
2887
8421
7585
7383
404
1522
1057
2109
739
5450
4037
5875
7253
580
3515
6839
9056
5368
928
6239
7772
3047
2788
4729
6990
1259
7229
6161
161
7644
9240
2040
6240
4843
4634
4823
9760
7951
6356
3217
8138
1753
7189
5053
9286
1702
4265
648
6931
4770
3247
9926
3428
9011
8153
5297
5636
6937
1677
3280
7530
3935
9704
3573
7559
4638
7585
9891
924
7007
1227
4649
4873
5531
5509
3056
2417
4865
28
1693
5369
8562
8400
4931
2414
637
4035
7048
5974
5698
3022
370
9998
9413
4526
1182
4435
5250
8635
1069
317
1303
2009
4908
2549
3842
8248
2814
7784
3383
2262
5464
8883
3214
1125
5832
8830
9304
7206
6387
1797
4524
7684
4970
7617
8706
9502
8984
2966
4394
2060
7595
1461
7434
5299
9388
5650
9235
3459
1357
1680
1806
7709
7854
4120
105
9858
555
8856
3752
1463
7622
8200
9561
901
3356
7063
4824
2221
5191
6148
524
632
816
522
7948
844
8062
2819
2674
7306
3135
1085
4346
9636
9794
8329
4422
8061
1839
2544
1122
617
2436
7776
2606
5971
5261
3797
3550
8429
6174
6963
7562
3538
352
4270
6978
1032
2134
5468
4498
7761
6378
5203
8846
192
729
1453
186
8776
1720
458
809
2640
2770
4260
7216
3267
2783
5597
613
8533
3106
5844
8313
6815
1471
7335
2304
6907
3255
9875
7561
7083
2529
9158
4462
6628
2055
3621
2970
8152
3674
6298
1201
6657
947
3254
865
8937
5752
3764
1747
9814
2998
2733
5662
7987
4689
2824
1208
6186
774
8489
2858
4094
472
1802
2175
5796
335
2616
5096
2193
3178
8964
2751
8382
2268
7562
5798
7961
1274
2046
9052
678
4208
9042
3515
8754
5515
4116
5473
6984
4374
3796
6520
2524
3844
3924
8068
8996
6838
1336
3129
711
1338
604
4871
3005
3905
6101
9443
4198
8795
5935
3059
3192
9857
5142
2709
0
8303
6257
8268
9897
7324
7736
3768
6330
3255
2326
1330
5097
8608
4281
417
7213
7072
4918
4699
8274
5446
1866
940
1958
5694
1580
2060
480
7616
9534
3824
3088
5795
4178
7487
6609
5244
7320
7871
2155
5943
3493
5836
2934
7744
7696
6644
1400
8575
7927
8626
2319
1150
782
3588
91
4872
6823
2411
8770
1983
3533
1568
9831
6282
266
1918
6037
889
9465
655
6869
6807
6646
1990
1295
1275
8721
5958
5836
7931
8049
9453
1690
4669
5141
3281
8554
8155
1862
5414
2403
5507
2232
2296
2265
9160
3487
1147
3352
3512
4718
8973
362
6059
4619
4853
4408
1941
911
7642
637
5960
5817
6322
1414
3849
4146
278
1958
5469
3915
6798
3622
9935
5442
4862
7706
2833
5140
5484
8302
2477
7500
4349
6255
2599
9674
636
9606
5105
9710
9830
4223
6554
4915
9205
7032
564
9050
486
2885
5232
8683
5625
2496
1705
4096
3781
3357
9929
8749
1493
8300
4508
8887
595
3272
4127
5109
9615
6844
7396
5236
349
6549
7605
1780
8168
2307
4291
4704
5623
5833
3226
7707
9434
1619
2770
5685
6672
9975
4869
3070
2137
6213
6136
369
3667
872
6632
1121
4579
9454
658
2178
5202
2052
6830
8414
8034
5387
1785
2744
9227
8231
6334
8861
8678
6485
1313
566
7541
8732
9816
4634
9709
3869
4245
289
9361
9205
2372
8099
284
9585
4798
4318
4058
4256
9720
2823
7796
5924
235
8487
9671
7490
2048
9111
8480
5098
7656
1895
2566
4304
7317
4359
5251
2968
1945
1113
7024
7905
4537
4285
4797
2040
541
6284
6202
3613
2391
3601
9092
2530
1245
9585
7263
5120
2853
4043
4140
548
4780
4667
6328
4935
2402
3688
6178
763
2406
8573
166
3681
8634
9941
1850
6455
2963
9791
7140
7950
7375
5793
2134
4026
8290
9209
1991
6067
9071
8719
319
1081
1216
7318
5007
7652
8531
5617
5915
5977
2625
706
2133
392
427
3038
8727
3410
8451
6188
3789
4393
1604
9020
3517
2655
9471
996
5363
1344
5652
838
317
284
9353
6205
7311
7884
7594
5382
6212
6662
7981
2396
5987
748
8848
8059
7866
3342
7986
902
9369
8352
4762
1460
5837
278
4680
405
7351
7771
247
6035
5512
305
2731
5348
6028
9635
7420
5083
1473
6535
8351
5230
2146
367
1934
2434
1284
5742
9251
5010
7948
8583
5110
7055
4842
8417
5360
1361
7559
4648
9692
92
3831
4253
377
1758
2842
7229
6030
8788
4933
2303
3259
1100
4823
758
3015
6198
7787
342
2363
7764
5866
5668
5675
320
153
2102
4092
1196
8662
1194
4135
564
3899
7971
2840
8736
1757
8685
7043
5349
3092
3122
3300
172
6230
197
4529
6586
1234
6699
782
1774
7270
3849
5341
730
7038
2969
5008
9113
426
9974
1452
9790
3770
6535
3628
2045
4152
8777
7247
1571
8466
5636
6703
831
4035
5279
7615
8564
7934
2112
3136
919
1254
7116
6528
259
2828
9932
6735
3772
4357
3792
4719
160
6967
6349
3976
5945
561
8179
7206
6864
3301
8314
6880
4827
8482
9434
8389
2039
2274
2537
228
5489
9324
6062
1416
8590
2503
3589
7934
746
2333
6812
9973
1565
5927
5738
1265
8330
5834
3375
4028
1777
9710
4199
4170
5332
6407
344
3527
6903
5250
4538
4719
2768
14
9814
4889
8782
4324
8183
4545
8278
8692
4558
673
6649
8301
1953
6299
1249
1161
6179
5285
3418
3619
9311
6690
5725
3974
4334
3593
1112
6643
3880
6932
6617
6526
487
4951
6969
6518
4598
1387
1030
8191
2729
2454
9064
526
3975
457
8789
7584
353
9686
1359
2295
6630
1851
1179
5362
7775
1088
8350
6440
4214
1576
2608
577
132
4455
2498
369
2679
9121
5771
946
1250
939
8702
605
6318
8192
199
4484
7039
2546
6533
3919
8561
5099
146
6657
4641
702
5212
5318
9704
2351
2984
3867
7394
3132
3053
9770
7405
2855
9659
5121
5245
7121
5343
990
5804
7508
8622
6041
9039
2476
3438
6286
8627
8372
3108
6501
7430
3481
1496
6256
2339
5581
9878
4800
2997
7162
2925
6357
6156
1520
7626
2016
4078
1229
9279
7030
3108
6728
6956
9011
261
3946
4527
4584
8817
4970
424
3716
467
8596
949
6154
7641
6453
2125
8372
4128
933
5320
4628
1593
3489
5179
787
9080
9700
354
1736
1739
5601
5541
2006
1319
928
2237
4914
2637
5906
6480
3696
2236
3619
3367
8457
9665
4156
4673
3883
2121
2689
8753
3597
4807
6605
3027
7325
2048
7784
332
4489
3555
2691
9822
3510
2983
8176
7914
7696
4637
9008
2000
7054
6309
522
5266
1313
7084
2325
3608
5945
8082
8723
8428
4900
9498
4330
9813
1828
7962
8111
6513
6876
898
3457
8875
8567
7690
1968
2044
6692
228
7752
2669
4338
8609
2062
1899
4980
9520
8517
4579
2370
2896
6045
3469
12
4662
4665
8438
7003
2938
9340
9365
581
9852
5568
8511
2444
3364
1986
9349
9125
6567
3661
491
4880
5157
8353
6084
57
4015
2512
2265
9001
1399
5365
5480
8521
1824
2369
617
3077
7348
8067
4364
3481
9043
4899
8766
4731
8937
9020
7211
1140
2665
7620
2413
8076
6021
6665
146
3313
9040
8233
7003
9540
9978
2542
4849
9152
6314
292
1379
5207
7819
9065
1370
1307
8765
2288
2445
8646
9484
4753
8960
1671
9870
1104
615
6906
6229
9513
9257
5170
8644
8149
8688
7845
5775
4940
1084
2788
1339
8599
727
4166
4404
5936
7267
2112
1165
9337
9808
4435
354
69
4826
6369
4154
1735
8430
4829
8296
5029
9645
3839
9553
6696
6074
7937
7416
6259
9005
2714
1364
2174
9018
7540
8387
1998
6267
1707
8744
8498
8906
8788
9967
4636
715
6151
5122
4154
8742
9515
9012
2113
3746
7581
298
8069
637
125
8170
8023
8152
6037
6667
492
4095
7862
3500
1573
6999
9200
2288
5856
1119
6590
663
7579
9113
4876
7897
3600
9778
5351
5947
1377
4685
799
5043
7505
8558
235
760
6845
3457
6793
7075
3797
8363
1248
5074
7867
4553
1748
8875
9127
453
9637
7406
4964
6871
5413
5123
6427
9047
2788
3762
3706
1344
9194
1345
8816
9952
1328
952
2936
6429
235
1456
3631
5858
7558
7066
3955
4854
7514
6477
6475
2749
4029
2647
2029
5112
2005
8452
7920
7112
6471
2940
1774
9248
2401
3415
1765
6232
2288
9964
3451
6654
9870
7351
5068
199
7291
1608
4002
6563
7847
3352
3375
1246
5354
2695
2217
7922
7376
9073
6242
2474
1140
1023
131
6370
5688
1209
165
250
1470
9433
6140
1113
4487
1755
3313
8894
4725
1024
2186
9074
4958
3922
7464
281
5376
242
3660
4904
2619
2317
9894
6160
1728
6269
6476
3112
900
5019
2644
2681
1824
8723
6062
3810
8185
1104
7537
284
9543
3190
9969
7112
2468
1310
617
1701
6514
2044
586
8878
4393
2252
1440
4719
8525
8411
3261
2631
9288
354
1429
6601
1065
9373
1670
6862
7560
1594
8001
5077
8228
301
2009
3178
6859
8128
7127
3060
4998
6408
6888
6631
1391
8467
8260
1162
3840
4541
1435
8852
5353
1153
1789
1136
620
2845
1254
3663
8249
462
1493
524
5025
1930
1368
4826
7338
5821
9110
4874
8286
2187
8136
4681
816
8373
7813
5126
8188
198
6264
5889
1626
2349
2448
2351
3279
805
8756
2698
6863
1247
5457
4598
8067
1489
3233
2510
4706
360
3545
3324
2928
9337
4816
6327
2240
3462
1815
3815
3511
5724
5306
6932
5407
7112
7473
7692
420
5066
1699
8836
6751
3665
312
8342
3180
4150
3592
5896
7706
6501
69
4701
3982
3814
5891
8309
7012
4730
7504
4736
516
2273
9523
9935
7389
5208
7253
5083
3488
1007
7670
3375
7388
1929
7070
8096
4753
5597
7122
7102
4851
5817
6878
6258
7581
5798
4533
3223
3151
4758
642
7589
1030
2154
7241
6424
4935
3456
128
1791
3287
4298
1044
5361
4890
8746
7481
9674
4278
6697
3793
3346
9139
3031
4552
1503
5057
4956
7706
7073
5926
1789
9265
8763
6499
8954
6783
2642
2658
6229
6757
3501
5150
157
5534
5164
7918
1288
4059
7814
3119
4415
4699
7338
9069
4499
8934
4599
2094
925
3446
9751
2844
6691
6339
9446
5949
8215
1130
4624
1297
7241
9609
2200
6647
5917
7001
1222
7403
8247
9128
1112
8624
5123
6467
3561
2662
4993
1116
8398
8376
5293
8350
9837
6213
3805
3274
7417
7401
7075
7484
6568
6728
8674
2479
4277
2934
6126
9386
4449
4502
9932
6326
4245
2445
2264
9612
4050
4145
6502
2704
4153
627
7984
2756
5975
8358
5614
6826
8680
4156
7171
1691
7709
7148
1460
7021
9320
2753
9187
2643
6755
7778
2026
2055
9184
4089
68
2653
3723
9859
1813
2772
8636
7907
8665
9790
5145
5219
4826
9561
2904
8168
1915
7433
8722
4976
321
7412
1699
3131
4658
4762
9934
9427
6981
2239
62
1274
9721
6503
3303
4255
9170
4701
8346
7468
9037
2911
3175
3550
7701
3817
2221
2082
8910
1356
5005
6937
799
9339
2989
3671
5725
6722
2312
8158
4610
2548
1618
2674
6316
5583
2874
8761
769
6462
2888
5697
1905
7451
8373
7453
8308
9118
8426
4446
2162
4727
8401
6154
4673
5220
808
6843
9641
3295
5764
9222
2884
7560
1297
6663
9889
3802
1959
3318
1511
9020
5561
6920
182
662
1992
7556
8618
7678
836
9247
6713
8190
5938
1479
5611
1172
5672
8921
6042
438
6837
1920
4415
5295
335
2443
3707
763
8468
6313
7815
3595
9346
5395
9171
1973
7218
2230
3179
9691
7950
4987
3080
6838
7828
9781
7682
4686
6162
1271
7811
9465
1905
863
6791
9743
5791
5283
9360
5685
8756
22
469
8798
4694
1527
4042
7290
6888
2407
7739
6729
1661
1589
6819
9185
9770
3575
5033
8504
5738
519
1593
6878
59
7160
1169
3209
757
7795
2610
5199
8315
3378
4710
5002
1898
6808
8961
2699
6078
2076
8927
462
5140
8736
7885
5653
6410
9858
8084
8035
2339
6494
4496
7320
9095
7134
5792
4100
9846
4495
9957
474
7229
7537
9869
1154
1489
7434
8585
4779
1529
2376
7754
2043
5288
6642
667
8116
1671
2521
7240
8630
2466
2448
7740
7723
6537
6501
472
8978
8518
6875
2063
1195
8958
2549
8014
4236
8400
2193
265
8558
5131
5839
4305
3319
5901
6349
6385
3556
4965
2193
4056
4499
7098
4113
6497
8107
7396
6418
9517
1816
8504
7163
2467
4279
370
9413
1213
9530
9563
9841
2388
9384
6009
7062
7062
6804
1062
7878
6291
664
8744
5196
4392
8431
7503
