252
5795
3672
6352
6795
8032
3787
1426
739
4425
3227
9782
8453
9950
4991
4336
7083
6377
9080
6741
5777
1861
4883
4520
480
4893
7495
5583
7813
5971
3646
5302
4737
1945
8112
208
4953
6799
9338
502
3422
4537
7854
2510
3735
4844
3508
6792
314
9942
4750
7383
8074
4151
58
8763
9081
352
8944
151
2367
182
5019
9060
9811
8594
8197
2817
566
9576
4442
709
8383
4866
2734
2307
7216
4537
5291
9417
3096
9392
5715
789
2354
8780
9876
2339
6283
3252
2601
2744
3089
5617
8013
8532
7686
1889
1210
3880
9332
6799
432
8564
1835
2167
4913
3899
1061
9944
1688
9558
1050
3658
3578
1681
6415
2585
8326
2630
5594
9646
1270
5060
7904
9208
8727
2331
1136
9516
5204
9655
6968
9542
6590
2087
7637
6363
9929
153
1400
7341
1760
452
4099
7530
1881
3697
1460
257
8194
3526
6840
2353
3274
544
3377
5488
2733
4621
7922
3829
248
4260
2903
2356
842
3249
8657
1091
9115
353
8895
9213
1766
3622
9064
5938
3842
3511
5525
5448
3695
3208
2540
5075
5995
2433
3606
7869
6932
8845
8082
9986
4727
4033
2531
3562
6936
247
3732
2179
8603
5175
476
9595
5662
3105
6013
631
1865
6249
1910
1075
494
8191
5240
1447
9195
2938
4053
866
2383
8656
1972
9253
4200
5732
9986
1086
74
6013
6258
6576
6076
1951
3541
5051
6797
8601
885
9982
4836
4810
6203
4293
9573
3584
1184
3952
2671
8223
4945
8867
1138
570
6571
963
1774
6976
406
3732
806
9254
9198
4620
7347
2046
381
6626
8854
1137
7156
2249
8805
1294
4664
4195
6727
7727
3881
2244
7210
52
557
7604
4993
1806
9852
2352
9148
1466
3412
2702
9247
4567
93
1003
3637
1350
4935
9060
8813
3198
3903
8333
4786
5177
3905
9712
488
335
471
4837
3522
9581
2543
7578
7169
9041
8810
7040
7431
1860
9041
5747
5802
3188
467
8947
1251
4653
41
9347
6454
9604
8314
3262
7100
7232
8282
9297
2044
2325
3405
7768
9
7822
1834
1257
3333
5046
154
1399
3075
3780
3936
6132
4793
929
5362
6839
7380
1238
7685
677
4118
5558
952
7423
4250
1830
4119
2568
8984
2789
9519
5426
2036
956
3777
4804
961
9891
1008
6857
5475
5708
7988
6951
1074
6880
2689
7147
3818
1781
4353
1118
3008
3561
62
8166
6815
5246
2460
8460
4687
5762
2531
5765
167
5017
3610
9935
9802
969
6862
5498
6045
8130
9731
3904
4952
5656
9986
5906
5051
1759
4912
9569
5976
1137
9439
8438
4094
7630
5949
4254
7078
9681
3866
4998
3414
8267
5160
8671
9858
175
2123
7133
1651
3161
1919
706
96
6619
57
9074
1433
9926
6054
2818
4274
7553
2767
3218
7916
1913
9774
7476
2895
8390
7866
1129
6052
7397
831
8903
1296
151
6265
6840
3178
4357
462
1089
5293
7726
4027
4989
2136
3312
167
1622
3491
4878
7748
6384
1533
1924
2963
3394
512
8484
9783
3313
8630
6827
7522
8395
1045
1078
9756
5853
8453
3243
1907
6258
8115
4469
1500
8984
7918
2559
3222
6128
5214
3436
3983
3730
9204
17
2929
7003
3677
96
980
6548
9584
5618
2887
6080
391
6671
9241
2929
3946
733
370
8808
1622
2483
6255
7879
4461
3097
7689
7621
2471
6318
3495
5485
2759
2278
4010
6163
7448
2942
1398
6645
7654
7340
2113
6121
8313
7064
3428
825
3531
5153
6798
2231
2155
8093
936
271
10
7473
5811
6776
9011
9929
3917
5798
728
1221
7379
6511
6951
7825
5569
2295
5723
2159
2340
3995
5807
9010
2704
9719
3325
9738
2269
7700
2741
7799
5388
4690
1001
1627
5208
8365
9781
2769
8104
2783
2572
9844
6833
5634
3597
6926
7783
7552
8980
110
2068
2505
557
404
3234
4688
8996
8620
4434
3730
1240
5956
1279
1108
9150
5164
1196
5993
4177
8489
5466
829
887
3174
6758
1856
9790
4952
815
9506
7462
3756
1029
759
9880
6448
7357
6600
1972
283
1649
8662
4233
7497
372
9243
188
4614
1427
2463
2379
9766
6887
9940
4236
8335
3415
2158
3679
3797
955
3682
5490
9344
1275
378
1187
2155
7653
1651
1648
2459
7550
4947
5514
2618
7328
1962
6888
7999
5361
5588
8104
6572
2452
3687
7968
1300
969
5648
6979
6038
383
9092
3615
6507
2506
1014
6259
2728
16
5012
141
8016
7901
6382
4929
2042
6966
213
9014
3194
2538
8683
7147
670
4501
8668
3767
8503
5422
6296
7438
2082
2080
2077
3103
7298
374
8509
2090
8508
4031
7025
3167
4047
1410
794
5458
350
4299
7519
7690
6779
8386
6632
6937
3569
3373
1750
8133
9614
8844
3804
8837
3435
5842
8734
6456
3770
5379
3317
1086
2395
4137
6077
2394
9371
5649
1899
6991
4729
1730
3165
5752
3990
3293
5568
8100
2585
496
5176
7838
5292
1365
4672
3866
7606
4008
734
3996
9462
1093
3442
3106
9000
911
379
3106
1463
3294
1334
4718
3424
1728
3316
8867
5375
1104
7302
9058
9417
4979
4872
8773
4213
9007
2343
9955
5751
1942
6192
383
5801
3920
3863
1579
8168
6664
5616
6042
7337
6989
6078
1490
551
3144
694
9936
5627
6285
1967
3446
9542
6602
9304
9072
4141
9276
2965
3508
9105
4705
2856
4247
5113
425
6024
9580
2927
342
5953
903
7493
5602
5240
1152
8850
8287
3144
3315
9932
6057
686
8676
6003
1496
8973
5617
7800
8002
9407
8847
2633
6461
4601
6918
2186
530
3802
9033
1808
9437
8208
4973
7341
8161
1287
1259
3268
120
8990
6912
6152
9304
2119
5569
4837
4098
8091
2124
3610
7587
760
3690
2178
3501
1177
5233
3390
5840
480
9062
3840
5682
6690
8815
1831
1758
6047
3239
4370
3864
7500
9514
1810
4094
8911
5600
9488
1915
8774
6967
4056
4741
5637
9448
465
6358
314
604
5178
871
2079
4632
8723
5160
1195
5331
3893
1853
341
6408
7039
2243
8982
9639
5022
8336
1657
3557
1448
5623
6610
1620
7973
7739
7305
4414
1322
2699
6738
8635
6611
9532
5466
6226
6029
2084
3775
7643
3261
5602
140
1187
8192
6204
4576
7849
6720
6336
7370
7941
8000
2796
4963
8040
7637
457
8968
1647
8976
2145
7187
2177
2076
7217
933
2520
4304
7930
5154
3052
8290
9346
6360
2650
9785
9159
9197
5060
5869
3091
7221
3123
3485
7083
6189
2887
3548
3234
8183
3519
7465
2811
7746
7763
2633
3564
3205
4094
3539
5181
9784
3242
1800
2767
7534
3284
7053
6697
1475
670
5847
4350
3374
8307
370
91
9700
6213
366
9564
3177
18
8758
4110
2723
8997
5790
6351
557
6489
360
9138
3380
5832
8035
9102
8946
9586
2178
6294
8724
6793
8548
7235
2394
2841
8436
9518
6123
2533
415
5962
195
1821
2766
5181
5706
7099
1887
6879
1425
8892
244
7036
8156
4076
936
6484
9927
6122
6825
6017
4326
5851
7751
6648
2205
9146
3767
3768
4664
8941
2116
3200
4504
1714
643
7565
9595
4633
4577
4737
70
3931
4219
3471
5938
6136
8121
8979
4097
8959
8233
8767
6491
7910
8324
6687
5625
6713
8559
7294
77
2895
7743
5186
4316
2680
5385
5394
6922
7330
6966
1335
9728
7691
3520
7600
1819
7793
4300
1600
1412
3717
5108
2675
5784
5022
5775
7038
7588
5354
8847
6051
2031
9887
2470
5556
3780
5136
9510
9007
6314
9227
4436
7303
8466
8943
8744
4883
5564
4987
2276
6640
4917
3009
2478
6226
6865
7209
6908
9783
8802
1410
6827
44
2323
6195
4620
4745
643
7200
7052
6776
5857
4824
7838
532
640
1435
3303
4251
2727
7769
5141
1397
5656
374
1901
479
1562
2601
3664
7536
4982
7795
2857
9629
4347
5965
3429
9239
3118
5995
3728
8722
6929
9149
1480
4433
2942
7155
2320
5229
6241
4096
9715
5349
1472
2664
9667
1295
8999
179
8061
9292
6996
2419
6507
4441
5964
9874
1798
3057
9528
1973
1413
4689
2240
2141
4198
8612
2401
4412
1240
7772
414
6100
3059
4242
2081
6219
5781
7973
9756
4907
4793
1246
5761
438
1078
1364
6378
2582
5601
2491
6213
2402
9840
5128
816
1885
7101
2575
8029
3369
2578
9357
9986
7833
2807
9858
2496
2308
9174
9878
1549
6277
4103
748
7104
4878
685
5252
1945
9053
9756
250
106
8807
8021
91
710
2977
1567
2680
2661
1806
2516
2900
9713
1971
4357
9527
9328
9190
43
5957
958
6548
4075
9801
438
5697
9989
8682
7756
4266
2730
4608
2266
8167
3831
3663
6902
1981
9458
3058
3853
6448
4560
6516
894
4341
5520
4967
5189
6149
7480
3191
1010
7933
5098
8056
6581
8019
7314
2588
4505
3555
5919
9042
5146
2535
8859
4712
564
2613
8169
3425
1322
3698
5882
9649
4783
9172
6956
4389
2452
4149
6112
6863
3999
7588
3606
4415
1972
694
9591
1454
2067
9034
655
3092
5405
3353
1285
4841
1636
4236
6824
872
8031
3240
727
2672
4694
3108
1149
4996
8752
6571
6152
7186
151
7901
837
3649
5797
4992
1513
6547
2013
9492
7246
5594
3160
2435
9560
5495
1002
3863
3795
3949
7824
6326
955
2980
5945
3593
2567
8634
3614
9402
9747
452
7887
4587
9097
5154
9868
7124
2044
3856
2252
7188
4480
8200
6782
8457
2233
7669
5978
9578
6302
1667
5762
2593
9194
2802
6378
6022
4479
1466
9649
4215
8039
4648
7227
1028
3736
3206
4941
6438
1491
872
597
5408
5626
7619
1427
1053
1403
3480
4455
7465
1214
3038
408
8732
5479
1486
4590
7969
3431
6936
158
468
6278
6898
3839
1354
4645
1105
2605
4747
9459
8080
3290
218
4894
4621
2172
1381
4084
4931
6951
5495
5349
2354
6247
2043
1910
6923
7929
2172
1205
4391
9671
6263
5188
7256
9887
4242
2516
8583
7264
5782
1728
4827
7744
2039
5938
7051
4524
1092
5302
891
9068
3498
9561
7699
7922
6787
1741
5102
4544
1196
5372
173
8067
4644
5798
8779
1871
1807
42
524
856
4027
8829
7070
4011
6010
2569
1490
3191
5198
1941
324
6459
2916
7853
6277
8253
8118
7422
9610
9668
2612
5568
7197
3971
5645
512
5857
6211
8391
5161
5172
4156
3678
5311
8685
9519
6633
6920
5396
4578
3224
4678
3729
7497
9946
4869
8252
2669
8011
254
3859
6092
5850
950
3099
7278
4840
9414
9630
1823
3500
7367
9187
6205
8740
6233
59
7952
7686
5361
9542
8480
4245
6061
6374
5608
2927
8293
9292
1062
3091
4528
559
6971
5104
7136
779
9061
8440
7531
3541
2198
2755
4423
3949
4801
8784
1649
2012
9633
7238
2809
6461
7974
3049
3038
5144
8509
1353
690
6217
6874
3780
7865
2015
9173
1083
3396
1025
1550
9617
8964
2347
9070
9472
3773
9654
9836
4902
1833
4421
8760
1581
69
1067
4039
7353
2108
1643
4396
1834
590
9463
1855
6161
5917
3226
1677
7998
8372
6593
7260
6664
3861
4899
2873
1414
5309
7954
1200
4027
3333
6394
2135
8847
632
3526
1080
727
7852
8098
1257
2039
8687
5002
7225
558
8799
2145
4633
2911
6998
1199
1012
4256
6849
6738
5613
6427
1659
501
1316
3442
2122
2094
7460
6959
5926
7120
3532
3881
3265
6817
568
5235
440
4966
2139
8383
4597
3563
6987
448
5949
2543
5577
7501
2781
8219
652
3233
6060
1571
6937
1903
9324
7301
5009
3154
2723
4719
2423
2467
4417
3261
3164
7396
2845
4080
8697
1097
8240
2986
7480
5286
2045
4965
7504
3555
2172
8931
8427
3821
7874
1056
8165
3654
2287
6900
9683
412
883
2005
2206
3367
7725
1850
9371
5724
1394
5610
9656
5679
4759
6834
9749
821
4731
3301
5628
5207
307
7518
974
7347
6515
3425
1324
9868
9990
4175
1039
6529
5835
3896
9300
8331
2508
6203
3319
1632
5531
3257
9979
9381
9660
5352
8084
321
7849
2723
5297
6492
8742
8863
2377
2918
5714
6104
929
3108
9334
1849
9223
9157
2461
5019
6318
3378
736
6709
8694
5140
7261
1617
5687
2880
7331
8175
4474
7789
6317
5315
692
8519
6824
8314
3440
9435
4563
2890
5400
9218
4818
3175
4176
651
9135
7841
4479
5553
1118
763
426
9132
9883
2455
1823
3
8466
3564
7243
4015
5866
2506
4616
5434
8447
8804
9575
8646
8650
6908
3749
4811
3568
9228
9917
9960
7620
400
8875
6395
5801
7506
4296
2331
9064
4269
9735
7618
6315
3939
2858
1513
8500
8954
6514
7083
8684
1489
5617
9979
2684
1168
4254
3250
225
5437
3988
9600
3248
731
2871
1812
6934
7117
8836
3078
7690
4025
5236
6690
2914
6839
7453
63
7375
8520
1477
1677
9318
6324
3988
9534
9563
6923
3972
699
6252
6077
9144
6151
1783
7254
6294
432
4905
17
5010
7233
2916
3805
3241
5253
3325
4077
1511
6551
5631
5336
2069
7045
719
881
1410
4242
813
6914
8493
7962
1795
4353
3852
4080
2909
6805
8173
5780
5494
5217
5622
2288
6315
5294
3418
8097
7821
7128
1563
5523
8297
8847
4791
2837
9788
9101
7217
7740
885
6407
9004
3332
1963
573
3286
7424
535
7675
3263
450
6944
4930
612
7623
4209
1
2316
6474
5881
9900
5055
6632
2607
9359
3006
3891
608
7212
6691
4928
8231
8192
2982
4748
2967
6595
8168
8571
2296
3950
5008
6817
5947
6439
9376
713
5692
3656
6371
4514
5411
4095
8565
1978
5991
2158
2623
3859
3984
1601
2221
9058
5655
9007
6926
9446
2668
9450
6824
437
468
2145
5813
6210
717
4005
7086
555
3663
1897
5170
8511
1888
2754
7442
333
3412
1998
8829
5271
5920
4673
7731
5877
3785
7226
7304
9270
46
276
5080
7378
1263
904
5633
2747
7688
1552
7217
2449
7069
6342
61
1828
1796
187
8667
3028
4138
7236
172
9877
8755
8063
6329
2879
1250
3731
4233
8881
3664
9733
5853
5029
9053
8535
8825
4687
4240
2683
8079
3647
2525
8437
3960
9158
5154
7246
7010
1317
1517
8805
8161
7424
9358
320
6771
3842
5956
528
9973
5978
1767
498
8219
7123
6274
5362
7424
5026
4235
5130
6362
4008
3600
3689
152
9111
2351
271
9964
5394
5826
1523
7855
8109
8085
2759
3141
6723
3205
1476
30
6310
4071
5279
6294
6640
8258
6621
7274
568
9563
7123
2935
4689
7611
1781
3105
2509
7231
2688
3132
1247
4715
5796
9515
2654
8571
729
5923
3061
312
4530
3547
2455
9780
287
7602
8400
5634
3004
5996
8342
1684
8999
9306
206
5491
4383
2054
9004
21
2984
4392
5522
1198
8811
4760
1593
53
9401
1009
9918
4417
1520
2893
1987
3649
8567
4770
6118
709
5267
8393
495
3900
4988
9976
1107
8330
6122
8363
1158
6518
3561
6755
1853
5582
8011
5674
5697
9575
8620
8210
7920
8692
4833
538
4813
34
7962
492
904
8591
8374
2758
9368
9829
230
3571
8260
1478
6906
3765
5233
6165
5847
1761
8870
1423
5018
6662
1147
4020
5926
4059
9008
2550
825
1477
6250
7821
8941
4867
9496
8772
5114
1910
7267
9923
664
1759
4100
4490
6466
1559
7408
983
2775
3461
9662
7189
8986
880
3018
8385
7690
8705
290
4841
7307
355
1165
7796
1651
474
3259
3336
7489
6077
1014
2428
6407
5058
9144
9450
248
7749
3064
8800
4796
8340
1980
9108
2305
490
9986
5762
8428
4262
1369
4707
9645
4967
202
7259
9057
1719
436
5375
288
7680
3077
7778
7862
191
1812
5147
223
1492
5403
7332
4907
7587
7187
4449
2082
1498
7351
1674
7409
8335
362
5415
7282
6214
7893
3560
2138
6492
1865
3342
4187
9843
2882
7449
6394
9626
6220
2447
9883
3719
4991
806
3816
6372
3590
3150
321
5924
7502
9182
8717
5216
7978
3961
9822
8211
5683
7437
3059
1038
5484
6552
215
1400
131
7191
7606
4550
2467
9996
8624
2243
3351
1899
9398
4412
8538
3537
834
1387
2474
7522
3331
3197
1226
6493
7061
4722
2246
4478
7439
2801
3362
2721
1862
6453
5579
2813
127
8265
4767
1109
9362
4219
7480
8102
4538
5423
3939
7325
6600
7091
2063
4217
5479
7802
7905
4904
4107
4936
8725
2737
4851
2697
2926
557
9501
4062
9358
8610
9832
1125
306
7341
1077
4147
2885
9756
2903
5153
5141
6822
2105
9921
5922
5192
7359
2891
9762
1004
9636
4616
5841
1159
8290
8074
2598
7904
6097
1670
289
9272
3910
6847
1489
8795
9997
1936
370
4273
5810
6422
4995
608
7880
1528
9317
1186
3660
4036
1968
8351
7220
4711
6752
1479
9985
2520
7980
8590
628
5841
8263
5252
5085
8475
1487
8256
3006
8390
8515
9320
1614
8274
466
6816
1913
7292
8286
2172
1637
4360
2096
2468
5327
5464
3669
3619
8196
8934
7861
5772
3756
7668
5732
6218
2032
9485
1410
7617
2396
2519
1789
8678
6063
3896
5238
3944
5024
1810
465
7002
7451
6301
9990
9663
3225
9743
3860
1856
2926
8634
1717
7500
3899
2786
1453
7949
8883
777
9964
835
6491
1689
7059
8687
3547
9006
1219
3870
3105
7070
2352
4016
5237
3941
5381
4244
9078
4577
8482
7202
8979
4535
9728
4452
6502
8768
1444
7330
3883
7395
8258
9976
1615
1008
2089
199
6468
1830
9820
2389
5216
2690
6033
9457
6084
1270
2626
679
7594
8257
3489
1484
4408
6848
9833
6919
66
7121
1263
4428
2412
5727
9800
9830
7228
5423
7027
8417
4574
6134
2007
8305
3009
4261
8679
3202
8927
3842
6018
5101
6218
7540
7976
6707
7121
1914
3525
2329
770
9961
1970
1728
1049
9489
6705
8176
519
3770
3286
1761
9710
8672
1766
6406
9656
2792
5975
3366
9464
5422
5862
3512
6408
9469
8232
8810
1473
9770
2456
5550
2105
9405
1871
8690
6007
1596
4626
7323
9698
6598
4469
9693
647
6041
2942
2632
5641
2401
1156
2563
3683
6958
9605
286
5225
2352
4647
3191
4781
7810
8246
667
3101
7168
5612
630
1657
3062
5647
1433
3106
8518
4821
3079
4974
7717
4898
6780
3928
8979
9730
9514
3077
790
1954
7010
8353
3250
4328
843
9352
9415
4867
7426
608
1478
5388
3055
8964
2369
2732
3231
539
7983
6888
9875
9303
7672
9784
2805
8474
739
3461
9618
3633
6122
3696
7976
725
6374
7503
4509
6199
7725
6242
4441
2888
1236
452
2082
3883
802
9437
5554
2402
8068
9412
8887
3012
2998
4034
5846
225
8932
34
5325
6396
8782
6692
6020
3991
705
9648
2735
6973
4504
1704
19
6440
5038
5095
2066
4851
2974
8341
517
953
7257
7260
1541
8300
5699
7829
4021
2818
8555
1036
6416
6394
613
5922
6763
5372
1350
96
9350
4063
1323
7609
436
5892
6375
7625
9444
239
7767
5690
2588
7493
6771
9701
9857
8481
5139
677
1526
2241
8283
1159
3742
1374
9381
285
3327
4985
1882
18
37
2432
6780
7753
5968
5247
995
8766
12
4900
7186
6638
7515
7307
6133
7074
7969
3416
6361
2117
1099
5123
6872
1127
6508
8780
3712
3163
6630
3728
2175
8651
3250
9621
3326
9003
8012
9615
8678
2811
5245
7493
7507
3877
5974
413
1508
391
7127
5892
9067
8683
4969
3818
5015
3601
9374
9962
5980
2798
6147
1543
9116
2669
4702
7617
8244
3972
4778
55
693
3730
8412
6087
94
2405
1314
4545
515
2984
487
5257
9755
9497
7045
2827
139
9288
1207
9785
7387
9611
2730
1504
3746
7326
7152
8169
7076
664
9968
5131
36
394
541
9133
5462
9424
9313
2297
8998
9545
4214
9181
8991
1780
7234
8363
1129
4144
140
7135
7346
5094
831
8065
1159
9794
4570
2800
5648
5515
17
8543
8038
2964
6308
3644
8769
8635
6505
379
4146
8159
6600
8065
2905
2415
3364
188
4228
9486
5681
2704
5189
7762
4662
7484
607
9931
5249
859
909
8945
9729
6039
4831
4070
596
8872
1378
1418
9693
6681
6858
7965
2433
7724
6046
3760
6991
8372
1568
8725
5242
1183
1448
8804
2948
4167
2813
8415
3896
2142
3199
8765
3780
8407
1587
1027
9569
8132
8316
3345
8497
2281
2355
8872
2804
6463
4818
4697
7751
9605
9938
5129
7850
3585
4303
3840
187
6484
3861
6193
6308
8492
7194
8804
4846
3875
9320
2831
2417
7764
1812
4883
985
9246
1792
5011
3686
6785
8745
527
4432
325
5006
2558
6741
6665
6542
7210
4753
2153
1820
7525
6553
2810
2530
106
4772
8223
3103
94
9366
5309
8015
950
7738
9035
5765
9426
1835
7843
4087
2566
9871
9270
7414
6409
5489
4236
1209
6838
1737
393
4405
4352
7802
4203
8635
8979
6952
8079
2862
8805
9556
2115
735
3020
2646
6582
8823
6153
4054
764
7040
5761
8102
2382
7296
1997
304
7470
8707
5271
743
8104
6677
3429
2844
6899
7225
4914
0
983
520
1495
9649
1385
137
6313
8499
2258
8569
700
2716
126
8472
8598
2635
1727
9584
6798
7766
6146
9074
1298
1135
1065
719
4664
4595
7191
3727
4541
3439
1339
9122
6009
6879
5252
1153
9539
3892
467
4016
8864
9360
1005
6354
4791
3329
2047
7737
3776
8601
5244
5576
8683
5062
1042
1703
8702
8178
491
9075
7206
9273
431
4671
3437
2850
6471
9675
1596
7629
1532
5823
6776
775
4078
1620
4569
749
641
8399
9512
5114
7073
3483
8182
6046
4134
3106
7465
5710
9122
4887
6593
9234
7736
8179
9065
4480
9959
6587
842
8914
8451
122
6457
6933
8981
7120
9376
881
7448
4343
7881
2928
8740
2045
2087
3469
8681
3027
303
5355
1985
9969
1268
6015
2776
6787
1665
4731
2599
2276
5774
8807
8699
1782
2597
4926
3845
4475
7231
3810
8474
1988
5832
3533
2331
1651
1233
1926
9135
4126
9444
5788
5083
1139
305
6658
4500
498
8375
631
3836
7228
2879
1937
4552
3830
9442
2053
2274
9690
7867
869
6826
3690
1191
3030
3255
5009
2649
2573
1116
6424
1178
7766
2037
9026
6910
4401
5792
7989
9953
7305
2649
2150
1424
9474
8462
9023
4308
3151
6497
9231
280
5741
4140
7182
1500
7103
4958
5387
6963
6774
9731
1957
8935
973
5459
5362
5485
9023
7393
7215
5122
3877
8147
1477
4340
6016
6129
7700
9437
8831
7830
3935
2762
1342
5284
8963
6763
5003
3556
4421
99
9030
5562
3239
8430
804
3719
5367
82
6592
7769
5909
4350
3631
8301
1822
5248
2318
6261
362
5907
5258
4388
9854
9125
3356
4261
4846
4166
2351
7884
4019
2844
5727
4724
6293
3076
1248
8712
2453
6435
8664
6989
5930
1914
4154
7708
8390
2504
9104
6398
5715
9513
7540
4224
5040
9980
6843
6101
8914
1187
4831
6907
793
8483
6951
9301
4640
3099
9589
5224
5312
6306
5339
194
2226
6441
5387
1732
927
1151
2266
5296
3446
8707
2896
4765
4216
4804
1263
4535
2468
2549
5294
1460
6346
5468
337
6449
5294
3161
7206
4139
2860
5300
5070
4122
4578
5151
4006
7912
9278
1899
2785
8671
1508
4518
4612
1328
9388
1
2349
5663
9495
5568
3521
7948
6316
2619
7169
9757
8419
1922
1256
2662
1436
4061
1155
8651
1245
4817
1246
2684
1431
8942
2503
7983
8148
3461
3185
1116
2799
1399
7672
6465
3071
1113
6683
1910
9985
5972
3227
4555
8849
7272
5150
3773
4454
1857
2976
6103
9991
3713
584
2789
1038
3869
162
4212
9383
6900
4494
7110
8660
9914
8244
2945
993
243
5169
711
4063
3434
1875
2912
1423
8113
5454
2835
6188
35
4984
4500
4661
1109
8039
3751
2838
4764
8693
2098
6627
1640
2445
2849
9936
8125
4757
1363
3280
1058
9111
690
8792
9202
4606
688
8158
976
9337
9660
7891
3272
3135
4932
4539
2337
7744
8453
4981
4222
3716
190
715
7908
1474
8178
2952
9077
3375
6267
9728
282
2161
732
2817
5296
8414
8863
2772
5770
4806
4206
1824
7044
9898
6653
4667
5991
135
2915
6414
8792
1411
2298
7012
9388
7059
8460
9758
454
6294
9853
406
464
9490
9352
6734
5432
2393
2338
8117
7313
3367
1242
8421
1131
3179
8050
3676
4829
5408
7447
7524
5567
422
8411
6801
5236
9714
2996
4807
5700
2671
6366
8774
7447
9519
6315
5395
8717
3042
5707
9876
2475
9937
7846
6791
3809
8296
5206
7839
9734
4190
3362
445
8436
1250
661
9879
5089
3491
5150
6551
8498
6204
4992
2339
2516
683
2489
6196
6757
6909
5695
6021
5676
9784
3510
362
313
1155
1071
3594
7383
5238
4955
2603
7726
6026
4157
3433
2405
540
6957
6050
1621
7555
7800
7825
8457
6523
1397
2468
1266
9246
8674
9821
6470
1759
6589
2898
8344
5426
4912
1825
7331
347
9731
2643
4207
3073
2869
8347
4327
1103
2053
4284
7249
1655
2650
100
8412
6755
8067
8265
3464
5530
3081
8479
6319
7755
9856
739
4194
6328
8604
8710
9150
4530
1329
6889
6365
93
4978
9218
4584
3360
3771
6345
4362
796
8314
6689
1472
9238
6872
1894
8445
4275
6790
8159
4730
8319
7794
9872
9562
8410
4281
9296
3580
5167
566
9937
8394
9297
3273
9905
4686
9397
4387
1628
3140
9783
9165
4972
3770
8186
5848
8270
4019
6495
3167
994
7420
2736
3000
2879
5350
4538
3274
4784
2786
7365
6473
4975
2522
9410
412
4685
8028
8432
1424
4555
8194
5098
4773
2391
7132
6656
9878
9767
6432
3745
7478
4827
6423
8914
678
8946
2488
7933
6419
4572
34
7353
2748
9991
6403
9618
1953
217
1590
9829
2150
3176
2457
4379
1783
169
6060
831
4951
4243
2309
5389
8337
351
4113
5032
6831
7279
1637
5416
9304
1880
5907
319
7843
2765
4007
9447
1658
5129
2193
6890
6331
5480
6253
7068
2584
5427
4974
7753
6814
631
8425
4583
5858
3809
3757
5463
7255
7352
4385
6398
9821
4934
5558
746
8595
8228
4427
8820
2557
9474
5872
8657
7856
7232
4322
9971
8954
8843
6484
8370
8687
2519
6751
6179
9439
614
6560
339
8339
6082
6016
4979
6070
1069
5345
5439
3008
7186
5811
6748
412
7079
55
3454
7468
338
7083
339
5219
1397
9940
4048
9984
7655
5562
8758
4010
2768
909
2096
5143
4673
853
6843
2919
9886
503
9986
5645
4825
5443
8325
9293
3437
7786
7734
704
8035
1741
8449
4485
5828
8289
1205
9363
6139
3007
3170
3209
1798
680
8369
6694
1305
4453
1018
3508
4751
8540
7783
8526
7759
5086
6819
7667
9191
8526
9229
2355
1671
9388
4063
9110
4492
1568
7542
6092
1959
4146
5213
6559
9001
5749
7402
324
9166
5668
9269
3057
5236
6388
8977
9224
7206
7754
9480
8481
793
6406
9191
726
3362
4652
8611
8712
1921
5059
854
4928
2271
3975
1162
1551
7696
5337
6977
2406
6548
5686
4814
8434
6944
9620
1972
5279
8131
5273
9274
2477
2424
8710
6231
8416
4712
9585
7855
2289
9193
7728
7802
2818
22
6625
8253
5407
892
7895
440
7184
4991
462
5979
5563
4183
959
5670
8646
8858
8224
8683
9130
3191
867
882
2899
5996
9150
1913
9892
2053
2618
1494
5607
9730
677
986
6194
963
9491
9908
7413
7858
3777
3759
6240
830
6266
2505
1874
415
2898
2017
9883
3707
6256
7419
1731
5060
9192
6708
2868
987
9286
2669
2786
4837
5111
9414
8092
2984
1313
6568
7690
4003
35
5134
4549
4984
7927
4113
662
5414
9940
4383
9958
8071
5233
8168
4053
8562
4115
1956
9079
446
6439
5236
2376
4581
7723
2435
7088
5472
262
8153
6882
8340
6872
5837
9982
5465
1260
6723
8150
307
7995
9161
8798
8751
8970
4938
3869
4572
6099
3166
9504
7187
2017
6222
9261
5140
7828
375
9748
206
6901
2571
2306
1163
2916
1566
159
9398
5613
5651
2888
2586
7273
2148
9095
8760
2512
376
1518
4932
507
292
2402
605
8072
1025
5412
1239
9672
1621
8891
8631
4610
1409
4765
714
6170
4070
7549
6098
236
469
6766
9598
3666
6082
7157
2133
8998
2788
9628
6271
9185
5820
9939
2176
5793
4015
7345
4738
3641
8545
5049
8286
2450
7024
6408
4502
9439
1210
4842
3938
4863
5500
4620
5013
9004
777
3740
7243
4048
1699
908
3361
6167
3144
470
5953
4383
3500
745
9081
7372
1135
3890
3799
6520
2075
8374
1043
9207
941
7979
7161
1401
7469
2167
5009
1977
107
7984
8285
370
7832
8530
3951
4114
8846
1407
9108
5622
1101
2448
7216
9252
3556
8474
5335
7864
3592
2204
2357
4134
8339
1477
6492
3166
7532
2898
488
3326
9198
869
6080
3473
3000
4833
9594
8693
2690
5170
699
6747
7366
9593
9835
9799
178
7605
2545
3207
3129
7517
416
3360
6544
7754
7117
2403
4108
1298
6988
1695
1045
959
2454
3008
1591
734
4313
1670
8678
4642
1564
6304
4507
6009
6142
7447
3727
6183
442
3303
5106
8734
2456
2792
3577
8767
5747
4395
8210
2442
8866
1040
9813
7778
294
9812
1017
5212
3711
5719
9247
5493
3243
6571
783
483
8716
1273
8302
8948
6181
3182
1241
8195
4961
9187
240
5289
8816
7290
6049
5215
6718
8708
3568
2066
4465
335
7537
7520
1104
8893
2530
2462
7083
3408
4839
2140
6187
4353
6275
3520
1542
5408
8559
1023
2734
4101
251
7546
4232
8389
2255
1781
7172
7776
5452
2723
7470
5959
2803
9213
4111
5148
3441
8865
624
7265
1559
4999
2829
5122
5602
8591
7138
6175
6347
7206
4885
6577
3341
5400
1567
3438
5773
3503
4984
4648
6987
6985
4206
4159
3893
7272
3666
1127
3378
9250
5103
4340
6114
1529
9623
5730
4655
4245
8668
4433
6543
2845
5896
2061
585
4341
7674
635
162
2178
3038
6320
6307
2824
519
3612
7705
3396
6187
3475
2920
5141
8347
5228
2365
9845
1294
4611
991
3654
441
1129
4016
5784
9021
8155
7174
5623
9676
8448
2784
4065
3705
8315
279
4452
3564
5873
9924
6022
7359
2276
2072
4063
553
6558
9195
3552
212
8890
8708
679
1756
3244
9474
1354
2998
5792
2933
2209
810
4623
284
6528
9871
3359
6012
5586
6898
2626
7273
2417
4483
9742
7284
2466
4764
2701
5105
7118
2766
9242
5972
3306
5145
1596
4008
7912
1096
9952
6651
5206
9047
6190
6617
1124
4739
6942
6388
7700
3740
7747
2445
8778
5833
9493
3185
1939
7272
5053
4259
8354
6112
9865
3010
9348
8421
8975
9799
8021
7943
9310
8973
3420
4920
4288
8173
3761
6584
3629
3092
4975
2255
473
2580
1349
6838
2028
2980
3094
4610
578
8901
6432
1982
6569
6626
3514
3043
9208
818
4838
2455
2048
6510
4198
4832
9178
2521
7786
1475
5791
7313
8824
5358
9607
9345
9189
5966
2553
3552
6127
589
1441
7002
3485
9115
8911
4248
254
4536
1148
1454
6846
7484
1272
5346
8471
1811
9951
3188
5908
8232
8490
5230
177
6061
5313
7033
5262
4724
2286
57
8370
4270
9437
742
7020
9917
6799
7321
821
5575
9950
5951
6978
8394
251
3053
3317
3510
899
2640
3154
9468
3136
9295
2047
7601
3707
624
933
78
1311
5347
2980
5400
5978
3871
2403
7623
4093
455
5156
3829
4210
8601
9013
2948
5628
1859
3299
5884
7994
5074
9737
2161
950
9832
5383
6141
2682
2681
9726
4623
6546
642
6375
2543
5116
2599
2499
6748
4540
9112
685
7061
3100
4751
5788
1760
9377
3160
277
6826
2841
813
4829
5260
6144
2429
7083
150
529
2921
6380
8234
2313
7387
9648
5976
5768
8211
7394
4994
4961
4799
6902
2043
1121
9734
1034
2064
5084
4945
3759
7235
4162
7926
3889
9520
657
6467
9425
7887
9444
3907
6804
5717
5097
5760
6836
2326
9681
8486
6676
3835
640
688
4961
731
9332
1441
2900
170
3106
3264
660
7579
3116
6401
1497
9779
5918
7676
699
4140
5480
4957
1689
1330
5366
5447
4453
4926
1307
8261
8140
8812
1613
4751
5892
6603
7721
4469
1230
4400
6279
4859
4666
1895
5064
6705
4090
5000
6156
1022
2799
2498
544
1097
2783
3910
2756
8339
7897
5907
3419
1508
9199
7561
347
2240
9233
6492
4181
4134
6523
5079
7326
6533
532
1738
5308
9147
4551
7106
9676
2892
6367
7684
5568
3067
7292
6982
1031
5384
2754
5769
3812
8774
5520
6598
5600
2296
6638
708
3546
6775
8879
8531
3181
4738
5158
9465
6811
6675
3061
8407
4405
5498
1009
727
2892
6968
5057
8644
1810
3610
1093
1173
3978
9104
6836
439
6030
9177
7661
4182
4318
749
9695
8120
870
1911
9140
7815
3513
2124
8856
4281
5850
6124
1304
542
5225
8468
9285
9973
9018
6222
5495
6426
1697
8950
1054
4064
810
8569
644
9415
6261
2764
5103
250
8686
9494
6850
8825
7530
8091
9315
6222
9454
5751
7879
9293
3946
7603
858
6028
7635
5830
7115
2381
4654
3803
7299
5829
1751
7691
4838
2346
7441
439
1218
3757
7033
7589
4292
5393
3827
180
5243
9192
4438
7117
7940
6873
4803
2728
6324
8079
1152
4152
3252
6321
7972
468
1718
4537
6203
355
1142
1908
8760
9267
2076
5205
4426
1286
78
7590
4183
7466
7123
9468
3782
8516
5314
9157
2953
8712
3128
6545
5351
9559
7192
9130
5479
8405
5052
7218
9576
4069
4218
1432
2126
3092
5731
8390
5190
5519
2293
1737
6747
3762
6751
6670
9345
3375
5492
8086
3631
7798
137
7990
7946
151
3897
2637
4892
6305
4729
9042
3107
8438
9557
7514
21
7101
328
8931
417
243
1179
5056
7713
1376
2549
6274
9613
162
7488
3759
1225
4840
1084
1
910
8204
7981
9773
6853
1261
6960
6655
8671
200
3691
9791
9539
9875
3761
8482
2383
7655
5141
9439
4943
8375
9302
5499
5148
6193
7849
7412
7627
9663
8709
6599
2438
2154
3879
5599
2232
589
1477
4715
594
7681
3008
2634
4971
9706
594
7669
9524
3517
4199
4425
8169
364
7945
9679
3971
3648
9731
2762
7098
9346
743
1405
8632
2534
5595
9510
3401
8820
3565
3019
5326
6468
3943
591
7825
8213
8095
5953
9459
7691
5941
4850
9377
4691
3407
929
5717
1252
5074
8228
4185
3843
9558
7813
9542
6386
7708
1015
122
3831
2380
6835
5544
7205
3542
5747
7034
6345
7530
1978
5281
3363
820
4863
6141
111
8047
8372
5464
9103
3594
8471
8028
2599
3527
1396
5877
5636
544
3861
3073
7194
6565
6871
5636
4616
4096
9642
3881
5914
234
9077
2594
6427
1574
6611
656
9829
6667
670
8350
2823
3119
6806
4312
6273
8398
2958
1705
2175
2010
212
82
5424
3452
6235
3494
3234
985
759
9010
9867
9745
3972
1706
9782
3072
5426
3358
809
4407
913
5628
2607
3909
1398
1840
9318
9566
9351
4294
5959
7246
345
4591
9230
7319
6899
49
5173
6357
1294
2265
2561
3187
635
6797
7096
8039
9553
9676
238
5416
7474
9622
3483
8096
1513
2984
634
588
8467
1839
9696
2240
2519
8734
8935
1223
4098
3227
151
6824
3827
147
7136
4389
48
6718
3126
6845
2724
8653
25
4257
54
4832
8591
276
7558
2532
4001
6363
3878
9961
3151
8900
2834
258
7089
3442
2942
2470
3899
774
7275
6915
875
6922
6054
1010
4434
5896
7757
9989
6557
935
7903
1341
2848
4165
1982
5817
9294
672
9059
4456
2966
2206
671
7023
8189
6540
1194
9446
7877
6995
9354
4253
6855
2663
4417
5533
2210
74
4770
7673
6735
9470
6082
6386
6800
4055
9512
3354
1845
8382
3152
3632
1163
3410
9650
3338
8306
9144
4265
5681
1977
3604
771
2822
3576
2976
6084
3442
3593
4729
4871
139
2915
5625
242
931
9109
5038
8245
3947
6924
2010
5359
5012
3873
2612
7821
9398
8978
4955
7200
953
9339
3947
8762
9537
881
3528
4596
4023
8747
4423
2239
7026
5069
7244
9317
6980
2866
2622
9131
5248
5189
7543
9942
7290
7676
9144
2438
5399
1138
6345
7108
8627
4288
109
4243
3218
215
7268
7702
9438
7388
8522
3454
2447
5376
6444
3342
5560
9595
4635
6317
4414
6917
2730
3495
4628
7120
4162
8417
2145
6965
6004
8119
7971
7786
430
9123
2189
221
87
412
2172
8224
1652
3321
8519
5569
6301
5280
8021
740
890
3168
3640
8959
5574
8359
807
5378
6326
8801
4697
7041
6835
9374
3661
4127
290
1822
3079
4920
8293
7675
6741
7980
2891
4419
8111
4003
3858
1
8941
6833
6765
5511
7682
7768
2592
8186
1254
548
3464
7034
8866
8391
7176
1069
2965
7026
5966
1063
6163
4524
1476
3079
6556
6978
7122
8561
8779
9947
4928
8067
1541
7799
7385
4199
6001
9748
9036
2468
8439
7804
4620
3937
9809
4062
5223
824
9294
3303
3508
706
7189
8701
821
5284
2487
2296
2284
86
2285
5837
3450
6684
6336
936
9363
1251
7144
3078
4413
8633
8924
7309
3366
137
1576
6280
3253
3522
9789
6914
7993
8260
5874
6254
7423
6966
88
5841
4335
3894
8011
397
757
4638
660
9098
7597
8015
7627
8627
9847
5805
10
7851
4459
503
2541
3978
5622
1473
1974
5032
4146
4432
8173
5364
6851
5009
7588
7297
8094
1670
5592
8782
3044
6030
2243
3840
7884
5152
3055
3407
5455
5316
8981
3546
9741
7678
8947
8375
3869
5336
3628
1771
6513
4474
8746
2946
9256
505
9966
3628
7565
7305
8744
8997
9692
16
18
654
4581
41
5622
8397
8489
8161
1120
8142
5633
9378
1631
7508
7358
6314
661
5857
3596
695
3677
8349
4783
2833
956
4518
7679
6052
1024
9109
2496
152
4517
8105
4074
9663
4678
1746
680
2170
209
4155
3644
2088
6403
581
5615
8044
8323
1341
3413
2170
7851
9561
9935
6127
7488
3428
3626
986
9122
611
2101
2458
8063
2819
1425
7253
2851
6338
6353
8689
618
5958
5856
403
6533
445
5249
7299
6779
371
4914
2792
3527
9418
6666
1701
5711
5401
1601
2383
9045
4467
2639
4970
230
1090
6588
5375
6991
3552
6903
4396
6352
2290
4514
2648
9017
4017
6826
4129
8128
9143
1637
1236
7221
7027
7700
1112
8637
5208
6328
5224
2522
7768
2625
4123
5660
4440
6385
5474
4688
1521
766
2749
3574
8131
6583
4970
9297
3525
4430
5419
9672
1309
1220
7379
489
6360
3778
2349
2525
4823
7171
1496
3607
5911
9599
7219
8918
4635
5234
7489
9241
392
9628
6921
4546
589
6865
8061
5187
3933
8816
3541
2277
1738
2689
504
2664
8303
3464
4886
3957
8522
1014
6036
7263
1732
1838
1716
5607
766
8933
1361
207
5739
9170
3188
582
6852
694
9526
9234
8492
8805
3571
7564
8800
6770
5975
6549
3514
297
4232
9415
9203
213
9871
6374
2738
162
8724
9317
7542
4365
3189
6996
859
4439
6738
2775
1564
3416
3592
9475
4934
6128
329
9505
5125
9513
5461
1605
6046
5337
8039
3672
5047
9892
877
7105
4614
590
741
1314
373
3197
6929
6158
8047
8669
775
8905
6394
8381
9048
8504
9793
7702
1275
8360
9580
7996
1845
4554
4942
4221
7238
8795
5499
6791
6275
6322
2692
3318
5228
2547
4241
699
4394
769
6985
5784
6023
2832
1601
5495
9113
1879
3487
7707
44
788
7721
9342
7003
5722
6719
6905
5915
1142
9474
3810
804
9135
5103
7136
2557
8140
7596
3002
7011
8223
4814
8381
1894
6303
5333
6524
7776
6723
9764
2498
9490
6074
8064
2755
492
7256
4885
3808
8089
9915
192
8681
261
6732
1324
6509
2492
800
2748
8541
609
8126
6978
1007
6167
539
2218
4351
6175
2369
3206
7215
9951
5694
5878
2990
3803
6265
7507
1815
1347
8991
5753
1296
5305
7036
9567
2355
3165
5653
1284
3482
8311
465
9736
8115
800
3064
500
4643
2749
5668
3911
8743
1625
2644
2797
2373
2957
9840
8302
4913
7519
2326
3761
7740
7925
2962
8619
7238
9652
6813
8808
372
8089
3069
6165
13
7315
6890
8599
7838
6123
2928
2827
5085
3794
6000
8555
4123
4645
8513
5770
5635
2767
2500
1564
7567
5340
8901
2309
3305
2085
797
9053
783
7740
2868
1116
8896
901
3188
87
691
9072
2057
9799
3670
6527
9701
9347
3540
1784
4432
4906
4656
264
3788
5135
6846
1282
3030
1937
193
1731
7081
8373
2943
5331
92
6962
9360
571
5500
3625
9093
749
1204
495
3366
4644
7512
7497
1188
8025
4322
8723
4973
527
3907
1805
5389
3644
6923
1330
5666
2020
1972
3270
8072
2483
7208
3707
2514
2487
4
4016
2346
7976
3140
5927
9200
5909
9501
6817
9471
2492
3513
1529
5997
5958
4621
6105
7041
7741
6391
1757
7038
6586
4099
4514
6046
8655
4445
6234
2810
6654
160
4576
7749
9524
8845
5442
7833
2438
5512
7376
5801
4550
4764
2015
6693
8722
7630
6762
2268
9593
6094
4869
8172
3211
2266
8079
2597
7324
2766
5109
1179
420
5526
7917
3818
7558
9540
1493
452
7275
4876
3384
3622
7722
7196
8922
5113
2695
2841
3137
2051
8469
7157
9152
1710
6537
4109
3488
6785
3165
6127
8029
890
8989
3176
8043
8541
5729
2507
4100
2774
5943
8398
7663
2858
7421
3679
2045
3323
2392
7332
3779
3131
3092
3007
8048
8776
5865
9824
3562
3526
1126
9428
3081
1594
5452
4252
2623
3426
1722
4424
8978
5986
7760
226
9224
1737
5938
1160
3118
6850
5163
2225
8069
5494
6987
4704
3353
9327
9839
4806
9823
3816
2860
7506
9931
5968
3239
8388
2107
9885
915
5775
9012
1277
7528
6716
3783
8983
3005
5659
9199
448
227
5669
8073
6634
5853
1789
3120
6311
799
5604
4581
6235
8690
7116
8232
6431
2801
1636
5381
6818
3683
1826
4797
8954
7941
7760
224
1976
8339
4813
532
9337
9219
1971
5397
5337
1247
7896
1993
6019
493
3022
2446
4387
5180
902
1267
9996
461
4034
6720
9717
156
1991
418
3726
3305
7809
807
5280
4087
8720
6450
2179
8177
8593
2700
4137
1700
5672
7000
8471
8285
4760
5824
9268
1759
2469
6801
1178
7168
9712
8464
2730
3090
338
2759
8348
1145
7604
9089
6899
3038
5643
9261
9503
4543
8353
3042
3868
3920
3742
1312
8712
2482
9798
654
7570
1182
1675
3174
1406
3871
307
6761
8597
3737
1653
6992
4377
7018
7485
3600
4902
6731
5055
4425
8483
5746
6920
5659
6072
5896
7455
2390
8010
6866
9739
6124
2210
7294
6446
8005
4603
5852
9151
4911
9786
3110
550
192
5624
8142
2224
874
3659
6498
4610
5065
2211
8206
8090
8620
9392
1839
1680
9165
8672
9519
2588
3823
1366
9202
338
4035
8326
172
9576
4247
4669
6125
9768
9244
1678
2010
6496
8818
2215
3592
3639
9122
7074
2375
4346
4391
2743
5514
5605
4426
2543
383
5373
8969
2707
4767
137
7572
2963
995
4945
2612
2322
7616
6927
6871
4943
9217
1058
7676
9566
8593
5970
9079
9365
8337
2637
7570
8963
7164
1360
8945
3930
2996
2977
1088
8701
376
1113
3131
7301
9093
1983
3209
8590
7590
5072
7494
2206
8697
2266
7692
5717
2607
4695
1502
7967
1904
5304
6592
4279
5177
183
3638
6214
1315
3806
7703
9817
1793
3237
2445
8640
1814
8406
1868
5363
6448
9774
9325
9855
9749
8652
5175
7758
6808
4491
8328
5461
2216
8924
9365
1910
8646
3213
4284
9238
8016
7190
5586
6233
6015
9522
9790
3737
8297
3034
7376
2070
4996
5565
5344
6327
9304
8956
799
8207
6592
5889
684
7194
2541
4800
8293
4198
7366
774
9815
4975
3279
2222
1509
19
1365
2627
9793
7940
1380
9263
3066
379
6182
5281
642
9018
4104
8285
7258
5530
8538
9806
2556
9459
7170
4519
7461
6154
974
3591
3037
3972
1412
90
1364
1353
8600
4524
7915
2452
5690
1960
5932
2871
8904
3199
8519
1259
4455
4660
2667
4228
5642
1316
765
3187
8685
2692
2855
7542
3633
1538
1392
1834
9843
5133
5140
4273
2955
8081
4352
2494
4318
9482
4300
7628
4513
266
3893
9167
3035
2869
7094
2642
1701
5449
8322
5679
5088
9244
5569
1790
7859
5278
7461
4725
5008
7517
9447
2813
2738
2518
9667
885
6149
1001
3021
575
9826
1238
8286
9497
7846
2356
7423
7478
4910
7761
432
3259
4480
3459
8166
8966
5785
4476
1135
7608
607
9340
7667
2211
1570
2672
4793
5230
9060
8009
9922
1845
3793
3096
3767
8189
2109
1349
1818
3366
4265
2334
7659
9386
546
2172
7546
7346
5910
802
4483
7863
5459
6703
2107
1317
1630
6722
9109
524
3773
7485
5330
704
2562
6179
8595
2753
8308
6219
8876
3717
587
7270
662
3568
168
3245
6513
2694
7167
6435
8165
5287
82
1689
2147
73
9739
4897
1949
9956
5477
9243
9998
54
8999
2955
4519
8982
1871
3179
839
9318
3047
428
1286
2210
8087
2360
5487
9782
3191
9363
3240
8412
2990
1248
4271
4673
7148
288
419
5593
2320
8581
7067
1369
4279
3284
5783
9507
3602
4393
7041
943
450
8884
5215
132
2051
7810
8201
3382
4722
2311
3713
1673
4652
5862
4435
4019
3925
8067
3355
9152
7202
1359
670
6383
5795
3539
2486
8810
7152
5608
1405
6035
6943
531
9093
5913
7584
1310
5089
1626
2213
1969
2580
8082
5761
5248
564
2098
9883
7502
7002
5356
4687
607
5721
2859
1617
9515
6601
2527
655
782
8287
2245
1667
6684
8395
8854
2433
4098
5005
9654
1155
2935
2260
3564
2335
1010
85
8946
1857
6149
6004
1730
1082
5671
7202
7104
5861
6848
1396
1463
8114
9165
6971
7627
7425
2243
4229
6926
9692
2704
9216
6446
2081
7357
3126
9627
7723
9152
2186
246
5644
493
589
4629
1529
1964
3324
2468
6002
4407
2570
4597
236
6810
9094
1448
5869
5101
6425
3765
6004
6365
8318
5846
6114
8342
4526
4866
8857
4013
8631
8212
1711
2281
8
5354
2142
8658
1707
7273
7596
5058
7520
206
2322
4873
946
5184
5484
3916
2713
993
7628
9517
6843
7810
9658
4485
1199
9398
2924
2062
8480
8399
6382
4142
5818
8853
799
5213
6868
2261
9864
5767
3354
3398
1721
7869
3429
2375
1489
7030
9737
8883
3353
4164
2668
3847
9230
9233
6782
10
2890
2647
5017
2395
2206
3598
3174
617
398
1265
9769
1243
4217
5194
459
7168
4915
7916
7698
3248
1249
3391
1103
5890
6208
4629
6691
1047
8130
3931
4463
7171
7078
3068
9286
3612
7570
9071
7505
4538
1712
881
448
6671
5539
6029
3880
816
2421
3256
221
8081
5246
3673
9821
1919
131
5701
4742
183
8664
6665
2021
3828
6659
4256
3004
838
5375
8869
1903
589
3993
50
6348
4772
6283
8358
8356
6347
611
6678
7306
9101
7215
8826
8871
4241
39
4232
9752
4155
2694
3022
7669
3234
9095
1720
94
3133
2840
6626
4356
4406
7997
7720
9265
2896
1556
1529
5893
1413
7697
5257
8910
1944
4422
2581
6979
666
8736
4002
8733
3336
5840
750
2034
3153
9348
6152
1120
7765
5778
684
8531
3176
2304
1014
8819
5478
7027
7048
1324
241
5699
5527
1099
9302
4279
4911
2498
6302
9794
6742
1097
4912
6361
942
7426
2739
7183
244
1750
9618
8592
2742
7104
2360
982
2930
8182
9514
2411
9865
4192
6388
4812
5506
3207
5067
8406
8507
763
4882
1057
8442
6240
3593
4053
8513
3110
7567
8588
1520
596
5528
1446
2084
401
8841
83
2574
1870
8656
1297
7151
6723
1025
2818
8383
9989
7963
5848
4573
5888
2714
4928
2496
6119
901
5705
1099
2469
5559
447
6783
1903
8075
9513
155
3112
1264
9131
8703
6608
6812
5736
4526
2714
4685
4999
9538
6713
6490
4561
8681
4150
4505
7525
28
736
4889
2328
1713
5345
7423
7580
822
441
4431
3980
7870
4442
6672
4145
4857
5199
7666
4468
3435
9817
7243
7473
9678
71
4300
5700
4307
9121
1811
18
3540
4977
6682
247
1701
3903
6108
4919
5785
3832
4664
5955
3281
922
7166
2955
7919
6175
4518
9434
8665
5299
5136
6306
4969
1203
8774
5237
896
4852
9709
9789
2059
5645
2843
3961
9230
8403
882
3812
348
9903
7802
2259
3049
2653
4749
4747
855
8340
8876
1453
6076
7229
1279
7343
2453
897
8138
1208
7715
9748
6091
7416
692
5256
5519
978
9949
0
2196
4279
5779
9714
57
7631
361
327
2418
8262
755
6498
3016
1490
4248
9946
4925
9245
9639
1366
1789
6403
7905
7668
9184
5240
8036
631
3820
9495
4007
5355
1991
9763
33
9957
1754
4364
2325
1211
4384
577
6600
189
7518
2844
8914
7663
5166
1566
2082
1141
1043
2087
9004
6074
4049
6354
4206
940
3908
6971
7137
967
8558
4062
1579
6684
2767
9165
9217
9566
8076
7358
3961
1034
194
8927
2253
6000
8020
5239
8908
3026
5665
7306
1914
9511
5537
1512
5096
4205
3981
7090
9023
2025
5902
2634
3829
7468
317
4871
7666
484
8794
8178
7788
6603
7161
7504
3214
8945
7174
9979
2551
4097
2841
5439
6463
7570
5636
7423
772
9596
8778
3025
8323
9221
2122
4205
243
7463
7976
1965
2170
5456
8029
1409
2003
9254
4485
7682
1751
1989
2758
4912
5624
646
8160
2811
8925
7101
9984
2826
1047
1839
3694
3676
9699
894
7831
4985
2872
4979
9733
5891
5024
3255
8089
7006
9075
2558
91
7017
7742
6912
264
8825
3763
5173
6331
9025
618
1741
6054
1615
7893
4121
4655
806
4658
9625
7240
7779
8745
2707
8102
4302
4565
9709
3091
3471
9104
9735
8943
1498
1926
4632
7506
7417
5596
8323
8492
293
4105
4757
4173
9025
8674
7694
3936
7139
2644
4970
7394
9935
5098
2107
4465
785
3727
5621
8959
1623
1581
7110
8614
4569
8004
7935
629
5462
4230
6515
8328
5436
7647
8251
4791
2163
1761
8099
4581
8311
6766
7941
7368
9009
815
9808
744
9601
5969
8052
2496
1737
4911
3213
706
921
1226
6746
1959
2434
9382
9929
8420
8393
4430
4864
1160
91
8248
9962
5234
9303
8946
6221
7503
9981
1996
6212
609
545
2319
7038
539
5739
6715
82
8200
3918
1790
3276
1484
6707
6560
4425
7154
833
8412
9371
9349
811
9817
1129
8154
3783
7015
9238
9418
7478
4676
1661
8366
1045
526
6614
2515
2623
1075
9383
8653
1308
2020
1594
6391
6731
5944
2871
6008
7495
5756
5598
9057
649
9065
4419
6707
4410
7438
4918
9710
4018
4508
6557
7381
1218
8833
337
8621
4474
6443
1554
2371
1048
8350
2488
9789
911
1969
4055
4552
1760
9235
2286
2593
3239
7739
3308
3328
7812
1069
7231
6319
9732
6168
2698
6184
3451
8220
162
4236
3009
3321
3542
8336
822
9810
8153
7473
1635
6256
3710
5832
9359
1876
5102
4777
6314
4724
5240
6965
7689
7111
6246
6688
7983
3500
5863
4109
2117
8451
9007
1589
3878
1647
9432
8614
7673
4003
2306
1992
3531
3002
1358
1355
8536
7219
5011
2764
2694
9241
6971
9110
7310
224
8158
3189
2600
5611
4073
966
4291
2459
5722
4139
686
1618
7914
2411
3093
5126
6343
1237
9531
4192
3741
4564
4960
9764
5505
9502
6367
139
378
9431
9191
1261
4172
5747
2756
186
3586
841
4121
5607
3623
915
3116
6918
5345
497
8351
8541
6459
5149
4678
7161
2302
2169
5658
140
1467
1701
3593
5825
1111
1756
3095
2896
6532
1726
7573
2749
5976
8041
7388
5867
8043
864
3830
4078
2002
2798
2442
1854
467
7891
5986
3847
4549
9357
7706
6814
2566
5074
4631
9454
3256
7770
6882
5375
7177
9497
1216
2072
8349
4458
6063
3468
9066
2567
415
4384
6752
2708
4874
2668
2739
8140
9218
5104
6646
1924
5125
6302
3686
2219
7791
165
4944
3891
141
3374
5312
4553
409
4495
5591
7327
1175
3341
584
1259
571
9886
3855
1993
1076
956
9918
4844
2537
4006
6
657
399
8848
3406
7764
1268
4059
3619
1276
8779
400
301
4833
2436
4261
3049
2862
8503
7858
72
3921
9773
6685
1011
8640
9803
817
3689
7446
2492
1501
6279
6026
6090
841
6003
6272
5545
8628
7797
1705
1584
536
4419
486
981
7231
4887
4874
8803
3311
1855
6269
5690
433
2240
8940
2484
6031
7144
638
9696
7291
943
658
5676
7292
1497
7300
4531
7747
4699
3886
1393
557
2695
2715
6095
9921
6406
2919
1936
329
272
5106
5079
3565
9307
1715
3490
4874
4558
3705
3191
8706
2577
6845
8937
5517
3683
4147
6311
126
4503
1183
8097
4784
9084
5301
248
7199
9448
6249
9985
1683
2688
7860
5670
422
3383
7576
7754
2503
176
4267
5334
3751
3441
4287
1156
9009
806
6114
8039
9255
1295
8689
7333
9383
552
3447
3907
1660
2595
1060
8747
2145
3219
