7277
1082
238
9347
2605
9429
207
9254
8063
1353
5534
9101
1857
5772
6310
8545
9541
7436
4321
9272
6122
4251
740
8282
9750
5702
3893
1502
6287
1347
4445
1249
2169
5559
488
3619
3209
6466
1640
3118
9704
8760
2298
6723
8852
668
7328
6019
6144
7819
1133
1878
972
5506
7456
6652
3215
1388
6488
8286
8656
3340
3925
6816
581
6276
1263
5141
5346
6144
3744
8479
8995
1474
12
1362
1397
2619
8993
7859
6158
4146
5865
8770
1901
3060
2556
4545
5980
1128
3331
3888
6498
3629
7703
6695
7013
1539
7144
8623
2508
1187
4186
6957
5331
5196
8969
8652
3656
5803
4877
6582
8338
6038
4296
4350
1121
2741
6892
141
8208
8525
5067
1288
6791
4026
4502
1914
4221
9433
6214
1443
5371
944
6137
2477
9564
5562
2484
4406
6384
6898
4504
943
1168
7707
7039
80
9867
1657
2277
2101
5887
9920
5299
3690
5428
9368
3878
1086
818
1881
9726
1447
8099
6409
2515
7026
9778
8943
1666
3524
6642
7139
9926
467
2908
2292
9121
7066
1329
645
3689
893
6654
3221
240
2409
4925
7465
9371
2662
983
313
8948
3373
4295
3732
6075
112
4506
2944
9175
1306
7331
1906
7130
4597
5483
5318
4147
8209
3317
1516
9197
7303
5855
2063
2037
7003
7461
6547
233
5559
8800
6762
7499
5882
3740
6259
965
5628
743
5969
3926
6156
5412
3427
8954
3705
6608
7893
9320
1033
5340
6594
9286
5753
3736
7939
1255
7826
2113
2265
8964
9716
5650
6579
872
6402
1478
4124
4
4170
6573
2965
324
2798
5500
3706
6473
4852
1423
8900
2213
7238
1642
219
5910
5735
6381
6837
9129
7315
6469
5711
7552
3266
5871
1846
6846
1033
6744
7778
7070
2764
5073
6465
3716
5252
9422
7868
5419
217
3180
7064
7582
9292
8642
4299
834
9812
6961
2904
1808
8979
8789
1945
3169
580
9950
2072
9570
5923
1544
4602
3446
3832
1061
2984
7803
9250
1965
6780
8500
2988
7084
2820
2278
7519
2937
5958
6399
4340
743
2977
9904
6180
7253
1419
683
3150
2448
60
5351
9108
6360
4870
1040
6834
2527
128
3676
6299
1790
6445
6264
8754
1426
8302
9265
6803
52
49
5695
9452
4870
9075
5308
4043
9880
2729
2866
6069
8283
6807
8465
7599
8221
1740
6864
93
1507
6346
7164
4485
1221
6805
2108
7871
4450
6184
2436
9323
2804
8350
8696
1759
1071
3523
744
2908
467
6504
122
8156
9281
765
3270
8458
1307
8702
7082
8141
9507
5053
4158
5378
9317
5288
1234
8870
4177
7590
9715
2317
9616
1747
7788
9026
1272
277
1049
443
4378
6027
9671
391
7193
7889
3624
5111
2741
2946
6914
3703
3333
2203
8839
7816
6660
4488
1999
5547
5586
4269
8721
9163
2298
5571
2097
392
3428
3341
4483
7068
7649
6294
8029
9883
6036
7000
6731
9548
9040
6187
108
4254
44
9305
8938
5769
5172
8122
6615
1443
7241
6177
9778
2795
2968
9682
8377
1141
8487
5166
4009
3682
2172
749
3760
7547
2920
4982
7940
571
6801
6814
5084
7815
5837
3418
6604
6042
6010
2051
5182
1649
1626
7110
7020
2431
6796
2532
1642
2206
7462
2957
4831
3
8910
2804
5285
5916
7944
1886
9142
761
521
6797
6182
8853
3243
2580
5488
8991
7081
5462
5432
1065
8442
7375
4944
7100
1994
7390
6950
7862
3396
5773
4731
2497
2604
8559
2734
1473
6344
1285
4358
7610
5487
8973
9823
2348
8602
2808
9659
6364
4039
6999
7562
1872
2684
3697
372
7078
2120
7954
7155
3569
613
8851
1598
2802
7082
9027
2032
2655
669
3231
4456
4306
486
5571
4697
9857
1502
3245
9809
8645
9142
234
7606
6505
148
2511
4444
4945
9128
7894
1124
4708
3453
1299
7295
456
4076
4370
1264
3321
2362
8943
6351
9157
2065
9682
7001
2919
8956
6517
213
1150
4411
3139
4017
8905
6775
1438
4475
785
7935
4365
8605
8291
9585
3713
6943
5992
1701
4002
1968
8115
7971
2570
5807
8439
5797
7166
2403
7394
9782
9941
8523
9754
4538
5142
3728
9507
8247
3202
6806
3354
3489
5451
9345
9089
9972
9296
5493
2934
2666
582
8133
6130
2060
2788
3901
8700
6373
7851
8459
7975
1971
6544
5496
8079
2326
8056
6821
6619
7899
5839
4096
1871
2994
1588
614
4274
1786
9365
8770
1094
5919
7986
6596
1049
7450
1600
7901
5191
9303
8925
8358
4570
4708
5035
5536
7951
2821
3772
5286
3430
3924
9128
8078
6486
7941
909
2623
1530
5960
1411
861
3244
4376
6826
8655
5821
4864
2979
6754
1646
493
4105
1462
4142
7039
1482
6358
3088
2793
421
5781
2343
1384
9074
7700
177
6704
328
3296
8382
3217
9791
4216
1324
6904
1235
396
4753
1795
4929
6528
2531
9197
8513
2480
6439
247
1696
7711
4292
9863
2473
8376
6579
1626
9424
7317
278
5173
683
1757
4178
281
7213
9735
8730
5573
3199
701
1209
5237
7869
6685
9356
2616
3931
4601
5994
6992
6274
5566
576
1443
6588
2001
1117
2846
8663
1093
615
4312
1129
3994
8569
4436
480
399
3082
801
1812
9608
3418
4588
2796
9130
8507
6453
6106
8675
4362
4991
3636
7943
8152
7904
6000
6694
2666
1720
3099
2985
7737
7519
4886
9946
9255
5559
1757
403
6831
1649
8181
831
8711
9355
2114
9870
2325
7239
4322
8132
6875
1910
3834
928
9936
7331
7018
5385
3437
4413
1647
2932
6816
9484
2486
883
9616
5685
6792
1496
3887
1432
7142
5576
3173
2439
9298
4378
8878
5073
199
9806
450
476
8599
9018
4684
32
9455
6128
5018
9472
4136
2156
4465
4868
4477
6440
3033
3218
8532
8338
1244
1996
1931
9446
7831
930
5825
1925
1450
4504
6046
3463
8738
66
1215
1900
3936
8283
114
9278
390
3750
1306
2082
1101
9419
2576
9246
3446
2915
9718
3076
8523
6143
8233
2652
8497
8962
6930
2672
1197
5936
4329
3457
96
6766
3576
3912
3184
5704
215
3222
756
6689
6440
6844
4011
1717
6625
967
9770
5915
5202
6931
6160
9542
4146
3200
4856
3355
3691
2914
1275
9516
8462
4498
9247
9907
5764
7106
8016
106
466
2494
9576
3863
5048
6702
4414
9254
950
3240
3977
142
667
6530
3264
1733
3868
3365
495
2383
3934
7549
5207
1570
2000
9676
3651
4357
9175
9711
3667
2455
6295
8889
4935
7115
7115
5035
6986
1489
8274
7317
6552
8048
3782
9142
6013
1200
122
1982
3003
5460
4063
3397
4839
7972
9971
7061
4385
7416
5815
1010
2255
2817
4507
4026
1125
7602
5656
728
818
9947
6681
7650
2906
4598
3511
5234
187
6714
3952
9905
2431
1341
6067
5295
2398
1831
4283
9504
6316
641
9366
5152
9766
4188
2800
3159
3844
7198
5937
2488
940
7176
2383
4195
1763
2723
2801
3706
9776
2872
6786
7745
3343
6430
3550
9375
7807
8238
5596
2065
89
8035
2312
557
7085
734
7884
4067
8267
9286
58
7488
8442
9915
937
3244
856
2667
2137
5268
7823
8126
1876
3010
2528
3372
2132
888
7279
3199
7515
9947
6107
4579
1314
6364
776
8361
1170
2610
2731
7771
7753
5587
8593
8426
6969
9682
6348
8675
2003
369
7948
784
9643
6008
4886
7034
632
6510
1619
2460
74
404
327
2195
7688
1777
6139
8770
8342
6072
2346
82
7935
710
261
7447
3301
9527
3220
7805
7026
696
1754
8321
633
9735
4035
6188
8510
2134
4173
6282
8127
3391
160
1337
4254
5281
1786
9613
9340
8697
2811
288
7427
1324
491
4007
5872
4848
9507
9872
2683
1563
8671
8310
7924
2867
157
1767
6668
5140
2018
3165
5501
656
3258
953
5655
6496
137
6110
4920
1369
1571
9705
5831
906
3221
8750
3470
2738
6782
9245
977
6110
2621
900
3359
1456
792
7982
5572
5675
3142
3289
8520
2635
6282
4197
7496
1809
8492
2552
3631
7948
7173
2223
8528
1027
5863
5183
9619
2751
9080
2506
570
3110
7481
76
9710
7378
5223
5557
9451
7136
6860
9841
9892
8499
7491
8755
5557
9817
8855
1616
5364
342
6086
1720
2178
7260
2727
5839
4803
428
4549
5257
8456
4678
311
2965
5733
8061
8174
3232
7684
118
9418
1946
8310
7534
2025
2902
5585
7707
5501
1674
1674
4827
6777
9591
4688
6761
9000
9186
1667
5630
1770
3713
7983
435
9723
2369
8905
4037
3442
1380
6036
4626
4579
2776
2064
8127
4657
2658
337
412
5892
4746
2679
5215
3954
720
9583
3133
4414
2636
5141
6823
3386
2867
1252
625
3785
4646
236
8590
6838
8484
4143
9399
1162
9263
7432
1866
4414
5500
24
1391
2030
2324
718
9158
4662
520
7411
1340
988
6177
9199
3965
8057
7557
9483
1091
357
9061
4884
7932
4606
1492
7304
1386
3813
5107
8369
1603
5605
5159
9067
9017
2465
1019
5188
2116
5352
9457
8975
5179
1400
5748
4884
9090
3372
8346
600
2750
3443
7765
9428
4547
79
2680
7365
4094
1654
7271
5567
9086
9897
4871
9902
4589
5679
6084
5899
2701
1885
4194
4664
5742
9668
4539
4024
1852
2487
3814
9374
85
903
7497
1296
1751
6877
5925
1543
5144
1939
5776
342
4799
4799
8880
9445
8656
7645
163
1257
278
5784
5132
2769
4328
4229
9560
4224
6414
9020
1454
1954
9676
2772
6244
9324
6957
7514
2062
6581
123
7934
7794
4363
9131
6842
7927
6259
6262
7247
9916
8609
7457
9902
5301
5919
5406
6031
9663
6014
6939
3922
9429
2951
5048
128
9883
7533
7223
6796
136
7313
9036
3692
2464
8672
9524
2926
9343
9437
2257
329
6114
3063
7683
5745
112
7190
371
7254
8838
7512
793
5050
2351
3394
9661
7133
5650
3557
6906
615
1381
6911
5663
4817
9888
7739
7887
6368
7484
6422
7432
8095
7019
3887
9472
9272
1153
8106
6764
7758
127
2176
7627
7786
3584
9351
2574
3760
61
9354
9483
3998
8971
4261
2087
3409
2724
9967
4928
1235
8771
1603
7405
357
1577
7613
3037
5764
44
3614
1116
2155
239
2316
1588
2134
365
6825
9552
750
7311
7631
2540
3749
621
293
9784
1712
1025
6880
7579
3964
5175
2904
8692
4078
6848
1429
7212
6571
5254
1527
5368
1905
6538
3807
9418
5312
169
5566
6966
3353
9421
2183
338
9393
9664
6867
6951
4529
9675
5250
6869
558
684
8329
4834
3248
5254
3276
9587
7889
7346
8
4211
6148
1204
7501
3552
7199
4488
1847
5477
2854
7803
6793
4258
6005
8038
5557
1192
2106
5
7769
4416
3901
4199
2265
1451
2029
8749
3988
5300
7625
1653
6694
2354
3095
1296
5499
1114
1252
2783
4763
8401
6873
93
1670
8926
7110
6806
5324
1406
6366
6725
4905
3841
3822
8234
3500
3250
8555
8235
2627
4325
8903
3841
4101
9064
1920
1523
5867
491
1941
1265
3244
2684
2854
2183
3875
6236
407
5057
8351
4093
7616
9021
4359
5389
916
6763
5832
3612
9980
8258
1964
5656
2592
332
2073
874
7089
9266
7763
4873
9542
5378
6591
4445
3040
5388
7989
8686
1804
7164
9216
6971
21
2386
6294
54
5012
5214
6735
5996
7365
342
6212
4579
9991
8778
4757
1436
367
414
406
8775
1305
8998
1271
8998
6413
1649
8991
4266
5802
4780
1284
7001
1186
4743
6170
4097
1857
3253
6742
1703
58
4445
5389
360
1968
4333
6381
7905
3503
3006
7864
4233
949
3682
7449
7211
1040
6570
6341
4306
6068
7300
7519
7630
8745
6818
6871
1299
5391
7030
1472
2160
2479
2809
1804
5389
5424
3291
5207
7997
467
1668
1469
7283
4635
985
4617
5537
4332
4955
6491
988
6015
5065
2020
3131
7423
3157
4097
190
5539
3252
3426
5676
536
1695
4118
2724
6202
3319
8165
741
3904
7973
4265
457
7857
5775
5194
3180
1142
7015
9429
6059
2270
5742
1400
1223
2968
3877
2684
3496
3344
1780
8320
3310
9497
9283
5406
4275
2163
7541
9900
9101
8426
9845
3089
5567
2459
6137
5217
6591
3155
5187
8247
5554
853
7911
3359
6435
1272
1526
8077
2547
3515
184
3885
9211
3254
6041
4216
5629
6222
634
6271
9688
3652
3224
1047
1561
3740
2634
418
2991
8133
6211
1670
6679
841
7832
4156
9046
2482
1372
3319
3093
2423
3046
6734
70
8818
8436
8680
7733
9552
5113
4019
1642
3972
1841
4673
6443
8520
4038
5744
6623
1281
7467
3380
8797
7085
8005
8692
8418
8412
1402
1069
545
8104
1457
3703
9044
3843
3353
4562
8065
4876
9638
3948
9081
1821
1142
9714
8602
2468
1473
5680
387
6459
5743
7015
1175
5830
9731
426
11
1417
3045
9509
9322
9363
4558
3835
5145
3147
2204
6363
4996
6150
7509
2157
7174
8498
2073
9966
9624
9203
9152
8950
6561
8695
3090
3362
251
3975
1237
9315
8694
5628
6065
7603
7174
1340
336
6735
744
4624
8449
9653
8002
2931
7179
7499
2743
3913
3615
841
9226
5961
2582
3077
7482
1833
5113
6873
9180
2180
8736
7011
1127
1419
3362
8969
9944
309
2107
614
7253
7668
9403
4582
2831
9366
4843
2490
240
6820
5051
3400
7076
2923
6887
1570
5333
4900
8104
8977
5966
6082
470
1710
6337
9512
8059
5932
9427
1172
7907
4006
9861
5708
6864
8849
8046
8692
2570
445
3188
8200
6291
9469
4026
3564
5432
5425
931
3614
2259
6108
1989
4997
861
3911
6184
6568
6850
9473
9917
7005
7325
7169
444
7484
258
5498
6533
3296
9450
3497
9256
5386
6857
9934
3889
1377
6795
1845
4331
6826
4685
4544
1941
4271
5881
8435
2257
6767
2105
3003
537
1299
4076
6219
2237
664
5782
1941
6487
8526
3825
8466
1600
1084
2930
7758
4619
5037
4631
5523
9966
5531
8492
4544
4978
8646
1228
1557
2656
2033
6468
158
9915
9434
3188
2490
4444
564
1839
2038
1960
9235
5698
4555
8431
1267
9537
5937
9101
6165
5053
4302
1715
8582
3426
6704
112
5742
3500
2770
6968
7442
809
3838
1239
4727
3114
4479
9679
8500
1283
3874
6540
1954
4818
5385
8857
3491
3372
6667
3580
4587
5971
7404
3452
1776
7187
324
931
5018
8876
3550
3966
3510
6538
8191
2225
1949
6912
5169
8503
652
2660
716
9287
3456
9891
2720
8707
2191
9941
9904
7450
918
2187
1806
3165
6603
4645
3168
6319
4158
6432
1436
1957
2593
5757
4678
6541
9888
8364
3682
3978
4799
7447
8487
157
352
635
1827
3696
5357
5937
437
5293
151
1500
7419
7035
9420
5962
5000
1576
4575
6269
2193
1858
4999
2116
9189
6495
4085
3634
5015
2620
8387
4400
8185
5922
1430
3790
1367
9621
6416
9460
9757
9319
5285
7383
405
9898
9463
2504
6977
5410
2448
3334
7281
1160
2859
1395
1490
3403
8736
7732
2356
5232
8234
4482
3173
43
215
8318
7487
1910
4667
2754
4683
5006
9249
1042
1777
1085
928
4481
478
977
3605
8639
4816
1436
2771
5504
5712
2053
7699
1128
5580
7803
1450
8323
1296
6682
7430
5393
7984
9366
1876
5630
1733
5252
3345
5328
4962
9352
3898
2729
6130
89
1923
1581
3953
513
6193
8893
7635
1089
7509
3857
4228
8625
9877
7893
3628
6100
7336
1338
1614
7274
8349
4925
1759
6911
5624
8149
2286
2368
2043
6694
5108
6062
750
722
3832
7116
4970
7455
9503
6419
3127
1668
6655
1828
8448
4365
5471
3933
1392
4286
4637
4821
1531
4643
2219
4897
7659
3158
6774
6921
1862
6666
3317
1493
5144
4741
3115
6656
1906
9962
7848
4319
3823
1428
3538
4571
2479
7486
2092
3865
1890
2159
1696
1627
3138
5908
9726
7728
6797
742
3825
5702
1534
3050
1514
6432
1607
759
9484
5842
3758
1858
867
6617
9089
4917
2273
4024
3590
2894
8471
5949
8579
6947
5692
9793
6102
2884
4813
1583
7619
4665
2785
6572
7545
4474
4664
8916
4159
1213
8111
9254
8336
3482
3139
6389
5615
5531
3840
2735
665
2831
2980
75
2550
1246
228
331
1003
1334
491
1201
3472
5235
4619
5566
2793
4686
9921
3061
3315
6220
778
2159
3084
8759
6379
455
7023
5259
2322
2853
8748
6566
7767
5224
2864
274
3758
1468
3125
2207
3979
9436
8968
5417
8674
7105
3427
9241
9403
3160
2359
824
3135
7873
9656
1149
7537
2260
4645
8087
5131
9534
1090
4215
8484
3737
1636
8741
763
7817
5480
563
6003
2563
800
4414
2827
3224
6219
9216
8745
8991
5568
5987
5458
545
9959
4528
7384
606
116
1926
481
5229
4545
4854
4368
9600
1734
3306
3826
8582
5976
6006
1239
6137
2219
6902
4490
136
6421
9175
8687
784
3729
4339
6825
5187
2669
4980
3877
3498
7264
2489
2726
1142
2699
742
3197
5410
4699
709
965
4869
680
91
9161
7556
3134
678
5939
6516
2645
5810
8801
1741
8911
3435
1014
3130
9453
2108
7642
6764
5806
3686
2255
511
2358
5836
1073
8756
8695
683
2793
2397
8398
2663
2399
1863
3868
8065
4969
3585
6687
8133
8836
9276
9229
5535
5021
5675
6253
2077
9661
1433
8801
7392
3375
121
7764
3116
9775
9160
5612
6287
4129
2352
1340
574
1835
3318
5353
6683
7296
8803
6727
4691
3018
6639
1103
4900
2819
9385
5087
3947
1889
9667
4750
4315
4731
7994
874
3498
828
6212
8336
789
9074
8594
6295
4388
6515
6565
3114
4920
2398
3245
7360
9633
2921
9484
2330
1597
9020
1592
5512
314
1017
5680
5208
5884
7847
4838
9372
857
8090
7307
5271
5746
5952
312
2708
9357
9354
7336
9442
2173
4613
4227
5712
4851
5172
2005
4529
5534
2380
4718
5660
6781
3420
1554
3396
7349
4550
3552
2622
7695
2334
4000
8676
89
6655
2774
5845
1548
1300
8035
3014
4733
9706
9034
2489
4621
8543
8016
2761
5243
4614
6204
8463
330
9451
1823
212
9213
1581
9677
6180
3262
9069
3257
4859
3118
6802
9887
4175
4726
4950
4746
9401
5500
2912
3894
1953
3618
7774
4303
6277
2297
943
3753
6517
6387
9067
121
4767
677
1376
8128
594
9627
3754
136
8993
9445
3821
8631
5350
8735
6610
6417
5376
6639
9740
2986
4938
9191
7590
680
2921
7771
5819
6983
2002
3980
8561
3654
2438
6019
1794
6286
9836
1145
9321
8083
7321
1491
7734
4227
6526
1211
1470
1820
6941
5113
4738
2954
4441
8896
9929
1502
4538
7045
3213
2634
4554
3243
8607
6216
1919
6634
9448
1611
2005
9982
4734
6061
3047
3931
5391
4471
3290
5517
5324
5039
4679
3054
997
1787
2498
4993
3133
3877
8859
7596
5738
1607
417
5458
4379
3493
3438
6942
3606
1961
8851
5980
5853
2474
6912
7457
6348
1286
9152
4715
1298
1438
9167
66
7754
4145
5849
9614
6101
2752
7809
530
5493
481
9546
3703
9672
7856
6902
8547
2879
9503
2152
2584
5578
397
1448
3673
8675
8613
8355
1623
7715
9453
6555
4826
6021
239
3970
9722
5477
4453
4047
2414
1171
6637
2235
6027
5802
7196
9339
5678
4376
15
5146
758
9818
540
737
6472
9094
7511
9126
2341
3540
1105
4207
9689
9481
2922
7649
1674
5793
7223
409
5425
4872
7983
9094
2885
4518
2447
6034
9826
3621
2269
1883
5305
2864
9162
4930
81
5769
9489
4846
3979
5095
2796
1774
1763
8955
1973
4394
2994
6413
2922
6644
1329
3544
3450
1505
1560
1214
7244
5294
6356
9897
3630
7856
950
9408
1835
6476
9944
5426
8806
240
1243
2114
7539
716
8749
4830
4709
3568
3750
4142
9250
9860
7553
8246
6210
1774
7671
7576
2630
4339
9622
345
3830
5037
7297
2318
1347
6661
9330
403
5707
9006
1019
6007
3946
8302
8665
9416
9325
5657
1369
3446
3251
8747
7893
7095
6028
9170
9095
8039
6739
7062
4526
9609
1576
2646
5310
830
4150
3857
9714
48
1459
253
4733
172
7462
871
8814
907
5506
7479
593
9771
753
3279
2625
6974
2444
1201
2364
1343
9382
6298
1984
4588
5433
5039
5377
724
8
1938
2300
1103
5139
6241
5189
6164
4713
7115
1325
923
7640
2608
8752
3984
3440
2772
3242
1632
6965
9823
4313
2132
6211
4580
14
967
364
6396
6893
4917
6541
6094
1556
7954
9518
1758
6601
963
232
7919
6188
2717
5426
8550
651
857
9156
237
2947
4081
9868
1008
4324
7642
3326
3863
3214
1453
1382
6865
4024
1571
4265
1369
5295
4461
5049
2920
1787
8350
8872
7031
5325
245
612
6430
6885
2330
8897
7934
6369
2548
596
6664
1807
9973
6731
7256
9731
6484
4490
5633
9332
1684
5712
5894
8656
3077
248
1250
9056
423
4235
2885
9687
5207
6659
3788
4724
3864
1627
972
3142
8031
4402
2490
639
5210
9662
5386
8385
2173
3916
1810
5349
7835
326
7801
1803
1886
4766
5426
588
6884
3879
6799
4683
6710
5475
2580
4874
8405
8486
5754
6248
2691
2713
1020
3432
5420
8411
8289
3293
2623
1234
342
6849
7820
9919
4119
2469
1516
2383
1818
2515
9864
5806
1241
4863
4439
6951
6778
5532
5079
7526
3772
9626
807
9742
2352
3693
8318
4950
7346
3226
5692
8878
4930
922
6748
2607
4164
5041
1986
4928
2832
1912
2055
6326
950
3414
1613
4755
1394
5965
209
8783
4711
5009
2317
1876
6428
6756
5479
8179
4624
5772
5961
1908
8683
7894
2253
6362
2210
723
2005
4357
5798
5360
3093
3793
3194
900
9694
3980
2047
9955
4823
7173
5023
2752
8921
6960
8530
6015
8888
5622
6863
2455
1161
8761
5283
854
5349
229
2087
5183
3737
2929
8721
2783
54
5477
4522
6942
7467
5990
1495
3488
5309
6541
278
2699
81
2709
8087
1587
5238
9155
6740
5136
6610
3888
9919
9681
6279
1378
9031
1866
2721
3433
1174
25
3630
4901
1241
6663
9995
5124
221
9481
2568
9769
9346
7158
2503
8664
6111
3203
1398
7534
7955
5258
9589
7502
595
2858
598
9014
7108
6439
6914
1152
8391
6706
1938
5012
5324
899
5584
715
5876
402
5946
2878
8695
4038
6703
7277
2414
245
7354
2955
1247
8714
6201
9095
1907
6356
1897
2357
9573
6778
4527
6699
4169
3757
1893
1832
7814
3062
6271
1902
4081
5215
7561
8576
5944
7502
6239
5831
2280
475
9656
6303
4108
978
1808
4414
2034
4100
1345
7108
5467
1512
7213
9773
7903
4351
2683
3924
3195
7061
2683
594
9833
7875
9639
2164
1529
4194
7657
9258
2913
3210
2323
4540
9790
3272
9487
7031
3958
2654
2819
709
6460
3156
5952
139
2063
4636
2344
1403
7360
2691
3353
5210
9326
9204
2122
4188
5151
1574
289
1083
2173
2950
9887
4087
826
4527
4649
8087
6242
8437
4852
7853
4652
9682
2971
2232
1356
5976
7376
899
9496
7620
7469
3643
8869
3956
9766
8030
3981
9119
9597
3502
9663
6626
1680
9044
5364
604
7795
3202
745
1999
4630
6545
8590
2694
8260
2393
3961
1462
3447
9919
6632
8605
5722
6056
9618
1271
5853
3420
6600
2448
5759
54
6589
6724
2843
2696
975
257
6145
4859
2737
2798
8703
7235
5798
3909
5756
6209
4460
3115
2098
8931
4675
7537
3654
422
1160
4915
5284
5836
5859
6797
9467
8376
7017
9774
99
8453
3855
9428
1510
5734
6044
3879
8562
633
4457
1890
5898
2949
2599
4299
9347
3107
477
8484
8626
3561
9165
6762
8992
1696
5714
4235
2023
2839
6969
9093
7899
4896
2792
4729
3528
8185
6015
8942
6451
8581
5114
4385
8912
9161
2688
1882
3824
1523
8507
7802
4709
6547
8228
7505
8548
4158
6170
2109
868
1735
9503
5340
4873
3902
8527
9154
2648
8453
2110
6470
2535
1853
2621
1863
8803
5840
4361
9836
7052
4263
3952
4296
9297
1163
8784
6012
1156
936
6526
6999
9433
830
336
633
6048
5697
2472
2277
5789
7985
6541
2612
7696
9124
5271
1110
9974
1934
327
1892
3947
5347
8673
7857
7770
4355
8279
3071
2260
20
1459
3549
9576
3214
3104
6830
8084
4175
8934
7253
8217
8382
4304
3948
9460
2861
3212
1924
1022
3304
78
3751
2770
2363
2641
5577
5302
9151
5579
4861
9224
5652
7164
692
8470
9995
5155
9952
8522
5482
7645
7847
672
8195
8315
3474
7318
1934
542
2917
1039
9778
7746
6921
2707
6643
9172
7973
4807
8181
7762
4332
4644
7614
333
6271
7143
2010
2989
1603
1556
648
8034
1197
4616
1458
3234
122
3754
9242
1155
9467
5788
8607
519
2366
8084
3791
5647
8216
7585
9046
8254
3246
7901
1717
4491
8242
7918
5886
3634
4762
2552
411
9080
8029
6355
9823
8984
5143
6564
3364
4607
7276
7466
6019
384
6473
7368
9219
6133
662
106
6904
4772
6727
3637
5357
7273
6978
7296
2892
7557
107
6249
1385
3875
6714
1061
4687
259
5678
7816
7938
3973
5228
9613
7876
2659
3311
4467
5923
8683
1315
5236
7951
6728
2941
9426
1577
9660
2258
4896
503
7516
7640
4523
5493
1400
8425
1204
1141
8293
4243
5866
2343
7385
1149
200
3011
8787
9205
9289
5379
2644
3124
563
7406
1486
2562
231
6431
5335
5142
4196
9332
3402
9798
4450
8722
4890
8845
6626
5446
7812
9994
7663
3767
5072
6885
6352
3799
8755
7116
462
5271
8885
4156
8461
1114
8330
7979
8664
258
3630
8050
2157
1015
8562
8921
258
7750
2014
5562
5395
6214
2722
4967
4106
2341
6557
3559
3465
4929
361
5371
6630
3987
8145
5071
8644
8934
5743
8636
8138
4022
1782
3371
1474
3219
1177
3492
176
3300
9751
4724
1836
1816
1316
4797
6639
5895
2421
2503
5958
232
9975
8756
8838
4652
4188
6770
6124
8103
179
1513
5583
6047
9955
5812
2645
1148
7108
8748
2703
2064
137
9728
9793
5152
3054
9953
9602
6016
2571
6378
5260
6893
8402
317
6081
8628
5083
2871
6250
8384
1656
6806
4365
4625
855
449
8667
2519
5093
7813
8594
893
4489
6465
3078
995
5796
9559
2871
1716
19
5011
2127
3127
5406
2007
5594
9504
9153
3189
3250
838
3556
9814
4871
5616
360
6407
8615
792
9777
6387
5919
9681
5659
3307
3038
1637
1786
3027
8498
5479
1986
3318
6066
2296
3919
505
3607
7493
1074
1085
6808
141
9369
8846
5297
9567
154
2584
3022
5522
2492
3370
9
5439
7825
355
7774
4169
4212
632
9400
7853
9339
5703
9226
3316
3865
2822
9884
5125
5219
197
3087
6999
8108
5554
1999
8293
8416
8075
8020
2858
4457
445
2709
8715
8098
6251
1306
532
6037
9195
283
8762
3363
2539
1035
1040
3776
5185
843
661
3735
5727
4604
8587
2082
1541
1797
1091
9006
5569
6813
1267
9630
4081
5701
393
5519
8729
613
5801
4947
5760
625
7618
4381
5013
9064
1151
2967
911
3897
5626
2819
4290
3731
827
3453
9981
6551
3950
5993
3104
860
1058
8894
10
431
9885
6478
833
4516
2637
2321
971
4349
1785
5133
9225
8758
1398
8804
1540
2123
870
6426
1151
4103
9771
3042
6204
6170
9338
2084
554
1909
3722
3084
1068
4677
1819
1170
1941
9610
8563
9266
6800
3443
9379
5880
1484
1400
1929
874
9540
4612
4879
9937
7660
2013
7408
9796
9783
2817
4507
9699
6358
2926
2240
9246
5755
4093
6951
9168
5291
620
9536
3979
4786
4632
3125
2497
7313
2580
2779
8364
7234
9048
5319
3147
1612
2056
3038
3449
5458
3679
2965
5003
4389
7977
2279
1942
8266
8506
3333
6043
2998
5102
3511
6977
3350
7278
1249
7245
5308
780
9649
3535
1635
1851
6356
508
2387
4653
8952
7716
5680
346
4588
9168
1069
4795
2340
6042
2894
7648
4409
7336
9467
2692
3005
4134
1840
6107
5916
4287
241
2004
7646
5688
1979
9473
9209
7865
8086
8640
867
9512
1878
6742
660
1652
865
1575
9514
5500
8139
4484
5607
4394
4061
1281
2245
2063
7300
3394
3978
4235
8181
5217
8854
153
3166
2799
7657
213
2840
6677
7250
6011
169
3669
4850
4366
5541
4690
9598
9969
8709
664
6915
8501
5808
9626
5204
4944
1749
438
1744
1686
1803
4071
4223
5207
15
1879
5722
2181
8013
2207
2330
7583
7546
8268
4520
8783
5582
9824
5396
9165
7359
2290
1249
1470
8312
1474
798
1933
1928
1342
1120
5427
8663
2970
7386
358
9316
9999
1359
6828
5337
8979
4478
9658
2528
4672
9867
2061
6175
244
5983
6004
2734
5093
5158
7224
3050
5054
8150
4137
9810
8763
7071
5159
1422
237
2942
3370
4447
9018
443
1886
4881
1428
2867
3038
861
4980
2448
7051
2668
4979
4035
5738
6102
8981
724
1608
8280
6098
1728
6762
2740
1858
6450
7365
2915
3989
5580
7846
6037
4988
9476
5008
3192
6679
2076
5024
6503
492
585
2254
4234
7649
9525
8322
4219
5654
5344
4129
937
4338
8433
8931
8821
8216
2603
401
2234
1333
3803
8608
4249
7753
3165
7397
5202
8224
1454
7236
2384
684
2412
7433
8763
5329
665
6786
8257
172
5407
9815
4126
3409
781
4215
2983
5135
6895
4144
6471
2162
6253
3979
7105
8118
6138
7521
6436
5810
1484
4110
780
4072
9435
6465
6101
9832
6626
8013
4267
8300
2307
7471
317
9891
7575
5195
4527
3021
4243
9798
9135
2624
4518
5866
6783
5349
5071
8490
3569
6194
8555
4578
6305
9653
8555
2201
2380
3481
8453
3046
7134
5912
3441
8044
137
8334
6212
4132
897
5541
4489
5205
9509
4946
2075
4995
7496
4012
4815
7393
3277
1732
5790
1588
2145
3877
2849
7749
930
3786
6213
8050
3230
7014
4462
3987
502
7300
455
5908
1969
6363
631
4787
5981
8830
4287
4744
1216
318
7776
8316
7804
9964
3226
1287
6225
5374
9040
1402
653
6253
823
2086
6559
1929
7452
4135
9305
7754
4565
7904
4227
5364
6527
2276
5851
6485
7383
8382
9563
3215
933
3662
7875
221
4995
8161
4133
2627
7259
5403
4608
6918
222
4596
5492
5045
4145
524
7540
579
4657
4972
9098
6946
6871
7259
7220
6414
1063
4905
3676
4995
9634
9148
3141
6379
8428
7940
7505
9272
6680
1069
8768
9370
1983
2417
1106
2734
6687
7079
6238
4804
9120
6748
235
5003
290
4396
1003
9067
4674
4621
936
7582
8219
761
9158
540
9481
4838
1064
1537
2489
3155
8287
8909
2285
7441
9757
2585
8988
3883
8936
8353
6261
7364
5898
8226
8355
4684
9621
3136
5260
6046
7091
5508
4708
5385
4603
9202
8063
9129
4048
4115
4148
1521
6643
3779
1069
8392
7257
8344
2906
8733
856
3277
9253
5608
5690
3003
1376
3038
6628
2659
938
784
7937
1994
6785
6097
7719
5649
3458
2706
3115
6416
524
1100
9584
831
4626
6777
9178
5233
431
2512
4561
5405
6419
9371
8881
3018
5500
3334
1262
9462
9792
5127
1813
6179
2790
8420
6654
7663
7765
517
9646
7262
9956
1047
5592
4742
5313
9786
3571
4615
5293
4552
8535
6453
7060
7843
8705
2659
7546
2601
2166
2654
1393
5990
3540
5219
7656
4903
9972
6974
7549
790
4876
9952
7074
311
225
4235
7629
1822
3465
4446
8682
4522
7790
1624
1676
7858
2031
2794
1152
7947
5905
6286
5602
5459
6338
4014
6553
2413
110
6626
109
1273
4826
3066
7369
2383
6014
100
1547
2168
16
3674
3577
2538
5627
8731
3134
2718
8655
1172
6993
3711
1138
2171
5878
9536
5315
5208
5374
9642
9711
8321
3114
2242
7661
5168
4877
8356
2724
2098
1263
2110
8140
5119
7645
3914
8241
3618
9662
1385
3124
6004
8913
6761
2045
8169
2578
3875
6107
5878
5147
35
8203
6844
871
2949
1783
1718
7618
4568
7637
7548
4844
2770
8208
546
9356
3088
7781
880
4065
3800
8084
8894
1300
2829
3766
1627
3465
6286
4269
1786
7060
6684
9495
9770
9369
5781
828
9537
9788
7618
2551
676
7414
7001
1170
2325
8057
3120
9193
9002
7595
351
2849
1766
7902
2064
7217
5590
560
9878
9694
9274
6830
2775
725
717
6067
6440
3986
7939
7935
1251
1741
1887
5362
1863
4324
9998
6456
6125
931
6195
2751
9090
800
5840
2835
1846
4035
5566
9738
4863
1906
3769
5083
6586
9436
7882
3178
7360
5915
4722
494
3457
2988
7680
4900
4336
4987
8960
588
9291
7687
3489
3441
3589
5652
1904
9255
8001
3472
6
8428
3693
5789
5931
5328
2153
7325
8837
9089
8099
9292
7057
239
720
519
6012
4351
8568
8458
4047
427
2767
7799
277
8662
4892
4659
4523
7646
1400
9674
4051
1466
1220
7251
4420
3346
6247
8654
6001
8941
4371
5193
5348
9141
8003
9122
2311
7272
7171
5767
9711
6216
428
5529
2534
5298
2218
1631
1059
7180
236
7143
7928
583
9944
3911
9000
3347
9144
5361
3923
6866
405
7733
8351
4516
5086
4769
9989
9170
7701
8420
3333
1671
630
7056
6310
5384
6005
5133
2878
213
4995
1978
1323
4759
4061
8430
5804
8137
65
8589
2638
5619
7245
4918
7735
5569
9318
1817
2553
4242
6018
6454
1475
3036
9842
5808
4714
7085
7936
8257
7711
1869
2753
9671
7806
559
8470
7804
8338
6166
8981
5027
6488
4228
1663
2798
126
6750
4030
6845
5623
3819
7405
913
5631
5819
2740
1646
9366
3652
3182
6270
9738
6280
5912
8435
1717
3331
1177
2468
8768
2592
2153
8041
2659
1146
79
3010
7786
2464
6890
1649
9733
9426
1996
5976
8204
216
8702
7485
8845
4338
6932
6794
7060
3322
3935
2032
2277
2038
5240
2444
4121
9801
8751
9842
3299
9193
2145
3750
2174
1291
1215
7465
5605
8490
529
1744
7982
1383
3830
9777
3508
6123
4198
6087
1471
2135
1383
5317
7442
7660
345
454
65
6663
4734
7490
1133
2228
5816
2237
2494
9667
3569
5642
7644
4536
897
445
5849
2988
6784
78
5534
1729
953
7738
7521
3251
9782
7379
5936
8874
8638
1143
5836
2652
9560
5486
4869
9152
9258
621
6318
620
1618
4135
1661
2863
1376
9651
7154
2907
8255
4121
1568
2235
1375
5702
1981
3859
7680
8480
1730
5892
1948
6451
6863
6110
7585
6777
9999
9632
6937
664
5058
2907
9225
325
2573
4356
8163
6086
9979
6665
8727
4677
6126
4203
2909
2577
838
8969
6280
1759
349
9693
9495
6141
1244
1024
6765
7527
9390
1624
3627
1875
7055
4130
1655
1542
5520
2891
4316
2921
9002
9496
9053
1927
2188
3045
4470
3853
3875
8426
5170
5076
3028
9418
6291
4491
5689
7941
7441
1244
7382
7102
4226
2065
8216
2630
1810
1104
6009
9111
6527
6722
5250
4269
5668
5857
9725
94
9888
6591
2293
763
1730
8579
3644
7038
8260
1183
4489
8947
7617
9373
3805
4035
4323
3112
272
4172
4685
3686
9837
3212
6946
5987
5222
3436
8625
9689
3301
1434
846
5963
7585
6542
1582
641
5385
8302
5342
5662
5120
285
79
6781
3253
3886
2930
90
7533
6454
6493
2685
4736
447
120
8528
8493
3321
2375
8162
3018
8556
5059
8789
3452
3016
3655
3041
2767
2845
2260
3931
8770
7287
610
1824
4163
2640
419
6556
2067
1257
8373
568
37
2116
5941
7743
1960
553
9498
3201
62
7944
2069
1424
6120
2862
9827
1816
817
5040
6332
9628
6548
9652
6139
1307
6106
2768
3354
5906
212
1578
5706
6619
769
9150
1228
290
1772
9886
7999
6200
6422
3555
2502
993
7851
9762
6597
6536
2180
7658
232
9427
6152
3626
7648
4609
2159
6016
6155
6991
9285
8283
8367
378
9768
8482
4739
2798
958
9709
601
8637
9205
4577
2252
1788
7896
4298
5794
3367
2459
5456
3566
837
1396
9932
6789
7174
438
8068
5194
5944
6555
1762
5640
8009
9629
3891
1628
2679
5537
7995
7741
9300
3840
2309
8233
5141
1107
4920
1789
2905
651
2390
5872
2566
1243
8606
5229
2350
834
4865
667
3074
3817
1201
5722
6125
8213
3158
3100
4321
8233
8634
4318
4431
683
2452
8242
5279
7777
3826
3402
9088
7816
9695
5603
921
3713
6884
5964
5294
4312
7259
6305
3262
594
9806
8120
9481
3043
7118
7527
9391
5258
5520
3664
4372
9817
1921
5915
9600
4644
9674
7598
9250
1781
6655
5131
7844
8234
1282
7478
6985
3068
9093
6866
8739
365
3180
1463
594
4669
8544
8385
5223
3400
4303
7288
5942
8319
4721
1672
9514
2674
8854
2461
5234
3735
3179
7132
377
6506
3548
7856
7603
1361
5379
6160
3460
9739
814
9738
9707
4452
5631
4606
5547
3703
7309
2649
9562
2881
5991
3357
1937
6814
9945
5609
1188
9906
6007
5242
4605
2758
9990
2814
9201
3564
6730
4752
2692
9857
8042
3941
8440
6735
6384
5986
4720
2876
6124
7528
7394
9618
7816
6381
2427
4412
8614
8248
5005
1481
4838
6089
6436
2512
8324
1795
310
177
238
8199
5976
2628
1091
4733
2845
4480
5590
8305
7945
6698
1938
8088
1764
3575
4968
9102
6123
3856
6531
9246
1024
7858
8445
8301
2257
4398
474
3395
2678
2819
7426
2119
7988
2694
3548
7109
8382
2124
6470
671
4044
9268
2609
8814
3779
132
7129
1347
2228
3502
1651
6606
7457
6238
6239
8297
8329
6819
8556
4387
8997
6375
9595
9701
75
2493
9579
5010
7008
6375
6675
2575
3403
8032
4783
9789
1156
4220
3634
8991
763
9194
3466
8028
4821
1044
6176
7651
9104
3075
3038
4422
6408
4577
4012
3333
643
5740
2067
3351
7126
564
1666
4247
6587
3570
5439
2329
3674
500
3733
4519
3795
6537
1387
2637
158
7654
8934
2765
1578
5938
8677
688
4642
980
1834
8666
4318
2247
1288
9305
6469
1544
5271
5641
4479
5292
4836
7366
5001
4176
7750
2688
8130
814
9980
8964
5922
4328
6658
5053
331
4325
8035
6
4407
9733
9704
7274
9153
5635
9326
1690
3375
134
7493
6027
29
963
9844
8410
2149
5347
9994
3932
4106
8141
1792
8566
4517
7520
7179
3557
4134
3070
1021
2763
540
6200
3083
7272
9775
6018
6905
1505
8298
3171
5040
4095
4231
3884
5954
2918
6835
8722
6197
2064
576
490
1627
6150
3977
8880
8067
8890
1360
5619
2951
644
3507
7504
6902
8887
3166
2074
2316
8799
8170
2755
4510
7722
4658
2138
3202
8128
6230
9441
9066
8768
9512
7481
8417
2376
4724
2140
5342
5152
8845
5351
2150
4436
7443
8338
7006
3405
2272
9710
8989
6106
3697
1689
5584
3312
8226
5505
4552
9883
2914
2499
1198
496
1382
6638
5830
4113
4745
8041
2977
6811
7665
4414
668
3616
301
7506
8918
5292
1178
7537
8111
918
4245
587
7836
9381
3675
9029
9944
5916
9628
3821
9620
5940
5693
5694
4942
3844
2205
8187
5151
8847
6015
6476
5486
5323
423
7155
4691
3113
9184
7066
2470
8358
1865
5754
5654
6077
5712
5882
917
246
1462
210
8640
5775
9347
5371
7533
3702
4594
6950
3901
4816
3597
8997
7425
9577
4403
4506
2489
1864
5494
9690
8998
8446
7377
2397
4065
4348
3334
5252
8325
4862
1910
4728
1624
7575
4058
8683
6039
3242
6382
9597
3983
5346
9453
6590
3111
5647
3128
9786
4378
4909
2687
9350
8068
2483
2210
1302
7282
229
9809
472
9547
1575
0
7296
3773
3934
1462
2465
5760
7252
2133
4821
552
9960
9428
2954
2902
192
4519
2329
2141
172
928
7395
4066
8744
6623
4490
3548
6894
485
1913
9867
6565
8582
1553
1142
3882
8109
4609
9388
8249
7305
9842
7580
280
9909
380
5632
1968
6470
9096
468
4041
5549
8644
3797
8113
9228
7052
2708
9113
5909
6731
3225
2397
5470
3405
6053
6685
4737
5296
8255
9948
7232
855
1792
8436
9302
2298
955
3844
6232
8670
9124
3176
4298
5884
7921
8083
2894
6193
6429
4540
2775
2434
3481
962
315
6649
6990
6108
2487
4864
7662
7186
5533
5113
6520
8626
2137
3383
6745
6656
4705
7661
6016
1325
3498
9345
4682
2226
999
3629
5740
1993
8285
7170
8831
8360
7986
4889
6662
8956
8931
5687
811
9518
4485
5643
3783
5636
99
2712
2336
5094
8950
6234
3004
6747
5763
3655
6804
736
5614
5315
4869
213
9772
319
1200
8948
2150
1456
3712
9471
3865
2439
6827
4100
8346
6659
8050
8399
8264
6367
4931
845
2298
648
7086
5592
135
7888
6084
2804
5892
2648
9562
1732
3015
7918
9598
9434
1835
9154
2481
6266
6557
8262
82
6713
1346
6194
2812
1463
6619
1202
6437
8566
5521
2077
7015
3990
5675
1345
1964
6399
2174
2752
898
5450
5940
1217
9534
380
6309
8133
4653
1456
8290
2023
3605
8416
5105
2143
6137
6896
9378
4403
1596
3847
4527
682
3549
1643
6530
5119
8881
9895
3825
7662
3567
683
9125
9950
8148
6001
8345
2635
839
439
1901
7823
7446
2238
2473
1868
799
2222
511
8808
6651
9283
1945
566
1476
2233
7746
4925
4760
2047
1009
2471
1413
6267
2639
616
3508
3930
5930
5753
4867
5762
1074
2896
7482
3606
6224
5214
3376
5269
1671
6724
9189
8063
9826
787
671
7221
8909
9599
4627
156
6560
6015
2985
3838
6982
3123
5171
2477
6828
6018
5302
692
8388
5872
1878
6349
2393
9336
7120
1400
9037
4092
5824
9326
8814
1846
4483
8227
5832
2745
1863
5649
36
3353
559
1703
221
564
7955
7854
7939
4571
6020
1475
5961
3553
812
2309
2121
2335
4612
1181
2551
6674
223
3733
8562
9186
2548
9143
5479
47
6201
2435
8080
7018
7546
4652
3962
6525
633
8879
7508
5928
5904
8337
8483
2521
3746
309
9906
3175
527
1494
9479
3067
8854
5399
3665
2972
3637
9669
9869
6086
6779
8085
9800
5590
2895
3407
3615
7300
5130
4375
7666
4045
5710
4244
8727
4667
3594
6830
1306
7828
7030
6969
8610
9740
3561
265
847
7720
9290
2096
3232
6816
5603
6027
6705
8336
2929
1910
1969
683
6040
4375
4289
9149
6756
638
8280
9435
2218
5110
7044
7113
2796
5800
9724
2760
2668
1901
3424
3609
7608
462
4482
1555
5923
8682
8334
4349
309
9651
3539
2504
3368
2277
6246
7164
5955
4580
8044
7294
1748
8785
213
8875
198
7768
3560
8979
9859
9162
2553
9412
402
242
2952
1570
1969
2549
2707
576
3950
75
7627
1502
2063
8917
6676
4368
802
4634
1125
5318
9118
7458
6240
2797
5176
173
9900
4721
8882
5729
3053
9933
5101
3119
5797
2641
1024
9777
2340
3407
1601
1202
8507
7346
1935
9466
7999
5707
7986
1796
88
6713
6427
8717
4057
5092
4325
5147
3434
4870
1437
5288
5888
4119
1901
3242
6895
8820
4835
6961
4134
8204
545
2444
7976
8886
1678
4024
843
8225
1962
9174
2137
682
4510
9367
7460
2052
3857
294
3975
6759
6424
4819
8055
2151
5541
7608
5528
8400
1616
3257
6716
4283
5683
1757
8678
4608
4206
1027
4125
2744
2556
2243
7580
1645
8701
275
1190
2656
3890
7058
934
5271
2247
8101
7237
3329
3402
635
3861
1895
3850
3966
4362
2305
3722
3449
6137
7906
7861
6240
2440
6994
2652
2321
7300
9750
4139
3270
850
45
7305
4307
3085
9225
606
3826
3998
1992
3503
7464
3258
479
1972
9651
2965
1698
1227
1987
4276
3618
6230
2675
7440
3363
207
2371
678
729
5163
4354
8492
1103
4076
1405
2462
7091
1457
9198
7670
4113
4360
2387
6810
4539
6692
3565
9744
8738
6074
4449
7884
3843
2068
3391
6649
6337
6808
2508
3462
5162
7779
7086
8392
8553
1791
2851
4494
1272
2164
5439
2610
6640
6635
9520
1403
8223
829
959
543
4532
5337
4502
3973
6089
1605
7928
600
5358
1516
5137
9736
3566
5382
8748
4843
3872
1765
9707
8753
8077
7003
7142
853
2920
3801
7795
9759
7759
611
7518
9926
8253
2255
9621
6435
7881
5644
6211
6592
6574
175
8711
9248
9000
7560
3856
7432
7304
8659
3527
5803
8964
1675
7881
3251
8046
1913
4543
5675
5631
2026
7100
3450
5808
5838
7011
1481
981
8348
6083
4422
4471
3780
1248
4369
7260
2973
5054
3747
8692
5548
5196
5615
6659
3702
3307
8081
4054
5676
8810
2755
2308
2981
8480
5438
8226
2267
7349
844
2083
3771
2780
2380
7914
9615
5185
5936
5662
5433
4987
5105
4473
8981
862
8434
6060
5009
2513
7057
6803
9977
2439
2810
5584
4170
5979
9750
8183
9065
1821
3057
5814
60
7571
1576
558
373
8334
2497
4690
1231
4619
6869
7243
1249
6418
5448
8261
9568
286
714
4474
5010
3465
6821
6537
6556
7347
4422
6371
9164
5104
4377
2449
9523
8332
4990
1189
9818
9819
2904
1068
613
768
3683
9853
6293
842
965
305
3224
5046
4829
7871
4971
4709
8264
4978
6751
5404
4579
1289
5865
9874
4971
3355
964
1049
7680
1956
81
8476
4072
4641
1438
4561
6591
1012
7413
6330
6156
8868
5755
7678
7984
2213
5897
80
8999
4223
3607
9753
2048
4413
7812
2662
2969
4773
8819
7856
1732
3967
5375
8932
8566
8307
6046
3679
5886
8116
2132
2696
7139
4275
5247
4970
2997
6273
7055
7836
9414
7124
5272
1326
2306
8917
9328
306
6489
8404
1732
5989
6813
5225
167
4745
6406
7432
314
2832
5027
3600
2646
9495
5436
6672
102
4204
3011
9350
5010
3454
7352
1542
3942
6992
827
803
8066
2457
4477
2221
4410
8683
6415
407
6478
9213
3052
6771
5908
3432
8403
6509
592
9723
1020
657
7829
347
9691
3705
1366
7562
5074
2359
5542
6994
2305
76
1661
1726
8217
8067
7979
2534
1599
7692
9287
1366
9724
5928
8385
5129
5696
2174
9286
5703
2326
2057
8897
1672
9731
2254
3182
9956
7704
7661
7226
3401
2791
8915
7110
7319
1667
6665
2667
3963
1232
4606
3767
9750
3673
6924
8485
3866
7264
9001
2043
7488
6832
3164
8173
1769
2526
9705
9646
9503
526
8619
3335
8551
3890
7997
8336
6294
7853
7653
5340
4973
3382
910
6977
3970
8904
9345
8324
8124
710
1471
8915
6283
5212
8366
492
5265
736
6381
3436
9185
6008
6245
5521
7347
1637
3470
6352
4545
588
7147
3971
9777
7797
3219
7738
5918
1309
2205
5378
4405
4006
5799
6803
1066
5935
3635
9348
1813
2846
9135
1849
9853
7913
2927
508
6830
5668
8425
3146
3770
6708
7373
7892
3418
5890
9487
3797
6991
5324
2434
5956
5497
9685
8019
5151
5906
8845
9119
6055
8392
8731
2930
2635
8182
5958
4221
7437
9487
2131
9619
6401
5334
5385
7616
9443
444
8160
3335
5287
3110
4872
6438
5388
2427
166
3912
2442
8583
249
3831
4747
1631
8043
2475
7830
7810
9443
1092
6486
5719
2295
7744
521
121
5390
873
7764
2748
7236
3662
2644
2090
1366
172
543
5695
2397
5961
2745
8013
2280
1550
9603
8445
6194
2638
6749
8435
9539
519
5196
8284
7731
243
7671
2567
248
9931
9515
5693
3072
9625
5535
9742
4106
9449
4594
4650
3503
252
1167
4872
2943
4360
1682
7638
4917
2431
3477
6222
7852
8313
6196
6721
2955
2145
8767
7044
1339
7402
2685
2467
2698
3612
8012
4678
1384
655
9383
2495
3167
9458
9489
9260
4079
105
5166
3471
8663
5201
673
5687
6464
4896
2496
7387
6403
510
9892
2067
7947
1530
1660
4963
9413
8635
2784
6453
9524
5348
3827
4978
5137
370
7058
7789
5439
8293
5898
59
172
4152
7878
6786
9540
5167
3381
9021
8992
2173
3258
4154
4444
415
3757
9233
3014
5609
7247
3217
9793
7018
1675
5528
2633
6686
8087
2302
306
48
2170
6111
9865
3130
8967
6883
2892
4859
568
5676
8181
4291
2646
3964
1713
5790
4308
8288
5695
5866
4988
940
8788
6327
3409
8660
4892
1627
5284
8149
7227
1919
3218
8606
1009
7321
7625
6158
4155
8278
9419
9643
566
1828
9740
1276
47
3321
2134
7716
4518
2740
812
8507
7505
4862
3179
4427
4781
7708
7996
8420
4255
2788
9013
3036
2232
6522
208
2615
935
1718
5156
2814
1864
9603
5887
4015
5594
582
53
7826
1311
6489
9474
1683
3068
67
3259
8304
256
8214
5747
2464
1042
9237
1417
5550
6626
9136
7567
2977
9554
830
5749
2506
702
5877
8404
9754
6390
2616
9431
5773
1020
5598
2531
6582
1849
9643
967
9415
5130
301
5470
238
4391
6709
1217
1527
6564
4272
490
3314
5425
5681
5348
8418
7228
9549
4062
2207
54
6803
6926
6921
3859
9654
530
8249
4299
760
9457
7973
4493
3445
8592
7408
9908
2776
4641
8764
6865
3630
8822
6621
1319
4117
9924
7707
1878
7137
1714
4675
4847
6395
1760
8075
6711
8470
2628
7104
1175
5920
4495
2686
6879
465
1822
763
8731
1619
4941
5328
3549
2429
1367
1637
8074
5630
8728
2136
4369
4179
1155
8602
1318
1461
591
8998
3869
8322
8716
2255
3361
8342
3476
5620
1892
245
620
723
2385
728
7913
8375
4717
2834
6768
7935
8732
830
4454
3341
9200
5607
6662
5304
3788
9315
8321
6751
1623
9965
735
8089
3900
2926
6643
9870
2686
7495
8941
635
8121
7757
7897
3990
3364
4529
5173
4943
2418
4139
145
991
1383
8658
7582
8352
9736
8027
8392
1017
3003
1756
272
436
5518
2284
562
9949
4995
7977
3558
8457
489
7829
7026
7985
6790
5213
876
761
5168
1127
4684
130
8811
6632
9008
2776
4284
8336
5370
1304
12
5619
5220
2482
6697
8340
6612
1479
3575
2543
6538
2640
691
7475
1046
7722
7127
5419
3030
2337
617
5432
6925
3992
6479
3309
2464
5731
957
5942
9721
3377
607
9877
5551
1081
4066
1706
6205
8191
5324
4751
3118
2163
3116
670
2170
3143
7516
8655
1817
1659
6707
4097
6631
1543
9239
9156
65
4116
6607
9505
7579
263
2231
7639
8963
7403
5357
275
1024
2554
648
107
1381
3480
3304
4311
3090
1388
4808
4236
2809
7083
3056
470
8526
5891
1943
4546
6935
5425
9766
901
8243
5199
7384
1229
6599
9742
301
7346
3635
6683
5134
9719
3684
2545
2138
9459
594
8044
2511
9783
1241
4197
7189
5660
9510
5663
1636
8410
3575
3644
2358
3767
1125
3740
5750
1098
509
2548
6696
7339
4057
7687
7714
4761
2718
115
6888
6487
9535
8347
3910
9236
7198
9116
5078
3893
3570
2671
2673
8497
3653
7578
4834
9833
1380
4163
6470
5507
7418
322
8992
7138
9414
7761
3609
1683
6488
2131
1300
8805
8283
8526
8127
1478
5292
502
1350
5495
4456
2535
8354
9643
4452
4223
3727
9089
8630
8791
7099
5499
721
5852
2058
7035
4014
6141
230
4473
9685
9715
7955
8627
763
7224
3665
1650
2549
229
4762
116
2267
9837
8316
4716
4632
6319
8977
6658
3422
5500
6233
3352
5126
3430
6521
9066
3573
6624
6797
8737
9642
5208
7785
7652
7267
4237
6637
2251
2560
4671
6166
5826
639
2450
6897
8983
1942
5902
8267
3632
7728
9207
1061
9148
350
4531
4691
1300
7039
9645
3394
9165
1258
518
9273
1677
5624
2162
4729
5047
5119
9222
9726
3861
2440
9724
7272
1617
8114
2032
1139
5440
9536
8123
4929
699
285
7529
8186
9515
8912
6409
4682
8705
8266
7856
1049
5536
9132
6171
5847
1000
2134
7903
4054
175
1338
4174
8434
8045
191
873
8219
9700
1474
1756
9843
7130
278
7163
3315
1189
3756
4743
9272
7602
8190
5500
2395
1026
5925
8586
4254
7362
9034
3502
3889
4421
9305
8909
6069
4720
1746
3597
5768
674
8938
6383
6271
9453
6238
7228
5458
9701
2967
6059
6592
7780
809
5117
4451
7048
2261
6997
6927
4554
9727
3735
3332
3964
2698
7756
7220
4862
3230
9343
3454
3196
1436
2391
5047
9272
904
6546
2138
9775
3861
2410
9415
6971
319
9526
151
9077
8194
3520
2816
5732
9768
9710
7987
8966
9679
3696
1539
2970
9512
597
2976
2264
2492
5321
4961
7310
5721
4495
3217
7736
7242
5335
8336
8314
4645
9197
4970
6269
4462
430
1380
1556
8489
2295
4066
2393
9869
2827
934
4777
1011
2673
8036
3993
3582
7016
5008
3588
1508
9016
3545
3122
939
2231
7455
8758
4799
3892
1823
2484
8111
3171
5903
7645
4871
6198
8165
392
8984
8404
3906
2447
3092
8328
8796
1283
406
5065
8681
253
7566
4177
3431
8643
8298
3565
5656
1987
6928
4816
299
350
8391
676
8806
884
6022
7358
4943
8280
6644
8637
5578
7791
8927
4718
5932
3563
2248
3167
3999
8766
4171
3726
7230
9597
6172
1133
9904
1092
1581
1781
2049
1136
8684
3188
1724
2060
9273
8181
2773
3387
934
9978
1602
9102
6967
8184
5402
9475
7192
734
854
4203
8782
3395
6916
3654
6101
7420
2378
2126
5657
9239
3095
8476
9649
9976
9349
3706
9717
4189
939
806
9776
6879
6687
1280
4720
440
2105
817
4202
8011
9634
6744
7659
9188
1067
9025
4042
4797
570
3748
761
5450
7823
744
6505
3603
4517
6978
2301
6635
8325
462
6359
3505
3476
2408
7951
3538
1308
488
4706
5833
808
5688
9303
7125
5192
7587
3293
7845
2981
8699
9648
7682
2606
2679
6730
697
4225
4679
6534
9364
1078
4374
4080
852
2405
7275
4424
7180
6392
620
6325
8205
6603
3360
7766
1674
3823
1934
7859
919
6830
4071
3539
2563
9224
6477
8103
2671
7836
6031
3043
4330
3523
2546
7421
5946
23
861
2126
2905
7057
6609
821
8570
4719
723
6027
6582
419
2664
7121
3304
2441
2460
2245
2337
5329
6862
4596
1176
4458
4875
1929
4082
2512
9990
8579
9161
7468
5249
1093
6989
4666
507
2311
5252
7656
5462
4778
8991
9738
7011
3641
7034
4922
1101
443
8031
7292
2782
724
2697
2384
9634
6491
2896
2449
6838
9207
8069
1882
9212
6194
9403
888
3711
640
7072
2187
5549
4792
2167
22
3125
1473
7588
9814
5406
5944
3251
223
5794
9149
5045
4177
4806
3342
1224
4570
3239
6139
1297
9861
3922
4329
7833
768
9263
3122
1649
