3277
5939
4136
86
3738
1865
8639
521
7635
1436
6688
1598
7112
5358
4983
2009
9609
2227
6500
4930
6854
9019
9435
5689
8691
5946
443
6247
135
2753
4428
4914
1764
5578
4929
5373
8737
1461
7150
2106
4786
6426
7587
7453
4153
5834
9974
3630
5430
3623
718
8298
7306
8940
2987
7687
2713
4618
1604
6770
6670
7249
5592
5271
6056
1447
1014
6156
9394
8408
168
379
2337
3098
5834
9834
1478
3163
137
2104
6099
5401
2006
1302
5898
7262
1017
5327
305
5447
5778
6870
9762
943
8315
6523
7311
1724
4234
7177
2675
6038
4851
2463
7267
1679
8601
2456
2451
5652
1845
6810
2661
8798
863
408
7484
4405
5849
4628
4046
4194
8012
9957
9448
8143
7306
7056
3260
4398
402
2182
2694
9475
321
4074
5724
8302
7686
5837
9155
473
8270
9304
6718
8442
862
197
2098
2917
8831
4555
9141
3362
4052
3012
6804
262
1687
8780
4932
8337
5969
5160
800
675
8200
8929
1073
3227
5314
1884
5516
9806
6280
3735
7796
8176
9782
7521
6337
3475
7839
3767
6057
4809
4766
167
5274
8919
3831
3523
7273
9640
4491
4835
997
1850
5371
1063
3061
8794
8035
2808
3792
2647
9144
7450
5387
5221
2524
3617
860
5841
6174
7548
8030
1388
6847
4098
6029
9270
1518
4183
8081
9688
3206
5195
1336
4765
6221
7168
1692
7422
1581
2279
52
7881
2528
8086
6565
333
7620
9383
4905
8245
78
2831
4056
9278
4458
2457
6995
9159
5809
2207
6240
4820
8579
100
3358
2063
9956
2657
9514
2860
5571
1707
7355
9494
3477
589
7608
7931
7281
2136
5978
3474
2116
6227
4988
2980
6228
1296
4958
6734
7650
7916
1096
6897
2793
402
4796
3524
3731
3278
5908
663
7434
9849
2507
4820
9979
4502
2935
6948
9415
9303
1156
684
4932
7453
9708
66
1425
5290
402
239
5734
6484
207
2659
1081
3257
3027
9888
9789
4106
9789
8276
6165
6469
6998
7622
1751
2115
6167
3404
9403
762
8971
4871
8290
8336
6991
5884
5940
2253
149
6271
258
155
3624
6670
9066
2061
42
2423
440
5849
5129
4215
713
259
5857
6096
8779
408
7691
3702
2897
4
194
1111
6371
5584
1206
6261
2050
7147
5161
1025
5352
5284
199
7781
9998
7889
3556
4653
2439
9471
2317
3459
5498
4599
0
2887
7565
345
8807
7767
3100
3000
3807
112
9289
9954
9127
7329
8926
6746
5476
7433
9998
1171
8673
3517
1177
2251
1396
3479
5438
833
3148
1693
6906
9205
3654
6493
8639
6171
3327
6675
5297
5900
9028
5831
9465
1881
581
8886
1388
6620
8408
9755
9494
9933
6185
1753
4752
5933
3119
1512
8209
5539
8010
473
8816
8801
9752
5512
967
3138
3048
941
8563
3122
1718
6159
3032
1754
6548
6630
7650
2294
2937
5819
2710
3701
5219
2078
7686
9293
3817
2451
7044
7320
8587
5707
2606
4030
7819
8858
327
5105
4324
6010
3911
3471
2248
3916
6216
9352
4761
8886
4353
2732
6557
1437
1648
2863
3380
1744
5296
7565
3397
1326
7339
8516
9924
710
8088
5746
7936
6121
3637
9756
5690
1230
3264
167
7744
6322
6639
7927
38
2201
2495
2578
4518
7750
5034
1632
8079
6706
4770
450
6297
1421
1946
9628
1784
814
6227
9775
7214
4712
899
4503
8459
9548
2035
4430
7680
2069
4175
3804
242
7780
1456
8620
5321
1688
5974
5468
3928
2793
8607
8480
7479
5122
5413
4355
9243
2425
7235
4939
1384
9980
4039
8247
1213
3529
3475
2040
77
7817
1326
3322
8846
6795
4856
1230
6714
5849
1882
6901
5987
7369
3579
955
756
8754
3232
4909
4466
1049
3291
1672
1729
7527
9716
8416
8899
9256
2165
6153
1179
7699
2206
5430
9488
7473
8169
7324
6989
7708
2937
4033
2197
2885
8667
2551
7859
4034
5087
8095
416
4594
3808
2955
7966
8495
7133
6437
7697
8447
4684
8629
8429
8598
3749
4195
3483
5531
2762
4777
5973
6485
5638
8244
3296
1058
6627
9479
6314
805
6758
8012
5753
5642
6261
1256
5507
6102
9960
6858
2748
5744
2941
4784
7753
8437
5526
6965
5667
8269
5197
8235
3079
6648
3959
4833
1115
2452
5606
7281
8875
7343
9673
9657
8961
3571
8750
1427
3395
690
4056
6531
7046
1391
6699
6781
4257
3079
6372
6225
8620
2010
2150
1908
2343
7178
2751
5324
5287
2223
9673
1688
2715
5460
1004
9017
2717
1073
705
5152
4612
5078
9313
9462
9557
9217
9579
5730
2650
8797
5989
5210
3579
8615
6954
5530
5337
9357
6178
3770
7402
3974
3983
9231
2878
600
3987
5952
8432
1466
847
2163
6232
3830
1895
644
845
3514
1425
6193
2840
2556
8748
1685
419
9928
6205
4591
5792
6679
3812
4718
8983
4237
6285
9291
3719
2959
5266
3571
9150
384
3310
304
3844
7431
5997
163
7105
414
752
6704
3486
568
4364
7365
2569
4000
2722
4680
5618
8683
9865
2349
5138
1546
2806
8465
9084
2782
6110
8502
2748
983
4658
3306
3803
363
6953
8166
1589
6272
4252
5265
7089
998
5243
4687
5711
2900
9261
5513
8977
5149
5620
7754
2992
9774
8847
963
8703
3976
9577
3195
7004
2580
4463
5527
8115
6808
8446
7266
9021
8788
970
3689
1269
5897
1628
3558
7515
4055
6947
9062
2354
3281
4059
1849
5652
1360
107
4038
9685
9888
5464
5480
8628
9275
9495
7225
3502
4832
0
410
237
4192
14
7868
7806
9045
6259
6526
1280
3311
5272
1027
5384
7948
4033
4671
7442
6802
4943
8622
578
2252
8240
9201
9688
2832
2545
6678
4737
6313
2355
3474
8746
6214
2811
4046
704
2206
7524
7580
9795
1390
3167
4644
5913
4096
1226
4767
3726
2153
3023
1215
4169
9328
995
5753
2458
950
9183
2960
5120
886
4059
6975
8455
3963
7142
9267
9310
9864
4130
995
9335
312
3533
4061
9335
2099
5018
8750
8349
3609
9246
6525
9216
1806
8870
5764
2624
8162
5637
3676
1087
2796
8524
9669
4393
8754
8418
1471
1277
3448
6387
6775
6576
6866
4245
1121
8647
8104
2949
3519
9314
1157
4192
5947
4553
4395
1070
5447
7246
104
1912
5118
3969
7309
5130
454
4338
1728
9092
117
5169
5792
4410
9661
370
7792
8972
7942
3245
963
4864
4182
8433
146
778
3023
4840
4092
3293
2021
8374
5947
5884
1146
5067
4623
3497
3112
9112
5833
847
9163
206
6854
2123
5545
2658
1206
5413
2078
316
5800
2765
1000
159
7316
16
2155
579
6020
1593
3810
3198
1504
68
2612
7745
4964
5454
9215
4590
8592
5736
563
2008
605
5354
1709
595
6903
6053
7486
9450
763
3057
4728
8847
8526
8517
4181
3277
5143
2868
1427
1721
5898
6532
7264
7431
6850
6523
3054
4137
1130
6450
5667
3586
8713
2203
7871
3353
4792
9983
7947
8073
7584
5440
6523
4389
821
637
4383
425
4473
8676
1612
971
4446
3665
3026
4176
7356
7813
7449
5724
5147
9314
653
6113
8926
4675
2931
6488
2204
888
1943
4702
7084
1486
2468
8981
4428
9533
3710
9276
3742
6620
5808
265
4032
3663
2573
7586
3654
2016
2517
3675
8983
1692
806
1161
3888
7172
9004
37
1096
6915
4343
1949
370
2575
2791
4020
8152
1913
6903
3129
8347
2223
7875
7718
9412
9297
471
3359
7637
8864
725
2650
8801
8594
4370
958
3844
3555
6446
2291
6016
8725
4255
2057
4982
1976
2873
3669
3885
1828
5708
5478
3090
7571
7353
4038
125
460
9714
5036
731
8346
318
6126
8045
2763
5109
7411
5181
6468
8990
9318
3720
4706
5907
5719
3084
59
9069
316
4383
2627
3602
3013
6329
9483
3751
5805
96
1747
3539
8172
7342
672
8803
762
3777
6649
8227
9149
974
8875
8927
9091
2739
7069
8534
8955
952
5421
3496
3054
7457
8889
2764
6619
5267
8106
849
6976
7968
7115
415
7957
4017
4823
8328
7154
8575
8816
1216
9088
5613
8812
6998
8653
3526
7130
1054
2329
4158
5491
6333
8174
4504
4635
9856
8396
7060
454
2025
7042
3650
167
3224
2905
4280
4916
8418
2698
9323
2245
6304
7312
9661
9052
438
6840
8676
6750
8446
933
5811
4799
8160
672
2487
3404
9585
3020
9312
3538
2086
6599
7482
4220
2579
5517
5799
5017
8836
7319
4267
9756
6070
5425
5971
8093
6675
40
1970
9901
3049
6706
5210
167
502
600
3091
5553
4242
8782
5436
3266
921
5924
3723
9757
804
85
3090
8140
1570
4956
5184
4040
7832
6214
4273
3492
6130
3506
8180
8634
5557
6117
247
7069
4771
3259
3568
942
6569
1208
8458
3881
24
12
8554
7199
3566
4628
8910
2863
4705
8733
8657
350
4968
9252
669
7334
7830
169
7357
3642
2932
3826
6702
1975
3881
4924
2866
725
3992
5404
8880
4109
1783
6627
9691
2470
8535
9984
7661
3192
2837
6479
1632
1905
1356
8287
3706
2149
612
2433
706
8400
9547
5229
5875
7879
4030
2543
2156
4541
8901
3694
1793
5601
5272
8109
4033
1525
8162
5851
2773
5097
1137
869
7842
2550
7462
6331
6299
6407
3487
2287
4583
2369
7950
2409
5338
9203
6566
7208
8882
6792
9474
1988
9937
5385
3890
9839
6113
8624
9362
6570
4457
6296
3129
5331
3115
3888
491
9707
727
4910
1467
6150
6079
1424
2033
2492
856
9069
836
524
7914
9274
1012
9664
2372
4265
3126
8812
9983
5324
2861
5744
365
7303
2241
7277
9646
6964
6879
7348
7439
8767
7981
1818
383
1938
2536
344
5071
3371
8892
4878
6214
2776
1471
2664
6254
6517
1130
1576
3791
2269
8485
1539
9461
9372
8830
6280
3760
3013
7206
4202
5192
6623
1800
4607
9723
8442
4007
2866
8181
6960
6707
259
1915
7846
4791
1981
8948
9057
226
2280
9556
2774
128
821
8789
1818
1924
1335
9925
4168
8868
17
2423
2753
433
7354
6790
3053
450
5613
909
399
5484
3901
5020
5479
7488
1718
4056
2977
8641
7375
3746
9083
1248
4795
6978
6228
9142
1182
960
4176
2109
5069
5214
1016
4635
1630
3397
1310
9724
2079
5819
9790
5707
1202
1694
7792
4926
646
5904
9017
9419
1377
7775
2177
4506
9017
8063
2896
4040
4786
3558
6242
7332
2897
163
3786
9131
9855
3612
5186
4875
2602
9043
7968
9525
6757
4645
500
8964
8864
1711
7166
9541
6450
6461
2620
3826
1250
6512
1297
2575
1094
938
1009
4959
4578
313
2137
1875
1458
7662
3324
5025
275
474
3368
462
6411
5332
2552
8936
7033
7625
6674
7298
9527
5472
1183
9644
3708
9865
2795
3342
6254
4465
8962
4801
3780
3156
7499
6826
5466
4656
465
500
2142
7890
268
3225
9687
8624
1343
1292
8933
4210
8314
5158
1363
7677
511
6588
5833
1630
226
4233
2942
1455
4601
9613
2283
2649
5507
4177
2427
1734
325
4806
94
6849
9391
8138
9581
4685
4141
5286
2823
5791
7050
5478
3130
4008
8447
5285
7822
5443
521
4629
667
9240
5161
9240
3578
586
1061
1535
3833
7443
363
5436
3288
6394
4485
2021
7073
7902
8616
8264
6261
3026
4246
3589
5889
3109
2404
8365
1167
5020
4214
6837
7240
9071
2998
5287
4359
1053
6788
8901
745
5068
2839
5050
7681
2289
8322
7343
2312
3992
2402
9703
9713
5569
3939
3608
3002
7383
2561
8822
7919
8894
1628
8350
5945
8985
6038
7196
3828
6933
6230
2713
9102
7605
6815
6068
4250
7834
1018
7820
1333
1311
2719
3911
3504
3359
4051
9042
7323
1475
8939
5286
1699
8236
4191
1715
99
6505
3642
3452
214
7734
4894
3694
6940
3505
8196
1182
9882
9626
1425
2286
1212
5878
9492
3356
8278
4608
2619
3288
376
7965
3654
8703
5535
8650
7843
3336
4248
3012
3512
1483
3216
6772
3456
2937
6407
5013
8028
796
9636
5363
1787
1372
5473
3314
8516
6074
5958
8520
1664
7629
771
9272
8805
518
503
2220
6028
706
2766
782
8340
6333
1768
3187
8704
6269
516
3620
1659
8274
8843
123
876
5143
6857
4487
20
7349
2341
4827
7012
197
2050
3945
5084
5920
6735
4470
6798
9637
1433
1562
785
6149
4208
2503
3106
495
3750
5412
1428
4819
4964
7637
4040
6389
343
9016
4440
1824
5847
8062
8477
9477
3273
99
2240
7631
3338
5229
1133
739
7355
5117
8340
7385
8237
2021
9290
1569
2818
5287
364
4869
3731
2613
2675
8394
959
9658
4659
4481
6832
1347
9629
784
7274
6892
5925
3832
5277
7107
3613
8610
4586
9435
32
8699
3283
2864
7740
1946
8554
2017
9398
3002
4923
7119
5073
8344
8070
1024
7097
3803
9412
2224
634
1754
8027
2197
8974
5806
8220
2478
5251
8502
8074
2536
3018
7153
885
2396
9404
7964
8916
1367
1815
423
8097
23
5878
5366
799
8239
4799
3809
3974
2456
9734
6216
4719
6565
1775
1479
347
2529
2321
5698
605
2423
3845
4173
200
2349
8814
9243
9475
5325
9586
7425
1466
6593
3270
3109
4654
2635
5849
168
5724
3647
8871
9902
2234
542
7197
7734
366
4000
1820
490
2553
8636
9478
7333
5984
3671
3878
8939
7708
7639
460
5546
7079
3170
8278
747
7271
88
6234
3285
8504
4010
9583
2654
241
8405
5420
6047
7896
3407
216
2339
3793
6413
7585
9195
2769
734
7128
2353
4786
5592
7881
7479
1999
8349
1944
9340
6303
9225
9239
2762
4654
4587
1284
8831
8551
669
4271
293
8174
4354
1657
5856
2073
1628
5769
1156
1391
1319
9992
6529
8457
661
8012
316
8341
8166
5569
6603
3849
2147
5507
5196
6500
3928
761
9730
9328
172
4875
7181
6548
5166
2052
5158
7078
3757
4402
3284
765
2436
6762
2669
5189
5409
3241
5597
2140
3457
9493
3532
4665
6905
5043
5231
4812
5859
4049
2333
7456
8947
1987
6972
5405
1365
1787
7336
7419
5974
8657
6575
385
5451
9698
6716
3531
337
6437
6349
1097
3794
8857
8355
7396
7089
7306
6167
9723
2066
9538
5475
7628
1257
460
3988
1711
237
675
5114
5084
4201
2121
5673
6989
8799
5589
4751
6605
7657
9796
6466
7488
5485
9535
4229
7692
5740
4877
311
8741
3176
6959
2457
8775
1056
7337
9434
8044
361
4241
5921
109
9658
6912
3061
8309
6612
1813
92
3122
2444
8217
6943
3476
743
237
7094
1656
3809
6287
5237
8974
2889
5036
6498
6981
7501
3727
2930
8713
1341
4935
6624
1763
367
2791
3849
8415
9278
6439
8855
3051
4367
3496
3639
907
8899
3829
5257
3993
9282
7829
1540
8217
618
8668
4387
7627
7603
2305
944
3834
2974
1179
907
4545
7898
5364
136
9997
8962
2416
8146
5342
5718
3046
3663
2423
5397
3885
9266
3541
6132
8994
2039
4844
9869
6405
6623
7772
2327
3652
1240
4146
6622
7551
8663
7051
6863
9627
6789
8260
19
5794
3556
5838
4741
7799
4220
7069
1
583
7158
5519
3258
8779
9652
2089
5144
5818
7642
7772
4429
9163
574
5431
1315
105
1800
4710
2227
6367
4229
936
5060
3458
334
9935
671
1678
8320
993
7243
761
7160
3851
1353
6563
2237
4660
926
4575
5241
431
3384
2795
2053
955
2991
251
6529
2677
1242
1093
733
717
2395
1365
6454
9094
2184
6736
944
614
3511
2853
5900
3741
581
5615
9767
3395
6483
232
8192
3034
2877
2088
4803
9059
1304
8107
4774
7196
504
8512
9039
4759
875
9453
7600
1141
5798
3504
1376
2913
9898
577
8535
5386
9009
4819
9286
1416
3707
9497
8593
5968
1856
8965
6938
1474
5793
6299
8411
5232
6688
1429
592
7545
9768
720
1326
5379
5915
8771
7748
9814
7222
8671
733
3221
915
3026
5022
8216
1578
6086
8770
1525
8148
4278
5440
2190
1503
6065
1813
5267
6055
2487
3268
1640
631
1552
5863
529
7403
4108
6688
9817
3985
5621
816
82
5836
4337
8051
775
1909
1827
7367
5646
926
3201
6503
4345
6676
4624
8984
2859
5745
1147
2143
1928
9610
1635
9836
5733
5356
8048
9080
8318
3918
9382
118
9606
1155
8835
169
7193
6302
6228
6466
3486
8690
8695
3860
1320
8133
251
5351
8172
8561
7156
100
7612
8103
9707
3123
3442
208
82
2559
4920
9985
901
5251
708
4474
3180
1092
3586
4267
237
9674
633
9619
3262
6507
8559
4135
7816
6854
9208
1180
2087
3369
3242
2081
7950
384
7116
1675
2775
3771
4284
3390
9832
474
5024
6821
433
5143
9029
2671
9410
3920
9091
5558
5114
2640
7826
6685
4714
6522
6085
8677
888
9473
1140
1532
2223
4774
7303
7235
4755
9246
3838
1994
6146
4687
767
2954
8790
1400
1063
8110
3975
6826
5265
3087
3438
1239
9364
1451
6325
5510
2886
7889
9737
5775
6383
8572
3633
8937
4280
6714
1001
9694
9490
2535
4887
4871
5203
6123
3070
5081
5596
2380
2897
1436
1766
801
7279
7028
2970
645
6460
7982
7727
4388
273
9369
4254
4853
8794
9822
834
3188
2125
6429
1036
635
4123
4149
3426
3468
9838
1456
2775
5582
8354
7321
5814
5569
5264
6859
5080
9055
2741
8823
9589
5586
6466
4849
3767
7516
4925
5240
8090
4583
4
6752
6511
7305
4145
9950
2096
5059
4329
4767
910
3958
9759
8245
7814
1347
7190
1103
3826
4798
4259
3988
7003
5566
5169
8972
956
6324
4589
731
5938
4277
9826
9707
3408
4053
815
6789
9599
9090
3588
2251
947
7258
9132
8901
9224
618
9156
1190
3883
7813
8762
3002
9733
1581
5665
4958
6482
8400
9872
2636
6512
5122
7418
658
1539
1923
9336
9150
6469
2365
2482
4120
8059
5421
5070
8204
7906
1099
5023
9314
1864
6727
8350
6796
7032
386
5590
27
173
9686
7001
1471
5095
707
4880
1785
8428
5352
160
8990
9637
7066
8632
7818
4729
9251
2535
718
2760
7770
5194
5241
9741
6986
3059
270
2407
3538
6805
8935
9057
4809
9596
9750
8412
2732
6090
452
3390
902
9099
2392
5060
5499
7386
8117
5411
6896
1372
9232
2188
9354
8890
8925
702
3825
125
9509
2262
769
338
9926
8689
4622
5069
8231
9666
4689
377
790
9678
9059
509
1793
3237
6548
9483
3373
1867
2296
6050
5462
8212
7296
8339
2931
1967
6513
5600
1701
6585
5842
3168
1148
5138
8503
8704
5782
8125
8949
2564
6805
9904
898
906
9244
2284
8346
6879
8566
902
1456
5883
9074
2644
7423
3752
7967
1107
3788
960
8896
9733
6971
308
5837
8632
7978
7241
3894
8161
1101
220
4100
4936
7687
8486
4173
8365
6289
315
4371
6552
9739
8381
4155
9726
6812
7389
6325
3791
440
2753
9068
2445
4173
609
8908
6791
9689
2028
4955
1075
6748
7288
7718
3370
1846
9430
5017
1916
1741
2339
7738
7237
3212
362
4674
6376
4283
8535
2217
5031
7095
1015
877
309
2143
7996
2319
466
506
8029
3274
2726
968
1273
7664
6233
1779
1868
2643
6638
3377
8554
125
9264
2089
6664
1997
8885
2448
5674
2591
7391
5615
8839
5862
6161
3699
3464
72
8351
2928
3216
4454
5710
354
9510
6887
7802
7938
8525
5760
630
5698
9604
4674
2590
5381
2969
2463
4393
4206
3225
7674
683
4867
4355
8811
822
4157
6282
3628
4064
7215
6649
7524
9231
3953
4529
9773
705
1944
9725
9059
425
9107
2327
91
7395
6837
3
7693
2601
922
1833
7408
8878
4119
6704
9201
6695
1827
9606
6271
7546
2876
9644
8935
7166
8663
6606
9335
9842
2344
4128
640
1498
9050
8116
6989
339
6555
5369
5098
9416
5047
6861
3955
7437
6688
5106
1755
8073
6583
9759
4102
6224
5929
7389
6739
1934
1769
8130
9497
1536
1670
779
284
6397
7657
4929
2956
2322
7533
3102
6523
5434
1594
5034
8345
4204
256
2990
782
8766
9165
2761
9635
9416
3772
9184
2989
211
6874
5264
1607
7857
8246
9824
7946
1110
3508
1906
9004
5235
5181
2760
1683
7299
4999
99
4004
4495
7581
8870
3629
1852
443
4393
9450
1812
2168
8186
2536
2690
4383
365
5924
1575
6588
2660
8639
5401
9312
9514
5697
2795
2721
7978
2438
2008
6722
7581
4553
2329
1978
1343
4268
3222
5859
3043
545
3721
8897
7885
184
1086
796
877
6518
6422
3500
748
7406
4091
6881
5966
7135
4958
364
2807
6329
444
3646
443
5660
7743
8603
7998
6944
769
1609
4330
9099
2155
6827
5518
6946
9195
1605
6275
6544
7860
1819
8442
1628
6895
2730
7265
9897
1952
8611
3877
2015
5747
2624
1954
210
2949
6996
9509
1708
1967
723
7442
5244
9741
7290
6673
8298
3085
3949
3252
7877
5491
7148
5443
8011
6506
849
5416
5381
7172
3576
7495
7501
4562
7707
8517
5900
111
1993
5770
5556
742
739
9728
3767
7061
5587
3995
8707
617
2873
8003
186
3417
7651
6780
562
9694
9047
5671
5333
767
5361
1
6614
1228
3524
5241
5089
1489
3327
2607
4509
6378
7645
296
9058
8341
4088
1806
1937
9410
3692
6884
708
5751
484
4295
6754
8545
4115
1937
1599
6549
2224
1175
158
4853
3103
4177
9764
1198
5352
666
2107
4413
4247
9037
8687
5986
7471
239
3032
365
7963
8636
8997
9140
4115
3914
1169
2822
1495
5818
9061
9594
5099
9949
8970
6625
2783
4354
2537
4059
6282
157
6273
4997
1954
3844
9475
3055
7307
7043
4190
9628
2858
3087
3202
5971
7156
9688
6387
8002
2008
9223
2924
2706
6837
8711
5165
8245
1577
2720
883
6748
5912
5198
1651
6053
1605
5008
4898
7282
4320
1596
8788
8949
2252
9792
9551
8231
2140
5636
7691
7144
9449
4251
824
9792
1922
4377
8124
2356
1265
1342
6456
8869
4486
8479
2885
8370
1346
7814
1200
333
9058
4032
6480
7051
1350
1140
2416
7477
5117
8836
2333
6540
9695
1244
5757
937
8215
6295
5018
3154
7290
4704
2234
8217
184
118
2684
2798
2606
1497
8753
9429
6582
6433
1973
3170
1948
5519
4889
849
3597
1114
4366
738
6222
7627
2079
7089
5382
4565
5131
6292
5801
1371
6510
301
450
2246
7996
6671
7725
2622
3753
7038
3214
8197
9336
3375
2305
1299
6285
8735
6783
364
513
8639
4425
1406
3010
2796
6437
2359
2372
8141
4322
6691
2137
8661
6409
1426
1784
441
3778
4008
572
220
960
8191
9180
4453
7530
8055
2866
9426
8743
9389
6891
7894
9525
4505
1466
3149
9478
1489
7929
7873
328
6219
6941
5669
304
2352
8580
6366
9954
8076
110
4274
3039
2
3125
8824
9163
2365
1019
8943
2809
3553
5134
2395
5158
3455
7675
5946
783
1975
6652
2548
4272
2888
5887
6833
2378
4643
917
9188
3824
3854
434
6165
8031
3988
3848
4317
807
8969
5419
8794
7274
5019
2897
2530
2847
4533
8360
7237
803
2973
7107
3259
5230
429
6291
9356
8893
1999
4126
6958
7522
6641
5310
4009
2436
7127
4296
375
7299
9216
7767
791
5836
4849
1046
7584
277
7054
4599
4803
567
5943
8994
633
2757
6767
2764
2187
5117
4455
259
4929
9161
7689
8660
6338
9010
4961
7898
5482
6531
6742
6980
4265
2997
9110
2529
4552
1388
3951
6522
1367
7469
4586
4364
3154
4890
2033
6288
8690
9452
977
2137
9471
1468
1131
2330
4723
6350
7685
1585
8314
1034
8558
3604
2230
6088
6238
3350
991
3511
9563
1414
5735
4987
1608
9733
9435
6129
8184
2066
2565
6063
5408
9219
5054
6589
4443
1666
6178
602
3047
6162
108
4925
668
1916
4400
9417
7725
4394
2391
2555
1063
3119
4613
9075
2262
1042
7894
621
2423
7861
2615
2411
1688
5494
434
2577
8044
8865
5265
188
5978
9487
1699
735
981
9072
7404
4236
9927
5233
6294
5356
3446
7545
4118
3083
9176
6934
6617
4387
3171
3823
7374
7043
3373
9189
2365
651
6674
8731
5044
7239
5028
2543
3539
5126
2973
6532
9149
6230
7440
7965
4703
9133
1805
2312
6557
4758
435
4757
8040
38
4303
6434
1148
5947
4307
4372
9477
4128
7074
436
3265
4751
8360
7236
384
836
5831
3820
7545
5177
1244
2101
7575
3523
4463
8720
5952
2712
7065
4884
8277
6892
6528
7603
2629
4567
7118
2744
2717
5428
5680
624
1850
7752
8314
3570
6255
4941
3592
9275
3506
379
8287
4058
6624
7954
2449
7989
6129
4038
7424
4230
4934
1815
9738
8822
6815
6619
1106
837
4201
9211
1679
7235
9877
3831
7294
9501
2307
2278
8739
8551
9133
9071
5149
4882
1024
1597
775
3339
1205
1378
4634
8912
2255
2635
9792
2223
6780
4924
8899
6461
1694
2776
4676
8192
9844
5790
5048
26
8497
9763
4109
8210
4766
7081
4778
1761
4235
9481
6052
5525
7696
6690
9036
7861
3938
7821
6278
6706
6882
4444
7909
7990
4191
7999
4066
5405
4603
8259
8092
4492
6395
5064
6425
1666
7560
3293
1898
5049
9331
8601
6732
6921
3606
4329
8411
3002
7765
481
4705
1907
2163
7473
6908
2756
4080
6886
8430
1868
8656
8313
9710
6792
6743
5096
2604
8457
8001
9999
9729
5329
3454
3715
2516
1753
3610
9067
1193
4850
5995
1467
7781
3590
1075
9006
5645
5578
6758
5951
7579
8419
7269
8980
210
129
9912
5352
3353
3036
6171
5299
787
3386
7103
3129
976
7595
4049
5324
3004
81
9592
6670
7605
6879
4408
4391
1338
60
7763
5166
1918
8436
6319
6888
6812
5484
1107
9051
7525
5136
9611
9502
5349
8346
6331
7951
8627
8545
5775
2144
4407
1004
4449
4367
1414
913
2932
2704
9160
6367
5485
201
7163
2884
6434
3738
2160
2076
363
7942
9299
6935
1748
9107
7641
7781
7892
4730
2050
8720
8568
8443
6445
6870
7785
6881
2827
402
316
2141
5003
4598
8680
162
8133
599
3138
6252
8562
3285
9044
3053
7064
6278
6508
8310
644
8798
0
8158
5344
5548
832
1426
3764
3572
4788
9337
9352
484
6644
1395
5064
8982
7798
9582
8032
8097
2370
6564
9223
9980
3842
4260
9592
2224
1733
923
4026
4633
2387
7983
3858
2553
4378
6088
4687
9641
9078
3803
7155
4845
1792
212
1233
8738
6541
4960
1265
3686
2823
1893
8849
9300
1866
4398
3094
9355
4196
8870
688
5051
207
9504
5195
7355
1787
2353
6993
7929
7876
1467
2205
4303
5635
7702
603
3406
2624
9197
7148
9210
6357
4531
181
6386
526
4896
1798
3466
8829
155
8328
3063
906
6646
2976
4694
8855
1665
7008
4537
3825
2780
4109
1487
7298
6300
6315
3775
4308
9641
3636
689
6304
7730
967
4265
2981
6893
7773
6960
484
8943
3143
3697
5735
6724
6804
9005
2322
7436
8975
7884
9633
8466
2532
3281
4881
7946
6035
9288
2492
8615
9117
8478
4540
9878
1324
1149
3904
1178
495
2931
9100
5925
5026
5438
8826
6847
7820
2278
2815
2246
4098
7863
8425
3907
5625
3817
1396
6869
4617
3630
6684
4860
7052
791
220
6467
6134
7779
6229
9835
2959
6101
9978
5393
9355
2769
9160
8363
9515
1331
4707
6196
2573
5949
3388
9921
1854
8891
1311
927
3439
9619
2072
8267
2197
5790
2693
4942
3242
9470
7271
6835
2130
6236
8402
7191
296
7871
8196
8475
4134
8490
4018
9304
2579
930
4894
7745
7351
8218
6005
3214
4747
6750
3173
6474
4267
2585
667
858
3037
9027
9594
8583
1339
2874
3144
5243
4459
5051
7698
5317
1633
6397
3232
4120
1322
6411
5027
5814
2345
1004
4299
7620
6447
6273
7637
4875
2371
4442
962
699
9361
3541
9251
5035
8911
2532
9599
7441
3114
809
1335
6538
8687
3393
3217
1431
7621
3115
8768
53
9320
4628
1893
199
4609
5280
2991
9186
5808
8070
9869
9525
7228
2056
7124
6306
4961
8174
9101
2110
8536
2174
4838
8657
1332
4794
3944
1721
7496
1079
6232
306
1207
421
599
3546
9939
95
7300
1556
2119
1601
8690
9868
7264
3345
4820
6337
1846
2908
5284
2996
792
7710
4275
8972
229
7565
2186
1491
2935
1234
5087
1216
7658
6213
4468
5090
2091
5140
8058
3813
9611
6751
7283
2756
2499
6563
6356
7324
7249
5138
8265
969
1248
9755
5714
9183
2262
9131
7195
1671
3910
9584
4154
4788
2294
3126
3953
7585
652
976
532
4137
2673
2388
6388
6338
9991
9187
7242
3094
1863
5107
8703
464
3795
9212
7592
5232
6778
2987
4303
3739
8857
7126
2588
2802
7087
3741
1554
7164
1129
665
4326
3699
6028
5108
4315
1097
3042
3236
3817
7844
6059
1141
2380
2765
6580
1554
2456
593
4389
4096
969
1442
8405
4247
2009
2669
5016
2750
8203
3464
5992
6114
4821
8488
6369
5682
5098
92
4598
4314
3621
8282
9266
1867
1010
7684
6745
4579
2614
1335
7581
2030
4399
6576
1340
9800
9749
9626
6214
3437
3840
1080
8684
1920
2947
1099
5636
8868
86
9313
9353
9882
6978
9371
2111
1656
4518
3706
7541
898
2198
5445
6835
7304
8899
505
995
7612
1397
477
5084
302
1428
4864
2825
8262
1479
9602
8968
7325
1123
3052
2574
2920
8661
3484
9383
6641
4011
1249
4940
7700
1373
5808
9389
8404
2105
6897
5630
2952
3516
25
2799
341
7996
9252
5330
2104
2482
7182
7009
4304
7029
8575
7624
5894
3473
1265
222
9483
9047
4399
2721
3964
1550
3804
671
7412
2711
7500
2065
3726
8366
3
5234
5749
876
9672
5405
2171
6826
3462
2884
8690
2624
6639
5629
7290
1099
5085
2903
9176
1004
2919
10
351
9101
5612
1196
2557
1647
2783
4256
3525
5280
6095
4522
1764
1784
6097
5005
5746
6482
3884
4469
5976
6583
5889
1120
8440
2981
2325
4966
1373
3455
4621
7290
9376
79
3733
7097
7731
3831
8317
7696
3854
7556
3936
7802
5925
2579
4210
4102
5602
8062
5237
4039
772
4415
6744
2533
339
229
5837
4288
8462
2292
725
1909
5427
6951
6619
6922
683
4305
7913
8883
7408
6960
8491
5127
587
9811
5886
7420
4286
8338
5732
2270
5259
9452
9992
9631
4159
4622
584
3737
9087
7439
5219
5967
9661
5657
8113
9362
1703
8593
6025
2382
1340
7384
8883
6324
6043
810
1067
5155
6651
9923
2030
4208
7281
7201
1349
3076
9169
6869
2875
292
8372
8787
4508
7212
9329
3609
4060
5493
1115
973
8785
2950
2520
5166
7550
3366
8650
6813
5164
2335
683
9876
823
6878
9913
7588
3427
791
8940
5261
4010
5174
5008
9254
9171
432
7268
4364
6015
2760
8205
8023
6195
6189
3735
5064
1069
9936
4970
5871
6102
4052
9285
5898
2899
3342
7849
8791
1783
1196
8484
7114
7464
2898
8793
170
7900
2927
9721
661
8480
9950
5168
4564
1892
4281
3630
858
4503
8263
1056
5366
5131
7446
4938
3431
2581
2980
5380
6271
3907
4055
9678
7776
3066
3101
2449
5683
6250
3997
8660
9416
9584
4732
744
1224
3241
1996
2192
6326
1998
447
1264
2676
7153
9689
3441
5889
2481
1859
5661
8800
3117
9948
1390
7012
8483
8714
4846
8551
276
4862
3386
5210
8950
7590
3464
8039
3589
2380
9026
2626
4423
7995
6798
6270
5882
6241
1467
4027
3501
2992
1578
1565
5512
1135
3174
3897
7704
3134
6610
2104
5915
9079
3102
6542
9940
6687
7286
3332
2972
9067
8119
497
4214
1264
4733
9415
156
7811
7790
1962
8379
2079
2477
3452
6296
1860
6509
851
3997
5628
3490
3867
9620
3258
6757
8824
9903
5356
9540
5924
7330
5567
8099
7239
3726
9809
1235
9029
8858
8657
2797
8817
8736
3138
6972
575
929
6399
3236
8886
9046
5737
9410
2388
3796
1932
9522
7436
7643
9568
327
731
3467
3882
5339
6505
2436
7234
3491
7962
2392
1584
8957
6884
7423
576
8089
6699
6711
8436
6017
2119
5622
6729
5511
3959
9006
145
2761
8335
1579
863
4355
5933
4412
5506
9842
9338
475
7896
2192
539
6427
8052
7825
2839
7069
1131
5305
1667
1775
3592
583
665
2786
63
2402
7144
5462
5470
1583
7908
8660
9263
444
3534
7687
5530
7628
734
1960
9863
9088
8012
5829
386
2462
8991
4878
8615
9872
2253
6395
9629
7291
5504
5565
6895
6650
7194
4928
8693
7767
1199
5977
8801
1718
545
3986
757
4958
6505
5471
5138
9669
3617
8044
5452
4631
7583
4565
4889
9730
75
8065
760
832
913
3516
2478
6002
3682
7440
3115
1910
2213
9359
1291
8053
7211
7936
8361
2700
1200
6211
3566
9044
2013
4083
4087
112
7963
1719
3621
5011
2882
2532
573
7355
3327
9171
5840
4126
7076
5610
9685
3903
5289
3722
8241
7325
9504
1029
1241
2537
9846
4377
5630
5649
7509
8014
1992
4206
3975
9128
7582
422
2774
4952
7984
2575
6014
4549
3176
5169
6899
4691
1685
9799
9375
2414
6279
5266
2308
293
3801
4265
3583
1557
6359
2864
7485
3937
3665
9124
2456
1883
2376
3633
2506
8770
7478
1760
179
4728
1114
5937
8581
7518
3504
4176
5259
9950
8159
9655
5930
8180
5500
3984
4528
7931
829
101
3785
5232
8631
4151
3713
9621
1816
6887
2259
2132
2241
9891
2688
4061
987
2352
2956
5214
8827
913
290
95
6336
4882
6951
1847
2936
5139
4524
3854
3347
36
1069
4943
5423
4986
7702
2313
7026
2859
5430
4612
8886
3563
3067
5003
8383
9204
8109
5481
6680
9323
519
9348
6572
3541
3343
9185
2400
1526
9479
7650
8493
6257
3132
8307
3131
9633
6780
8605
3673
7394
3125
6996
9658
5901
7112
2148
57
2159
4683
5699
4077
8709
3982
6466
599
2181
2982
8710
5560
4780
4885
9677
6528
8816
4427
8303
1665
8753
4022
1219
9154
6353
3908
9498
6095
2268
585
8060
5310
8598
828
6446
1100
3808
6940
1165
6934
3831
5488
1610
5620
313
7867
9761
8895
9380
4014
1591
6996
4445
7304
9631
4256
6762
8729
2217
9499
8045
5076
3385
1889
7069
2498
1599
827
6770
1123
1560
733
1277
6640
1425
4712
5026
4876
8339
8223
7811
5657
4639
3095
4442
2598
2518
7608
9250
6502
3078
6240
6386
284
9677
4599
2856
5154
6955
6973
30
6777
3368
6399
2540
4235
6703
6360
6042
3212
838
6404
2927
3999
5771
3456
2843
7493
6396
4605
317
3120
9779
4596
7922
7525
3820
7491
1227
9872
4613
7445
3001
8466
6337
7344
5080
2869
3992
4712
8645
6432
3055
4593
2941
7829
2815
9426
8148
9464
7813
8996
4943
5579
1110
4537
4206
7908
5036
3354
441
32
9537
5625
614
320
4886
6741
7044
5698
5697
7772
648
5339
6258
2107
5489
6592
3024
4352
538
7075
2676
1776
9851
3178
1329
8101
9340
5244
3599
8543
6088
4181
7283
7420
3786
5945
9628
2722
1590
3237
4621
3880
8662
9217
3970
885
1791
5873
7777
1840
8208
4043
9950
5446
9127
5731
1210
9195
5472
8353
3913
6055
1530
9476
5663
1585
1736
7632
3351
4442
1889
2787
5136
8544
1748
5478
3204
2627
7835
7087
5781
5349
7547
2707
1543
2874
6710
6952
8500
206
3629
1624
4832
2182
6981
1297
8650
6766
1764
8474
6683
3666
2984
304
6574
6280
2373
8479
4668
8539
5097
7884
242
9075
7902
5775
3986
575
6651
2158
2339
4532
3031
7668
3254
335
9147
4384
9494
7206
9939
2026
1995
7085
5969
7616
1355
1045
2045
6879
6349
5518
4509
3117
1820
1117
2765
5587
7124
5657
7676
8441
7916
4016
7619
121
5103
9526
578
5557
1625
589
56
2980
3339
6048
7374
6423
6283
729
2497
9226
1612
2259
5627
182
21
6169
7437
1780
9056
2717
4555
7260
1553
2309
9988
4891
529
8128
268
1603
1590
4679
7287
2684
977
670
9812
3176
4931
4841
1412
7141
796
6251
2567
6795
386
2250
1345
9989
6459
4399
9069
5996
5096
1385
6318
5199
9054
8641
5982
639
3169
5960
8213
2023
5582
2172
9720
2632
6838
8009
1131
8610
7075
8941
8788
2208
6584
3316
3070
7194
4681
2722
4390
8141
2484
2079
3174
5880
9082
2332
9596
8509
4606
1668
8246
1848
2457
8781
8236
4859
8744
7614
1769
3351
1475
7195
2295
728
8170
3211
4743
1752
5917
2314
8922
5283
2104
9675
831
4314
1818
2997
1322
6897
5249
5711
29
9955
7300
2566
8117
9285
2509
6298
1907
2872
3920
7513
6037
7048
1500
83
5377
5473
9053
1709
2621
4082
7563
4337
238
617
2370
9778
7083
9310
7887
557
2878
76
3748
7130
2151
4778
2489
6851
8284
6247
1551
1964
6016
9284
2658
9312
7214
4987
282
5596
9251
9501
7054
9412
9206
1626
2438
7204
4773
3113
1435
6786
8605
3768
717
3406
2885
7709
416
8315
1176
6954
5892
1447
7309
3695
7184
5142
4789
554
1755
6093
1936
5865
214
2698
476
624
7481
4305
827
7798
9448
7666
8383
6202
6914
5494
341
4291
4327
5287
6076
4469
8115
7039
5088
8191
8170
6361
4039
6049
3698
3076
8296
5930
8984
2870
1715
9920
2768
4589
3920
3769
620
3153
3288
9318
4216
2837
1034
9008
4992
2220
1051
570
9631
7720
2605
5622
7509
5965
7099
3571
100
9060
3470
5076
6071
5228
95
7276
4846
3324
874
3718
1579
6211
6827
4417
4691
7727
2151
8264
4513
8076
5001
5951
3357
9829
5128
2217
6452
8646
4306
2055
3284
4914
2728
8923
3654
9904
9749
730
6361
6512
5899
8160
5319
4092
5612
4814
3654
9273
7170
4718
653
589
6059
2343
432
3850
9893
3100
4731
6728
2706
2254
6503
3762
1832
7954
7931
2086
8392
4557
6291
5408
5832
1804
6405
2752
255
2401
7318
6343
4733
3063
1576
1809
9125
1302
2078
3869
6600
9298
7230
3112
6494
9390
6497
3958
9011
8270
8490
4706
5756
4442
7312
5422
7637
8542
3690
9875
761
7102
7414
492
1677
263
6198
6782
8953
4049
2440
5983
276
8192
8273
9832
2059
5818
6645
1077
909
4755
3397
4089
8614
7444
3861
574
3910
922
617
1978
8494
6586
1227
8941
3910
6290
476
2695
6974
3371
1045
5062
6447
6394
8872
925
9436
4054
9272
849
1083
4021
6546
7117
3018
7647
9206
3285
4175
131
7766
9175
9937
6984
5081
2813
6028
7435
9308
8447
3653
232
2583
9510
3259
2420
776
1035
2134
775
5838
6526
3423
2599
8819
419
427
6479
5110
4166
4996
4926
1909
8623
5142
8460
6756
1905
5955
5656
2492
5516
7300
5148
7379
594
6861
8146
6179
5367
7836
5632
1562
4497
2589
2078
3278
3903
2813
9657
9435
934
6137
2015
7306
1031
8098
9083
5135
2012
1967
6843
63
1121
7471
4268
9884
9919
1850
9111
5055
1043
6530
2117
7249
5262
9499
4894
3350
4421
1652
3391
1046
9897
6226
9034
937
3137
6248
8951
1359
1363
3924
7833
3321
2690
3048
2107
4327
7808
6852
5497
5567
3333
5997
4874
6359
776
6396
4491
1391
5546
3317
8040
7134
7506
9058
1683
3495
2322
3692
9927
6391
4329
2294
7749
2670
2738
5878
6157
9336
8890
6000
8298
4679
5167
5536
1892
1039
8099
7108
9657
2013
2192
5396
1141
3237
8261
8591
7101
9719
2719
2723
1964
3740
4115
8552
4565
7491
583
8938
39
531
2240
4722
1582
1980
2342
9760
6790
1646
2116
8646
4171
6725
5692
9540
5068
1216
7016
4443
4109
972
7914
9984
2348
2114
5556
5392
7755
5402
3524
5610
2172
7627
8727
478
7243
5456
8495
3456
6805
6168
3743
9752
1574
6985
4787
9833
1360
2642
1404
2571
1575
8924
7865
3544
4234
653
7713
4528
7932
9225
1213
1722
3808
7620
5619
4167
3123
2249
3868
5572
3699
7600
727
9148
9710
1279
8823
8503
613
6480
1383
3620
8111
6059
4414
5662
5386
9504
3870
7966
8108
9555
1382
4908
6359
6132
7575
2835
5403
5129
2915
5089
2134
3115
7585
1431
4983
5194
8637
5395
7168
8542
7005
4680
3545
8107
6175
6343
7984
3791
6862
4156
990
2332
4979
6887
7014
4013
4775
3989
7191
3830
4871
2490
1905
1180
7312
5501
980
6334
8826
1953
2179
6175
7073
620
3608
4257
1326
7173
513
2112
8037
2207
1560
3912
2792
1148
4720
5635
2024
5808
1243
3987
4923
4884
3049
3993
9401
8866
8570
8719
7696
3684
5957
136
7672
9508
865
2114
2481
5135
4368
4773
4376
9099
2972
4651
4185
2625
1625
684
4174
4249
778
6340
2949
370
4816
5283
1519
714
9421
2834
5781
656
5975
9933
2645
1507
7096
305
2987
1975
9713
6563
9243
7652
5855
6474
5434
2906
1238
6682
1452
4405
9018
8142
2711
7000
3052
5201
1143
8281
7473
5161
3916
5530
3215
9057
9357
7151
6384
6786
1775
6385
5241
5613
3057
3982
4581
3415
5711
1882
8522
2321
3942
3222
6685
1171
9703
1803
3201
9621
7077
1859
3706
3498
4472
9749
9712
1801
868
2731
6143
3849
8707
2689
3531
5848
3951
6524
3409
744
5372
6709
6585
8823
6914
6481
8359
8313
1208
3582
3473
4772
5643
4044
747
4328
271
4437
9838
89
9869
8842
599
2602
4810
9500
5723
7416
4824
8196
3128
2464
8245
2736
7191
4798
5169
778
7614
9443
7710
5782
6482
8050
5824
6807
1721
3271
6643
399
8205
2708
3500
7682
333
4026
5720
3125
3678
6112
256
3769
6622
1987
7982
9982
6921
4554
6489
7061
9236
3173
8284
7590
3735
8738
2582
9034
3400
427
5770
2822
6834
8207
5462
2677
8053
2203
8256
5537
5910
1733
4413
4030
8711
1189
2187
3219
8098
2737
6926
9990
239
2499
4760
2402
6708
4921
8321
7415
3596
3256
9575
2383
704
2078
8878
6872
1234
3315
200
611
9257
9883
3392
1512
5735
8043
1425
8676
774
5925
4115
8976
6064
4417
1621
7359
2670
9354
3478
1460
9336
2467
2189
9165
4460
4772
233
1888
58
6805
6723
4112
5259
6485
6688
9356
3057
3575
2354
692
5018
6106
7981
6809
4766
4388
7255
7408
6136
7882
7001
2675
5506
7454
978
1220
8312
8598
2171
7263
3279
9477
7445
5595
5790
1976
6734
2684
8666
3759
9395
7576
5072
4758
3104
8067
4492
174
1202
5850
3318
2349
1373
697
2508
31
4425
3241
6042
6392
2775
5098
4678
3655
2850
4872
1656
3736
4865
8525
9286
2614
8760
6723
7470
2314
6590
2548
3533
2421
4378
4128
3021
7815
359
7242
8987
1353
6694
7984
6789
4477
3842
2373
8386
7455
254
7692
2316
4552
9947
1891
5289
1872
70
7866
1144
8381
4094
4702
6390
956
835
3383
2416
4267
346
3226
4386
912
941
6043
7998
8346
5503
9251
3977
6162
8445
3402
2095
7437
592
5938
9879
1169
2095
9232
5824
33
8498
7270
8747
5943
4257
8081
5619
1693
2522
9245
8455
1305
8354
144
8504
4386
9027
4378
9485
5027
1747
2519
4004
7547
53
7214
9907
4669
681
8313
6220
5323
398
5393
3055
299
6936
4117
8906
5187
8781
8407
3292
6950
5945
5075
5479
2570
433
7917
419
7637
3700
2758
6271
8437
9405
8762
18
8217
5382
6362
9072
6767
9495
6801
7496
6010
6316
7092
1562
7055
8324
6043
5046
4941
1014
7671
7055
6134
4174
3343
6015
3822
6516
8619
9316
5552
1405
1020
6536
8455
988
6550
7614
8272
6833
5195
4728
8073
6465
5205
5126
598
6246
831
6392
3488
9773
5968
7861
3850
333
7926
4996
6898
2855
4843
3672
399
9929
5974
9272
6941
4925
1393
9996
6387
1599
9699
9428
9629
8315
6777
7330
1147
7396
2917
1368
7909
3586
9347
4700
9545
947
5604
3048
1267
8913
8009
1741
7367
8452
9118
4968
6222
6031
1136
1453
8891
4181
3852
8320
4713
1998
1446
9026
4995
6693
7923
5448
8799
1129
5139
1624
440
5379
5854
8157
2070
4295
5530
4409
4876
1155
5606
5818
6446
6500
327
3013
9341
1080
7036
7231
7617
6063
5183
3099
7346
5659
5243
1757
2338
4646
8933
4205
4490
4690
9416
1192
8016
7787
5745
5952
114
4953
5155
6931
5698
2370
72
2329
6253
8908
966
2407
9049
3376
1673
4480
9227
4458
8578
9691
2659
1997
2284
2256
6677
6131
5542
4348
3428
1682
8802
21
812
1578
5610
4407
8972
4475
1193
3740
4719
5524
4845
9786
9718
2150
8343
3094
3299
6647
764
4262
8228
7394
6828
9044
6058
155
5164
8479
4422
3888
4178
2300
6959
3980
5245
2217
2898
7125
6574
2098
8886
9445
3015
5836
5306
3653
5230
8847
3214
1989
8125
5153
7595
7113
1210
1661
5424
254
990
2883
3482
2234
1812
9641
4142
192
9281
8895
6134
4419
6298
4191
7815
34
4774
7171
1579
3026
4849
2257
9167
7529
8185
3666
9147
1878
3593
9776
761
1791
4592
3037
9796
3730
3405
3040
3999
6125
4185
5723
238
1576
7521
8520
1381
8672
1295
1842
5468
7983
5716
1583
7819
4023
7844
2203
1992
8942
5102
7296
7914
8130
1110
8897
8120
621
3680
870
3715
3796
1595
7442
7021
8506
3352
2416
3077
7058
4710
2940
5345
2257
1468
2078
2182
7794
6674
4352
4502
6243
6140
8769
5414
348
7427
8563
7051
4224
6402
3118
9809
508
7322
1751
968
7436
8354
6827
6507
6493
5231
5766
1742
573
9164
1744
9395
4430
806
7511
3161
4378
935
5992
3554
8705
3501
2390
3936
1773
9542
1421
2715
1575
1865
4976
7201
1842
6708
4798
5258
6180
4910
3
2919
4837
7657
9083
2119
609
3574
1506
5302
775
9428
2999
6930
9588
8790
3407
6490
8362
9536
1861
4966
8457
3182
9231
8157
1328
6049
1132
5399
9676
6727
5465
2512
9855
7846
7475
1590
2220
516
7062
2271
1551
214
7620
1465
7866
9267
2770
9295
1065
2117
3564
8165
7879
2843
2105
7697
4154
2205
1289
1478
7657
6798
3786
270
3213
295
4250
4979
5221
1142
9447
3658
3812
9890
5059
5724
118
345
3283
6867
5328
7640
5590
6253
3508
9862
5138
9200
3827
3133
3225
4203
4366
6246
1803
4868
7269
6625
4518
4547
1968
2222
4537
2890
5644
5211
9798
3999
4220
8618
7957
9032
8129
3933
2197
3234
5925
5201
8461
3118
2529
228
4945
2441
8495
917
5472
2518
7065
23
1562
2041
2848
673
4655
3075
7481
3541
2371
8277
7922
5883
4878
6403
3410
9993
7487
6120
2446
5841
6944
2031
9415
1543
8516
676
4097
2509
1821
7784
6959
4942
8347
3003
5290
8787
3311
3145
9281
5173
5261
3748
6601
8320
9808
6393
7926
719
9223
8690
6050
1162
6141
8807
1289
1433
742
3490
7816
3908
8742
4526
218
4153
8300
6315
6305
6472
2283
7072
2726
1230
7320
1421
6376
7948
2271
2029
3824
4516
5681
2356
8885
7248
8809
6859
1803
2111
3948
5365
9671
5932
8222
2828
8269
8636
8145
7309
1338
7476
2200
9741
7470
9797
2857
3351
8961
4661
1393
4963
9078
5451
1682
4196
8396
6215
3111
2557
2897
5275
2473
4945
6642
4634
2954
2407
3998
4828
8126
7062
2313
1803
6409
8595
4171
333
2755
7668
6600
7950
4136
5871
7211
8281
1293
5732
3435
6035
5853
6099
7600
244
2113
6380
6158
2850
9902
7410
9024
9164
759
4298
912
4000
8339
5590
6163
906
6746
9864
1458
8138
7898
4325
6770
8977
7014
648
2181
2807
9293
1824
6010
6619
7848
6872
5903
280
5485
5936
5159
9169
4145
3485
9302
2921
3915
4922
9673
6417
7587
3080
5890
8255
3737
2666
4689
9879
1041
4198
6399
6233
6636
4280
6164
8998
7347
1449
4600
9840
5965
5415
2550
1838
7455
5538
9725
1129
1107
1059
6320
8693
161
8152
4477
943
2073
1920
2907
6832
3011
2480
2908
235
3678
912
3618
3385
1813
4757
8990
9710
256
8235
3763
8439
2870
8366
4249
3075
3727
9845
7006
9467
2360
1724
7063
7775
8080
1725
1716
8111
767
4234
3281
8547
1143
1562
3208
8471
2610
9118
6372
4358
6187
8638
3729
4977
7800
20
4335
1852
3173
1669
6998
3334
2780
2487
8835
5364
9664
532
832
1688
1258
6282
5217
8275
3994
827
9403
1332
2527
7048
7935
1387
1889
1765
7396
9887
5451
5337
2307
1193
4407
1349
7947
2779
4786
5358
6949
4000
6910
8873
6371
9824
6214
7698
5793
4784
7788
9112
5309
9749
8222
8968
4818
2643
3336
181
3248
5510
5539
4241
3592
7932
3546
9275
2995
6701
9021
8245
8786
1208
7630
6560
6368
1051
5257
8582
2868
4430
9297
2884
7571
9885
2853
7250
4146
2208
7954
5377
1817
9625
7122
9888
4515
1354
4274
74
1377
5600
9841
8767
270
5936
6388
2941
7741
3132
1078
1340
4591
6977
9581
5395
9794
1536
6104
6410
4147
5832
5332
4061
67
765
4302
361
5447
9479
5859
5238
1657
9449
3587
6145
3244
8731
6803
1093
8957
1527
5698
7238
7062
4797
5107
6729
4684
8739
5465
7747
3704
4541
5762
7533
8882
8997
3898
6561
7496
9526
3520
6115
6351
7499
2661
8575
7249
8783
9089
475
6980
720
559
4664
7516
4582
2953
1483
7430
7818
5742
2018
181
6980
7632
9493
9258
9541
4362
811
7516
8029
6878
8022
1399
4554
4285
4828
3312
8831
8288
2
9927
1996
4051
5495
949
8543
3233
3067
6853
1863
2507
4667
1679
8641
3729
585
5247
1986
2899
1788
8404
8639
7105
257
8917
939
4927
6749
8366
9646
3972
3104
6568
4895
6642
9383
5094
3534
7504
1055
8731
4416
2962
2737
8377
760
7210
9614
7237
4911
8408
8280
311
655
1213
2650
3037
2578
7645
8805
4382
5090
2531
489
4508
2412
9662
9804
1539
8838
6969
8922
558
5929
1577
6233
200
4221
4591
7719
4000
8000
7229
210
5494
7955
7749
708
7955
4769
525
7593
5557
1325
4559
431
3191
8119
4413
857
607
810
5842
1999
3872
8485
8659
3862
4512
5956
4884
296
484
2394
4583
1199
3144
5805
5167
3779
7435
6078
6258
9213
5494
260
2957
295
7469
2436
9634
9347
1566
8207
4509
4885
8967
8840
4516
6749
948
224
9404
4453
2486
2864
4472
4739
431
7267
7005
7099
7337
8621
9169
5781
5270
1611
8017
3814
7890
824
8226
2206
117
2474
559
1885
821
1479
2097
3010
1817
1575
301
4338
2600
4711
8678
6497
6479
1943
2452
4272
5009
6705
7037
1700
6905
7430
3215
6895
5067
1127
6927
3789
1336
8589
2316
7740
5520
933
7917
2185
1394
6332
3529
3763
7519
7074
7989
5646
1501
1742
7367
5399
8183
4574
1178
9759
5953
6201
6106
1894
2650
6484
8895
5685
714
4653
6711
3271
7083
5879
7820
8517
788
9282
6901
1165
8495
4486
759
9614
5196
7916
1628
3747
7903
9673
6860
6297
3973
6568
7224
3119
6148
4691
182
1929
656
6622
7654
6705
3833
736
7378
9626
8178
3614
7044
8466
7741
7670
6290
1508
5041
9701
7877
2791
2846
3381
6568
3367
1991
6167
3259
8094
477
1241
3574
7678
6013
4356
7099
878
6944
2692
4420
1454
3553
4980
9676
7432
5979
7990
7418
6373
880
6125
4583
7081
4022
7143
768
9021
2907
1034
2712
2759
5930
697
7285
5864
3318
114
7434
2466
403
7992
9845
5635
7060
7049
9727
994
7950
6555
8865
3765
476
3879
7110
1709
2636
658
9771
1070
4903
6340
7586
671
3821
807
2886
3786
2574
9438
9273
5201
6806
7295
2329
2334
9152
9423
1954
6660
1771
6152
6573
9287
5018
2953
7557
4789
6564
8170
2138
9792
1068
539
383
5193
684
1304
4317
5930
9098
8811
683
1599
2685
4894
7797
4690
2584
8811
7881
8418
5172
9602
7377
9488
4509
3734
6138
7478
6339
9524
2435
5044
8160
2721
785
1096
7417
975
9919
8345
6286
3132
7107
5025
4251
6056
1708
1300
6081
8912
4039
5313
1263
8236
8721
9492
9593
2817
1447
8885
7051
4851
4585
5041
8999
4075
1165
1042
2522
2001
6351
6686
60
7143
150
3785
2678
7281
8946
2200
3502
3556
4786
5811
1038
3146
9666
9526
8803
1231
6865
7701
5169
9436
9024
9529
5620
925
22
6875
289
3633
2833
5803
8843
8542
7864
7453
9793
4814
1115
3825
2100
442
9116
5198
7
1969
3686
2171
3871
9477
3835
5898
7626
2210
7485
6512
9852
1868
9778
7685
372
308
8218
9221
2493
8710
7548
4400
5072
7698
7660
2884
8855
6245
8410
6869
4268
8564
7364
4983
6944
8629
8699
7256
7704
8889
4146
4204
2754
2714
9667
3509
7717
9101
3789
3951
7718
4995
8296
486
5879
2866
872
1909
3194
3275
2767
6780
4355
8104
1805
7485
2219
2852
3699
7267
5905
7110
2534
4751
7835
2011
6638
6736
234
8096
7134
8830
6923
8969
7806
7204
762
1121
2835
1960
9681
9246
33
9911
2175
3296
7127
2594
8531
3382
5064
9503
3015
6076
9034
4958
5962
7077
8647
3737
5062
6674
5265
7126
4464
3420
2595
7452
1405
2323
850
7008
4257
499
8002
4347
2067
2368
5205
2409
7309
4863
798
657
5456
9968
2852
4316
276
3307
9602
2324
1628
1302
8939
7386
3640
7072
3418
8756
468
8893
4792
9937
7870
1983
7431
5738
1317
4541
1835
2087
5133
2210
7304
7579
3774
7877
3527
2734
9276
2241
354
4021
4258
1488
2575
6671
152
8169
2201
590
2547
5682
1065
9409
8939
1492
9300
5610
1128
5498
4462
4432
9766
773
4908
8403
2471
5488
423
5448
9783
6426
9452
4864
8731
4885
8897
3785
8179
1194
2418
1040
4670
1815
4025
7393
6045
2567
2620
7342
6240
1164
9184
8920
5388
2427
6668
9308
270
8819
5192
589
1849
3164
4532
8314
2171
1481
8357
2315
5501
7865
7338
4606
8154
6191
349
280
3095
1644
9461
6938
4880
9718
5352
3330
8596
503
9741
2538
7126
4309
5263
2866
6245
3161
7118
5749
8645
4366
5168
8954
8668
5848
1717
9594
7161
7663
7224
5240
5534
214
1329
3234
5598
9212
4711
7923
3601
1471
3683
5730
6277
5415
5839
9898
6479
8070
9006
23
7151
4186
2453
1754
3553
8109
4055
2889
8752
1706
4302
5574
5509
299
5477
8426
9021
1539
7331
7630
6312
9093
8593
7766
3022
160
93
6555
8108
7527
8279
9299
5308
8145
6024
9070
3139
7274
6899
4304
3155
2452
4196
4966
2545
462
3508
9799
7313
9294
9375
4216
7613
1822
5612
7836
1253
7889
7051
999
7984
6833
3390
7597
976
6470
1742
1147
8916
1444
3118
193
7415
6882
7548
8955
6821
2306
9908
1771
3150
4530
1167
7269
7539
5246
8200
7367
9421
624
1327
9682
3502
1430
1463
9273
4991
733
7850
9685
7752
9743
6572
1122
9262
6135
5708
3434
2550
349
9223
92
7336
6626
6295
6921
3807
9657
5769
7867
3436
3632
2173
1217
842
9322
3590
8315
7229
443
2784
991
3204
943
4289
7974
5181
3447
2568
5767
9367
3185
2226
2701
1347
4883
8300
1879
9604
9971
3507
9884
9813
4230
8279
2968
8746
2995
4478
8056
8382
2435
532
2526
9579
4664
7504
5633
2473
9335
1298
1301
9229
7219
4505
7202
4867
6584
161
948
6678
8880
3737
5982
2108
8869
1779
987
6687
9268
8148
3811
5062
5834
7131
9382
9634
5646
6095
7944
7268
9626
5664
6841
6044
3447
8368
2431
9196
597
