3462
7557
7265
605
2926
820
6670
5688
9436
9654
5362
7484
4418
7827
491
1334
7802
1675
4367
3703
2954
7749
6977
9849
3267
6983
7056
8766
7846
419
6301
8113
2276
1502
4742
3469
8673
5756
2740
2540
7684
5255
541
3143
5982
8335
1351
5597
1940
3339
7146
5199
2810
973
2225
6472
6430
6228
9181
6409
3055
6459
4437
1538
8376
8991
6173
589
8028
4925
658
8885
8879
602
7968
2724
3999
9692
3392
8873
4222
389
1442
6008
9901
4449
9171
4908
9254
7541
3018
3256
22
8327
6740
8731
8117
2540
1498
3089
8452
7980
8349
5574
1905
9874
4702
1221
842
3343
7915
9279
8108
2383
5481
7720
9206
467
8891
5803
2191
7213
5005
2157
4417
8395
8879
3759
3856
3674
7441
1469
7531
6859
3720
1411
9070
6067
7258
9727
6145
4701
3259
5042
2801
9194
8997
3905
6329
2713
7885
1464
4285
5473
1576
8413
306
3930
2234
386
9981
6540
1638
8276
9031
7472
3255
1441
5385
5523
697
3574
250
8184
7829
9878
5538
6172
7128
9895
6954
7141
735
6311
3635
5492
8432
8284
3695
1834
6920
4888
6031
8039
2653
1387
3978
1709
7903
7027
8567
2403
3712
2078
9704
4534
4988
2224
5523
3625
8423
5152
3070
8829
7442
1356
9621
5147
5082
2717
923
206
5837
9862
1435
6847
5129
7142
2010
1752
2675
4525
9820
3065
7889
4410
3135
8441
5301
6499
8631
6372
1718
1550
4007
3779
6220
4156
473
5930
6104
6230
5642
5866
6974
1919
4757
711
8256
7609
2090
244
6376
7635
6283
7801
2033
592
6483
1287
2530
9043
3891
3298
633
742
4123
7389
1904
5498
8817
1908
3103
3705
3233
6690
3902
5095
913
1827
996
3239
9023
1812
1393
8218
7913
5175
6196
4146
2249
6898
8746
1620
6011
9542
596
9196
2716
8126
5347
8859
4338
5022
1619
6123
2978
6378
2897
1667
4658
5896
8058
3301
6635
3166
8082
7269
5082
4549
4286
3525
9859
8768
1422
2299
7922
4101
1722
420
464
1385
8312
4705
9135
3003
5080
4079
387
9446
4476
3142
2044
5610
3446
4279
6755
5477
8400
3416
8849
2282
2867
6012
55
291
9652
251
7613
3843
577
529
6331
324
2996
4050
1005
6463
6417
235
9030
9595
5202
7844
5445
5116
8397
769
268
8988
4126
3336
2771
1384
294
2285
3224
7409
6816
8872
4032
5635
5900
5336
9231
6994
4474
1313
240
4015
3076
2385
6305
7355
3096
1505
1134
675
3377
9751
4905
1673
5153
5223
9267
7683
1101
746
3514
9676
8837
4583
2686
1113
1454
9021
2753
3975
3054
7379
6363
7503
1571
3574
7639
1115
3185
2434
7614
2418
8806
2764
7822
1055
7900
4188
7526
2160
3546
1576
1361
1034
3367
9483
7612
634
7436
7156
2054
5494
3205
6427
7315
5266
2612
1886
3805
9311
2193
7930
8375
2174
914
7813
4911
1026
7443
4216
2320
3427
4995
9610
3681
6302
3611
6856
9518
2569
6171
240
5569
4453
7106
6733
1404
2685
5897
2813
325
2219
7021
4461
5406
6042
5368
5654
432
9942
587
5841
3413
2735
2474
1526
719
4540
6852
9714
8279
8011
7309
4423
4309
5287
2761
3357
6169
5475
9000
5766
1749
9635
4121
3551
6199
4107
1452
9331
6902
8302
9127
3082
3176
888
2692
5502
8669
6503
8438
1246
7148
4596
9207
27
568
3680
5919
9263
3663
4729
515
2350
8959
3436
6311
8725
7029
7348
2257
5391
6244
1360
8524
3255
3982
7811
9125
6951
8017
4245
9526
1007
4145
9383
6973
9841
9742
7524
2904
8456
1826
5523
4591
537
4057
9800
5085
3570
5965
8298
8125
2000
8493
2127
413
7948
5434
4836
3153
4965
3182
6697
8519
1257
2329
5321
4931
9932
5897
2967
9959
3900
9445
1043
5136
8715
6518
1724
9407
6395
1331
2416
8802
3320
5415
383
1471
2398
4209
9646
1324
4828
3288
4695
3566
3504
1721
3117
3997
9282
2479
4413
5392
4621
4509
5696
5994
6711
2330
9309
6352
4114
8138
4155
2501
2555
8965
1956
1525
9552
1975
2182
2074
9359
5187
3747
6862
4377
2116
8584
5102
1813
8514
5018
1751
9489
3437
2780
3504
211
6170
461
6484
4621
8903
6447
4618
3967
9948
9410
3555
5239
4031
7663
3167
4563
6660
7185
7308
6167
1072
2685
6844
74
7128
6674
9985
2059
7355
3035
440
385
6680
9250
8240
5551
3501
8527
3349
2727
7182
2317
6462
8149
7790
8814
5887
7756
3629
5301
507
1294
1839
3281
1753
9557
8868
2249
7282
1023
7353
8578
5157
438
2906
1150
2583
8013
6930
4479
8490
918
9569
5977
7961
2688
8456
9798
5357
6350
2276
1091
2399
499
9301
6999
5035
4537
8026
8259
1357
8210
9627
5941
7530
5733
6531
407
1262
5770
7047
1876
1853
4209
4887
8907
8488
8395
3601
1932
2207
876
5036
4815
7661
489
6679
7268
9220
9148
5662
7908
8422
9478
6774
2743
9981
708
9863
1583
4263
5610
8467
6674
5330
8187
7030
4309
6048
4123
5756
8531
7527
3260
4201
8813
1736
2484
2121
6123
4809
4560
1157
7393
1377
3042
7198
6044
2832
8421
3274
9580
8297
721
7240
9020
1389
8202
913
1948
5716
1491
1325
9648
6602
1216
7647
7361
4805
7513
5119
9473
8846
6810
5874
1628
5203
4455
4327
810
7208
8909
1904
2080
3526
4996
4523
4502
5937
7920
5820
1428
1977
391
8330
4998
4045
7773
5811
9743
3974
8138
5516
1545
1112
6142
2520
4058
3392
7147
6644
50
9689
6272
9245
2225
9442
470
911
7126
1732
5858
3596
4929
4770
5531
4117
6906
8514
1510
9847
9995
5650
4109
6933
1976
136
8063
4045
2367
1835
7729
234
9546
8152
6577
2694
9122
881
8395
5290
6909
7672
2644
5395
1352
2836
9620
5554
7664
9918
1105
8337
6217
4235
3622
9133
8306
8725
7554
7284
1920
5384
1565
8492
7078
4646
3558
2206
3302
6824
5207
4349
4626
658
3290
7751
8027
898
4885
4599
1499
7957
2224
7876
3981
3717
2023
3865
3946
930
6875
610
7679
7276
291
8128
3401
666
2289
8345
4355
1099
5903
6623
2918
4151
6679
4491
3023
3200
9346
9174
2847
314
9800
8564
7420
3012
2614
1533
8852
8787
2062
4569
7633
6890
8648
4903
5976
9191
4439
8843
9980
5868
1238
3538
1040
2809
5600
7971
1369
8051
3311
3891
5457
3267
5357
1621
1576
2173
7590
5804
5541
4843
5599
174
8347
6598
6911
8376
2678
4657
8667
904
869
6210
5168
4043
7729
6797
5625
3459
7275
9790
5089
6084
1573
6403
3234
3659
9862
5188
1900
3643
641
5392
1553
3830
8239
1413
6413
1093
4488
4299
1779
8372
2417
8286
2466
845
7712
5687
8310
2831
3931
8934
8811
2619
3710
8813
5645
7674
8187
4588
75
6926
1787
6916
1353
1668
419
3386
8644
6659
6402
123
8545
1940
8614
4966
4687
6573
8095
5547
2299
8588
5643
9742
2417
4732
8272
3991
4736
9751
2297
3465
2327
8537
9112
3932
8379
4172
7705
2330
3930
4021
3799
7651
8762
570
4647
4222
5499
5199
2162
4940
4155
4604
7681
4202
3976
3644
1889
787
6192
2485
4629
7535
9028
3695
7483
7469
8731
5746
7207
5752
6387
8992
5019
3545
1090
556
9800
9432
3418
2438
238
3984
5339
2613
2799
5199
4643
7839
3106
7542
2672
7768
5188
4611
806
5764
6168
1289
2572
8091
4383
9833
1153
5512
9523
2703
476
3901
5421
4363
5665
6007
7943
7722
8911
2586
8299
4336
2662
8425
7754
8628
5958
3588
7464
9529
6210
5534
8309
9573
4356
3113
311
432
7098
5904
9554
6938
5198
7041
6954
9912
9555
2966
6112
3629
8731
2623
5303
3410
6709
6973
7898
3346
5284
1949
7447
8372
9451
7551
8627
4229
1861
2482
7489
4193
9777
7358
9966
1374
9114
6317
6323
6613
1236
2454
3517
6014
146
5448
8441
3368
4869
5216
8937
2642
1807
9047
6723
7208
2070
1003
2025
1901
468
7400
9795
7921
5530
99
8968
527
149
9059
9324
3366
6553
9164
6787
6434
1417
7929
5044
4086
3769
8038
7576
3592
7243
6567
5970
9178
7509
3064
3929
480
8948
3393
3680
1699
298
7206
6102
353
1026
6969
3497
7326
5733
7484
2998
3707
7572
7335
9339
6225
3477
6434
2542
2650
5116
9696
774
685
9486
1240
1527
3556
5899
721
2571
5691
8628
6105
2892
9975
5415
642
4526
2865
5484
8393
3241
3598
3111
6965
8868
3084
8782
3081
1581
2187
3477
1797
9605
9589
1509
7375
5000
5307
1467
1562
5354
4334
8348
3600
2605
3847
2806
4370
5823
2500
9506
9736
5089
4447
790
9334
9538
1580
2711
2206
6601
8382
1051
8508
9522
1559
7484
3363
5983
5099
537
4721
8864
1504
1783
7057
7166
5476
3140
4925
2176
5130
1948
5469
2513
706
1140
1568
8313
8884
6436
4902
2535
1593
9442
3081
6864
3830
7129
7558
4145
4406
9321
3451
1761
2131
3575
3694
3298
9825
5701
3447
230
6247
5629
5707
7405
6891
1590
6455
77
8184
3993
6853
3259
5358
6062
4670
7445
4551
8687
8444
3826
610
7182
6203
9713
8445
1410
6987
2046
9859
589
1188
195
7216
5785
215
9371
8493
4560
3005
6593
5389
4459
7039
3128
7763
9474
9760
5364
9405
7522
6171
7845
2305
925
7796
68
4546
7804
1054
9413
1887
1631
3769
2636
8408
9652
6341
7245
8030
4342
3623
587
8726
7997
5207
3810
7098
867
8420
7681
173
5671
8629
2190
7832
6075
1756
1613
5477
3975
2265
8620
9511
3632
3065
1077
468
7923
7688
6999
4273
939
6186
2862
8344
2067
194
6606
4216
8886
7213
7711
2457
8897
5534
8002
731
3321
3879
6402
2874
2089
7904
5110
4624
8484
5719
7795
2135
9209
885
8670
2969
3765
5433
5358
7046
6914
5379
6544
7425
7884
6943
1476
2648
8484
8683
3493
8414
3038
8855
8550
7942
3093
1113
6136
3358
6431
9289
6376
4438
8267
1200
1429
9931
7702
8456
79
7253
3100
3103
2779
1497
3196
4478
9123
1211
7829
6688
7626
596
7532
6242
6045
1692
5760
3814
5669
1781
6196
7715
3818
500
5467
3548
6865
3724
8083
315
9365
5576
1976
9738
2660
9908
3336
1038
5856
7113
1879
7649
7510
7171
1369
8666
3051
881
3084
2283
242
6553
8505
3607
3035
9013
2607
2478
9461
4366
8975
8342
4740
7267
6295
791
4798
1318
9350
100
1487
2211
2318
1841
2012
6782
8615
1141
9940
2968
3535
701
1187
8973
2928
7034
6672
7790
3738
5529
694
9878
3088
3869
752
859
4719
3019
3102
4690
3800
7298
5844
4895
4654
3157
7201
1320
3563
1670
5453
6773
7901
7344
8491
7639
9070
3825
1454
7458
449
4754
8568
8712
4168
9813
2925
8339
4707
5498
7927
6894
4066
7934
3747
6528
3756
7856
1784
999
7432
3089
3064
1213
8152
6056
4830
8137
9318
6031
999
645
5815
2557
9822
152
9004
9457
3280
5391
2807
2424
9134
7052
7306
2139
304
651
8715
7608
3430
8045
6787
4186
9482
7027
150
4824
5809
3113
4046
5304
945
6716
7392
7454
1229
9657
288
1909
5499
3524
7935
7576
1798
4322
7698
7517
5903
531
2383
5118
2254
4751
7937
422
5463
2124
5658
2469
1064
6665
3784
3968
5486
3883
8752
2392
7208
289
1783
3349
499
4149
7584
3086
7348
8770
4543
5800
5044
5821
9292
7017
1669
961
6563
9336
4291
8843
905
2434
9126
7358
1273
7243
9620
2276
4780
160
179
9203
3286
5765
5980
6311
541
1888
1003
2977
6293
4400
5811
6620
5671
955
2751
4967
8064
9075
6098
2260
3509
3621
1136
29
7653
9518
4694
4398
5383
7833
5347
98
4497
2553
9210
7309
8074
2576
6528
5795
7192
6314
4128
4884
7715
3609
430
7621
7579
6333
4569
4876
7844
3984
9257
792
7583
6235
6135
2058
7557
7368
6460
2628
3020
5126
9330
1564
9740
2418
935
4124
9035
5992
7711
6762
3844
326
2393
1487
8839
921
8410
5047
5930
8343
6774
852
1340
4424
4365
4222
4922
6049
593
459
5051
9086
1814
1303
2246
1020
6371
496
6355
5328
8453
6993
623
1895
1554
3337
6489
2460
7098
4631
6889
8015
5466
6213
1249
3432
4235
4989
1147
1448
135
7244
1009
7895
8939
3858
2940
7664
7496
6787
372
1013
3556
4110
7255
9312
8541
2631
3445
7480
2334
4850
3703
7484
7498
6190
495
6063
485
2604
8955
5168
7569
3947
4804
9620
8758
7954
3
6482
7931
7513
962
8491
4289
404
2800
2149
7760
9564
8206
9458
936
5004
3927
65
4585
5125
877
9921
4430
2126
2078
4750
1924
5836
3574
6713
8185
6602
2669
8008
2064
4533
4689
9863
4304
3767
8318
9385
6156
3694
9914
8319
6286
344
3245
3444
6140
2893
1166
98
2892
5480
2921
9077
5316
3667
9051
6987
2842
8175
8160
2324
1466
5117
724
2155
1926
5932
7270
193
167
8607
6875
162
6610
6330
158
1366
6582
1321
6981
5719
6722
3405
3039
4394
5747
7236
5065
6796
1003
3956
528
7530
8430
9523
9312
7661
4837
1766
4363
5424
8069
9748
3910
9295
9114
7703
4573
6158
7980
9406
5063
7699
9684
4785
7572
6785
9880
291
2882
2594
7954
2109
4319
6288
8703
9245
8121
8287
4147
2266
897
8107
5913
7474
335
6714
2712
1922
110
9278
8210
9025
808
6026
8694
4233
9788
669
5829
1587
8235
2927
5265
5423
8403
3079
5937
1117
2899
4679
1666
6715
9501
3702
3464
5019
8649
1832
4850
6607
7606
7163
4443
4852
3851
832
6300
6105
4988
9043
1342
1770
8888
6105
7902
9117
2719
502
1562
2088
5073
3944
6695
5837
8066
4900
5605
5348
1977
9835
6922
2291
2456
1464
2155
188
3270
2985
4522
4067
4519
7287
4712
6394
2941
5475
6123
9596
9784
4383
9195
8098
1080
4855
5079
2357
3892
5242
2677
8449
9507
7577
2838
4449
4792
6458
3111
7117
2587
1305
9988
749
2801
6700
6471
7609
1325
5090
8862
3391
5472
1575
7195
3487
5805
7062
6820
7014
1751
9980
6411
7381
5275
756
6185
1102
5386
7205
2515
1627
63
116
6782
3883
6351
6199
1246
2665
9278
1912
5674
1514
8205
3058
9388
51
2209
1563
5972
9285
1088
8461
7500
3958
3061
1266
6070
1325
8163
9340
546
1994
4885
9775
5180
6991
4740
4684
6626
4991
3762
8410
1794
4002
3763
3235
290
8514
747
4104
26
8149
9970
9298
9579
4935
2868
5014
1443
7571
2774
6100
6712
5086
2419
7661
5394
224
8276
9678
6774
6431
6221
7357
3660
9050
2148
895
7570
9520
6589
4435
2521
2026
7233
9759
6861
8779
5277
4501
8675
4307
9319
7793
475
2154
7243
1074
4372
1263
8435
5826
3998
1229
3173
3108
5771
9511
2790
1897
7231
7984
9468
7679
1383
7945
6786
2407
2518
3896
9268
3505
4105
6945
1370
5798
9148
7140
3234
3426
2198
8146
7718
1420
5888
2125
236
8867
723
3980
8140
8934
2398
5208
6748
2368
7895
4342
3880
6095
6249
944
9677
3136
1483
4258
9252
1848
2081
3518
5212
8689
4380
1213
8736
1135
3229
4419
2247
7726
7752
4429
1147
3018
7523
6106
1809
3307
6812
4979
1527
7723
5434
3096
5420
8916
844
7433
7976
8875
3998
1902
2220
7251
5371
2499
5301
4096
6204
515
330
4153
7277
2895
8293
8393
1601
7851
9439
3922
7932
7318
9955
238
6158
9445
7348
6531
4048
2747
7322
98
2726
7942
7656
9213
5397
8728
1929
2739
2174
1360
9769
3849
2200
2005
5696
4710
7884
7280
3577
4267
6218
7539
4321
7757
9833
1753
9578
6848
7291
7098
5631
498
686
4635
2098
4498
287
7281
2641
4171
8234
3904
2952
401
3180
1860
8879
9798
7881
3355
4084
393
4202
7309
9108
9627
7806
3545
5986
4064
2033
4461
4794
9231
7114
3169
1103
406
13
225
8992
6925
8050
9093
5690
308
9037
2511
1959
2396
92
6513
1268
7487
239
4376
784
8910
6033
6057
3696
5013
8310
4374
3551
1724
2157
5340
7459
9629
4004
6860
9291
2092
4282
7653
8868
4808
2895
4683
635
1149
1272
9542
6604
8036
8095
6793
6201
3448
9752
2060
6327
661
8350
9465
1042
2718
2779
7344
5825
2059
6806
8791
692
4318
9079
4642
9690
4656
7910
7851
2575
3309
3250
9806
5938
2921
7917
3667
8436
3117
8900
200
2476
6050
9869
426
7848
9929
5817
545
9007
3412
4297
1750
593
3525
4604
849
2719
5233
5222
1155
3623
9823
7805
9356
5096
4723
9357
7786
6484
7906
7323
6256
2067
8786
1431
142
6212
2176
4730
9027
2959
2237
2943
9947
8197
7445
4350
9318
6185
3789
547
7080
4920
7433
5214
8278
5283
7607
4323
8291
4158
4875
1777
6679
4288
1384
3840
5145
587
152
1747
2361
9781
5496
5022
7997
917
419
6369
597
4298
1610
9345
6205
4901
1612
2744
3087
6423
7640
2819
8994
6612
6892
3769
8243
6231
7688
8188
8110
1951
6932
8168
7049
519
8075
7832
7373
8116
979
2696
2994
1191
890
8741
3782
5986
5711
8576
5786
7447
7817
8289
6617
1484
1064
3096
902
2987
2214
6287
4033
8678
4778
60
4805
3928
4377
7923
7489
630
425
4343
2625
1812
5715
2737
5496
6963
8100
5673
4204
2777
9056
8881
6575
7529
5428
5970
9349
3041
5319
7757
3799
4947
8156
4004
6946
9643
9382
7553
8732
8575
9240
9779
5637
2676
9640
5818
6118
9117
6463
5672
7578
335
6705
919
9605
2592
3443
2137
3316
9709
8717
2203
8723
170
7518
3635
4677
149
5446
8872
5523
9396
1669
4384
5636
7692
9005
6324
4517
3587
6582
6368
8006
4685
1262
9239
2177
4483
6746
2948
2103
3283
5758
5339
8841
5024
2949
8941
880
7017
6670
2090
4985
3384
5555
689
705
193
3927
7267
3320
8826
7179
38
4325
9129
5565
4197
6118
5656
6653
4757
4082
2870
2989
210
3934
2264
7621
952
9704
7837
4544
6909
9283
8495
1159
6891
9151
7332
4072
3276
5060
1044
6563
3598
5627
3862
2400
9190
4585
2675
9328
8816
1369
7996
6606
5060
1125
1318
6658
8229
9409
115
5634
1588
1684
8045
1589
1553
2147
7996
230
9569
9324
9351
1809
6891
716
7431
9661
8620
9149
3126
2534
26
3248
5431
1829
4534
4275
3071
3919
9706
7599
9520
2423
5138
5472
3239
1393
3880
2386
6715
2548
3287
8964
7526
7850
5521
4508
2625
4039
7068
6871
6391
6740
3111
5451
3899
4583
1994
1707
5846
8785
9323
5125
2392
8899
3645
1052
3984
1230
8419
2334
4615
4566
7107
4737
5894
3569
8165
2254
1064
1314
9978
9306
5497
9005
6842
1021
366
6918
8822
3969
7807
9915
5116
6025
703
3770
9704
5083
2652
3408
1559
2156
3794
9328
2247
9942
7130
7932
2075
7880
4927
6130
1899
2570
5537
9206
5559
9868
9730
2040
8604
5338
2446
4418
1999
8014
4936
3137
6807
5922
8144
5389
2583
880
7792
4934
1065
4184
3110
2173
3062
5677
8331
6604
6113
8268
7762
8099
6980
4234
1516
7664
6289
8185
4136
8714
9003
9831
9545
4314
622
148
4527
5095
9224
8989
1719
412
7403
6442
7454
3784
2731
5168
305
8290
6545
4659
6592
7031
7298
1228
1728
3442
4122
8259
1232
86
9250
5498
5252
875
1441
1877
3629
4067
2238
3449
6825
9143
4515
6320
2758
4803
6669
6630
242
4874
7280
8692
4063
7479
9879
4791
8178
8610
4426
8235
8426
7228
8040
9193
4877
2615
1763
3978
9630
3364
3660
9559
9211
9898
1683
3535
8115
1888
2464
1540
4021
3751
3536
8146
6371
6823
5703
1069
8150
6404
8228
4198
5707
4301
4626
5977
6138
2146
6938
3014
183
8383
3142
7002
2033
1785
7601
4890
6728
6115
3274
5564
4349
9965
2023
4897
9617
7594
6581
7955
1423
1405
1550
8375
9269
3872
3844
8670
5949
880
3513
8798
4123
6168
1617
1912
4671
5048
4207
2070
3818
9153
7692
2835
957
6112
2743
1686
348
1205
9190
2365
1986
7296
4010
7634
2686
6183
4145
1516
5484
7173
772
1317
9358
6354
9393
5827
5272
3883
6339
1510
5564
2798
3165
877
6794
9653
5718
5541
841
5964
7277
3566
3219
3088
8750
940
4618
5414
205
823
3080
8454
5391
4159
3701
3666
633
9729
8498
2406
3728
6030
1042
2062
415
5998
3112
7006
9030
9296
9994
6866
223
8844
8245
1395
3597
4328
7595
9587
9917
6979
8728
8085
9278
7889
467
9452
4157
4964
1231
2638
3273
9363
7904
6340
5878
8394
4330
7889
4621
5181
4501
620
5184
5210
4574
3532
8266
5914
6183
1088
3253
3444
175
2696
1478
47
1484
3011
3331
4785
5252
8342
5556
9864
1994
5765
4215
420
726
1841
4461
1088
8334
6094
5587
7915
1200
8432
1867
2759
1618
7202
2936
8061
3184
7890
3129
1451
4868
1020
1324
2652
5172
1009
8916
2402
8949
2116
8005
7282
2782
530
3532
5132
615
8107
508
2309
8240
9201
4547
7891
7582
7612
6859
6756
7200
1591
2156
5355
3984
7691
5470
3977
8740
2389
7645
2260
1364
9511
1989
8310
663
7528
5069
2213
4646
296
2160
2618
9842
917
3094
2832
4353
2851
1361
5899
9619
8603
6291
9507
2803
7491
9821
987
7945
230
8818
3570
9964
1279
6379
4998
5348
343
4371
7792
9774
505
6146
9359
4217
526
6216
1108
5022
8779
2735
4360
8172
915
418
9046
6225
1433
9372
7256
4245
6918
8521
3409
1151
4051
2826
6100
6651
5460
1236
3664
9956
6065
3479
8265
4251
7042
9180
6435
905
4711
2296
1517
4753
4753
1438
6904
8558
7681
1680
9251
956
2154
4133
5828
1267
725
7702
3141
3838
4561
7427
7433
3274
2549
2531
4314
6986
5732
9896
0
9975
4060
6849
7663
868
3259
9081
5982
5071
2078
6492
8239
8948
1351
8714
1552
3708
9706
9796
5693
6786
2004
8996
1152
4502
521
8281
6215
1931
8953
7183
671
9067
4845
9197
370
7370
9684
2616
7883
3719
7589
1829
1922
5711
9824
2268
5848
8972
8565
856
2464
6091
7120
7291
4600
6859
3184
1502
1523
945
35
7653
6997
7225
960
3105
5002
2983
7024
4320
2611
635
2713
6319
3022
7874
7305
6047
1121
2169
9243
1365
402
3709
6009
8587
4086
4110
5551
8885
9508
9650
7463
3966
245
3765
4247
3713
5915
6286
8179
8835
6459
3213
6112
6093
8296
1553
1766
2919
8622
4390
8752
7408
9607
6203
8980
8634
4125
5378
4505
3923
3709
4064
3050
750
6660
7476
9094
4287
2489
1908
5377
9302
4630
1427
1963
9827
5445
9792
8283
5240
4755
2487
5064
3708
5315
4874
179
2171
8162
2187
1332
4267
7650
7008
2159
7305
7925
537
5139
1138
5976
5581
6351
7614
3001
7680
721
3750
2327
6082
7084
550
3925
1649
7430
6686
282
254
3948
4786
1352
109
8786
785
6726
7846
9818
9859
7196
9928
6127
1212
5771
3533
8960
5901
4487
4889
9652
4794
9491
3084
2990
2197
9623
8391
5662
3001
1407
4555
8641
5971
6979
6157
3335
3915
415
4693
639
9665
638
854
9601
561
8136
8856
4327
3097
6437
3105
9593
7362
2300
1074
5108
8601
3693
2573
198
8930
7832
117
2712
1810
6568
8078
8296
2651
7951
6451
978
645
5470
4006
971
2791
7297
9377
3018
4612
6278
716
5268
2834
8136
6184
5906
6503
7612
776
2880
8748
439
4991
4612
9811
1050
6692
5785
1781
2571
3522
7736
180
7169
3900
4642
255
636
878
6076
6020
7246
3246
7224
3503
6026
4721
2428
3793
7480
1530
5825
7724
5537
9118
8601
3370
221
2019
510
7166
3687
1191
5619
8498
9402
4700
7898
2415
4491
6273
6402
7275
3314
9564
9097
189
5813
8099
2422
6460
8067
2602
1948
8709
891
1158
4380
4732
4886
8672
1434
2905
6807
1685
6585
4851
7838
7243
5350
6939
5939
958
8510
2703
5957
6505
2029
9823
2463
320
9780
2156
2595
3081
5334
1324
8759
507
4383
6635
3769
7870
4338
7499
1263
8770
1389
9596
2095
4236
8859
9846
2360
6139
8758
7875
9308
905
8870
234
5434
8781
2187
1654
6972
3757
7859
6757
5626
1856
3144
700
5000
3185
489
952
4867
1152
5075
9407
4148
4083
4492
5701
6158
3594
8540
9546
5258
5584
1081
9489
5900
9389
9021
4220
3281
9592
2006
5027
2712
9402
8906
3555
1306
8446
2564
867
3671
5716
6463
161
5118
2885
8478
363
8089
7616
8646
2490
6003
851
8121
8793
1735
6886
7824
4403
9750
4129
6292
2458
468
893
7177
6052
5296
9368
327
8544
6766
9442
2390
6727
163
4933
8437
7437
3981
6497
1303
8438
6668
9013
1291
8181
9408
7594
3719
160
6192
4233
529
2559
1028
4029
2073
5764
3056
867
8965
6900
9838
3038
8778
9347
5399
2455
3605
2942
61
9425
3380
6514
8888
4538
9251
7530
123
2910
7398
1317
5922
294
2752
1574
9227
3645
4190
9733
2302
8227
4483
7443
1050
555
8225
6122
3981
1967
337
8835
735
7523
9039
8482
5420
743
1509
363
2732
630
658
9512
8689
5003
5174
9330
6172
5843
1549
508
9772
5709
8101
5296
5685
9774
9822
3025
329
8930
2014
9471
4149
2877
3549
1833
9355
9423
3716
2973
9143
6069
8605
7515
9136
3116
1670
168
6797
1825
7320
2558
6849
6308
6895
1648
3124
2219
9269
9882
6464
2659
2463
7863
2789
1825
2899
5933
4361
8902
2692
9988
1088
5616
4957
1796
4387
1438
9830
8347
1712
7052
4021
5485
750
5308
2372
6006
7979
6646
3802
3083
4597
7782
6489
4751
1041
8003
1044
3169
9531
2192
8667
7138
3850
4668
4820
7301
9999
852
5480
8816
4122
1864
4615
4926
313
7690
8120
3990
5455
4050
241
5191
2652
5007
3920
9354
8734
4249
5540
2345
7012
5458
2779
5758
7707
1514
3400
1700
7735
338
1648
6234
9967
9992
7378
6598
7350
273
6337
4118
7218
613
6911
8449
762
3843
759
9292
6112
9653
5399
6137
4377
6591
9913
2842
2805
1153
5708
9267
2528
6684
3779
302
1364
1505
1194
2615
824
421
3297
8231
9608
2161
439
3439
5970
7461
3859
6778
9371
6428
2865
1733
6941
9499
2328
955
6222
1396
1380
5992
5037
5239
2901
4623
5163
5399
7444
4615
6483
426
188
2816
599
8458
6556
8915
3449
6682
6344
8440
7635
3682
7287
6353
7524
3099
3085
3572
568
5254
4149
8790
4210
950
7882
5650
8328
1902
8674
6312
3083
1157
4648
2067
34
6310
5652
1267
4162
6100
5609
2361
5900
2891
2092
7841
2643
5074
3916
4169
6792
9276
1697
8768
5444
2205
6453
8810
2081
5498
9274
4752
3126
6793
4951
2788
9437
7768
4210
5282
8914
409
3019
9698
362
3931
7507
8377
6957
4932
8424
7791
9218
6266
1374
1308
6982
4145
9915
4588
281
5902
8335
5586
7349
8010
8557
4696
635
931
4651
756
1676
3548
3474
8918
7953
2677
2610
3133
1447
3589
3254
8250
5850
2323
2383
6541
4621
5589
1199
1915
5507
5039
6533
5153
1166
1661
1424
4306
3010
4092
9169
8652
4708
8178
1138
8265
6372
2942
1484
2994
788
2250
122
6045
9028
5309
312
2999
60
2733
135
7868
5733
6561
480
243
4724
7957
850
3415
2260
1398
1162
8640
5663
4334
9630
7201
2793
9034
2230
8698
6217
7942
5815
7325
6756
7754
2733
1661
2151
5645
1253
7251
6113
8792
148
7355
7740
5094
7207
6571
6038
3751
7816
5107
8368
1108
9322
4303
1426
1708
6434
5274
1240
6333
226
9917
1806
8495
1602
469
2739
5866
4205
4147
5837
8199
2134
2476
3369
5972
7445
1249
2860
401
9473
4681
1004
7512
8155
5914
7876
7450
7973
1542
4728
1331
7070
5810
421
9567
9436
5586
1620
7063
4964
7824
8203
5476
8568
7532
1311
6820
5582
9853
6123
4713
1912
2230
7958
15
2261
7587
2227
3974
8500
9091
7658
1965
5217
1775
687
1008
5117
424
812
1128
5038
1423
1296
4849
112
3694
8323
1561
4166
772
3157
6163
2706
942
2722
5611
1052
881
3635
3525
8738
8083
901
4158
941
6313
4142
2676
8891
6827
6065
7457
3230
1476
1888
7891
3649
4198
537
3623
6242
5722
6686
4739
7793
197
7173
8867
8467
6598
5416
8746
7283
1595
3130
8027
5382
148
712
6688
7801
367
2135
3079
5546
6562
9935
4077
5007
1192
7779
7010
7462
8978
8620
8748
3882
6447
6482
8136
8687
7830
7046
1883
2507
5024
8703
9126
5505
3170
4991
6056
9627
632
5425
1373
3043
9502
1713
1381
7326
4920
2407
3999
8710
7361
2594
2324
2018
2832
9470
2928
708
7702
3953
74
3855
7668
8503
7109
5922
7642
4088
2048
7014
9146
4867
1768
2304
6795
842
6317
4323
3161
4729
7505
2389
9402
4259
1869
620
988
4588
7870
213
1497
6109
6812
8001
3852
6151
907
7741
4062
3175
7755
3868
6873
1106
6954
323
5374
5245
4026
9328
9489
5644
3725
3944
8914
8565
6667
2396
4167
1344
4038
9239
3364
5229
5845
9815
8109
4482
6989
2741
8962
2592
1326
2898
3945
273
8505
6481
1066
5648
1455
3691
4483
2228
5797
9618
8684
4778
1140
7078
4437
8303
669
8670
7531
775
2057
7364
5305
3741
9422
5647
8891
2663
3517
2589
2494
6068
7176
9885
3428
821
2338
3783
1171
1478
1391
9577
6685
6616
3146
6270
378
5580
5045
1357
8561
1037
3979
8076
374
987
306
782
8077
64
8684
7200
5485
3728
9852
8380
1471
6258
1749
4536
8966
8757
5902
7134
5112
9297
3938
9529
490
2972
885
4169
7067
9253
3280
5171
4743
2976
6733
9400
8763
8254
6318
1615
4872
409
232
9154
7520
5129
5981
6994
8046
8998
3095
7944
3010
762
4160
7961
874
2706
7854
5509
812
5745
3996
1853
3183
6609
4212
7054
1578
2167
6025
7454
2244
5697
2512
1138
1962
1599
1182
8057
4256
8956
540
1769
655
5223
7720
6484
5916
9458
278
694
5864
5222
9683
3758
9380
273
4042
8823
9389
6141
3167
3090
7845
6782
4344
9009
2482
1016
3532
2226
9728
9515
6147
8550
1169
5468
1022
8877
1237
6065
4272
912
6661
792
2201
9163
5432
9796
2691
3621
377
7878
8773
333
6544
3620
7253
3443
6076
2584
2906
1072
5906
6216
6656
8130
6735
1149
2645
4328
5305
1906
2432
5703
5300
555
4641
3111
2785
3663
3107
8253
7297
100
110
5157
6903
9702
6330
3915
955
7843
3486
7414
9594
8198
997
9683
2843
1230
9330
3129
2365
5098
3994
4302
4348
9155
9664
2694
8034
4598
7215
9618
4074
2012
9168
7661
5183
2008
9275
7758
2051
2573
4074
8170
3164
1594
2792
202
1737
658
4297
5621
4851
9244
2675
2394
8734
1652
9146
8140
4751
2172
5882
4889
2359
7522
1805
2553
5277
6431
6476
0
2073
986
2786
7312
6973
6743
5004
8238
6606
255
1741
9470
768
3996
3630
5022
3057
3553
179
7885
9243
4613
9944
3366
2589
3130
4810
7933
1811
5214
5842
1220
5089
5917
7804
8442
2159
4577
8326
1153
4958
2583
2852
1018
681
3823
4320
4783
4327
5744
4270
3917
3148
3397
590
5484
6767
5544
1867
9053
9063
5274
6096
4303
2014
6844
6954
4781
8487
1293
2537
5864
44
1168
3408
492
9536
1400
7451
1841
4708
7332
1824
6513
3733
8801
2559
9857
1410
2352
8243
7805
7627
3942
1994
2981
6053
249
5249
1342
6218
9358
8073
9462
525
1100
4790
344
5403
2044
8517
7208
6877
1760
8189
4779
3738
2013
8591
3814
7497
7142
3448
4354
5141
1126
6117
1033
2617
522
1253
1120
1130
6937
2330
9664
1828
160
7385
5570
1276
4526
946
4327
5845
3417
5801
9297
7039
8076
338
4690
6937
6734
8268
8143
9223
1599
948
9632
1087
497
5866
2407
7229
945
640
7850
342
5104
2943
3630
8265
7523
5028
3922
1521
3043
9656
3270
7496
4578
1341
4599
3462
9083
7764
8344
5415
3700
107
8045
7402
9827
5475
6471
4485
2042
9408
167
1062
3872
3786
2705
3733
5150
3393
3375
4085
7155
1709
3070
2809
2932
7411
5145
8963
6259
8643
7329
1927
9930
3518
726
4847
2052
4822
1892
5080
4201
6621
284
4425
4724
9215
3070
6227
6243
3084
5024
8340
43
4957
4590
4134
4453
3672
2798
4388
4312
3663
1694
2909
2196
1858
460
2961
7608
7749
1970
216
1745
6156
3853
9426
480
6066
6936
9017
151
9593
5226
6290
2495
7260
7096
1779
2809
5361
6888
6894
7279
6634
5491
5004
3542
3866
3318
3701
3907
7796
7846
9899
9079
6063
6381
7558
8744
7271
9525
8650
2493
2093
3280
3284
261
8622
6546
3828
7493
4337
5707
6149
9965
8105
69
535
8053
2122
2486
7614
6633
4793
4690
5171
6942
7820
9297
5048
9936
7409
5896
1993
2969
6971
4759
6846
2064
4438
175
845
1900
9356
4157
5948
5796
6240
4231
8580
2772
1687
1073
8081
6350
6694
5500
3318
6890
6727
3885
381
363
8021
5366
1132
4896
7031
6467
8259
2772
1386
4882
5394
1491
2054
5024
6872
7929
8370
188
5366
504
1668
4747
6513
8213
1201
7015
2694
7712
3522
8820
5529
5935
1671
2625
6742
1382
2774
2279
8600
708
1980
9730
1159
9389
5876
9112
9660
2720
3157
6186
4321
1924
9781
1575
7507
9572
3436
1351
8889
1011
6899
299
7055
3614
491
9151
4731
525
9210
1432
7520
7286
833
464
8896
8286
585
9819
7741
3740
8011
4917
2872
6684
4302
1578
8475
1741
8811
1649
4850
488
6413
2806
931
685
8757
3074
7710
4428
6649
394
8368
8204
8764
4385
8082
731
7017
9387
5198
867
6185
2127
7825
9365
8068
7255
4764
9541
1140
4375
6117
1330
2773
4488
1818
944
1832
8528
7973
6404
7959
7312
2283
3195
4835
7370
8351
9495
6600
428
5524
3560
5475
5741
6671
7123
6346
8291
8314
545
9577
2815
3669
4246
9213
7638
2280
2347
3737
6156
4355
8363
6022
6271
9702
5576
9064
5693
7452
7015
7339
8307
4994
9214
5772
5988
6534
296
6628
3586
9099
7491
687
44
1752
4071
1323
6483
240
9698
956
2155
4252
5444
7804
6011
5300
2229
6720
4608
7102
2334
5637
5956
8717
9355
9049
2391
3642
3082
1479
295
2800
5008
9466
1202
6145
8553
658
1029
1782
681
5941
8479
9524
8116
5900
5751
1162
9623
4110
4422
3719
6177
4459
9683
2936
6305
4542
7306
4895
9613
9654
9128
1279
4908
8190
5253
1060
9825
4919
7262
1248
2340
5783
9821
9311
8830
5627
3592
6348
2146
7832
9683
1404
6227
31
3635
7432
5941
1903
6193
8201
6708
4741
6774
3868
2139
8686
7929
4597
7938
7453
7186
2207
903
8007
810
6865
6951
9723
6610
2669
7417
8224
4108
6274
5128
5959
4441
6881
6331
8608
4560
5852
9203
4904
952
9562
4848
5263
8626
9176
6144
5080
7670
6553
6645
2345
8089
6814
4722
6834
2584
4161
2978
3579
5779
6683
3157
8454
8153
7718
7047
7092
2459
3836
4655
5556
4336
990
5921
5525
4021
4305
2704
6188
6670
1762
212
5041
6398
1034
6915
9236
1663
5597
9008
2205
4574
3869
2797
4513
3590
1259
3421
1680
7543
6077
747
9484
7459
2923
7809
3732
5509
548
6454
3502
1790
8157
5862
211
3997
7657
7871
819
9658
5509
662
5114
1616
7530
9748
2027
8245
2325
7825
7944
1079
8259
59
9908
628
5270
2355
1103
7142
8533
532
6177
4329
2463
8881
9954
1146
9632
1273
7973
8446
5548
6442
4933
3661
72
3135
2968
3033
1416
6839
8208
8879
5635
4964
9232
8328
1554
9452
7724
2796
232
8112
5753
4036
8652
1671
9763
9818
65
3798
7069
2591
4358
4286
3555
5049
2137
5794
268
3383
503
5443
9484
4371
6767
8938
2485
5347
9988
4337
3277
1947
8801
1822
5898
3682
7782
6845
8090
5519
7937
1369
256
6849
8728
5591
5880
808
9507
4576
8588
3763
2503
9800
2959
6455
3148
7055
1862
1864
8272
6420
1143
1159
3396
4097
6009
7176
8788
3463
3099
7647
3428
231
5152
1527
4662
3305
1608
2047
5880
8157
3499
9361
3291
9772
3342
4095
5566
4793
3383
4732
9224
4874
2269
7701
5381
5005
2249
5738
2840
265
6281
1949
2670
754
147
3318
4787
7000
2999
2368
5134
2973
1725
9444
3879
9201
5981
7584
8234
6828
3581
5011
1779
9527
8757
2647
5736
7351
4334
4780
4070
7591
6777
3277
8468
6753
7245
9521
9460
6616
6088
3873
3112
7477
2502
1393
5137
6749
5599
4652
6018
2379
8427
752
7523
2031
8161
5043
3985
5474
7869
8849
9283
757
9167
1395
3144
4005
4976
8558
7724
8589
8000
6069
1722
2889
9179
2075
9834
4498
5770
553
8491
1498
3109
6984
5308
5990
4678
4732
4677
643
537
7406
499
5766
6303
8964
1952
6180
1698
8462
3728
1595
8531
1536
3383
1195
5455
8823
4665
2645
5280
1098
8026
7774
1344
2831
1283
7487
3880
838
2550
9069
1270
3942
8249
1072
2909
3394
2254
7138
3414
8024
8659
8326
9717
38
3189
7890
8342
457
8512
7370
1590
8851
7409
5754
7422
8408
4412
8912
4330
6086
793
5572
2328
2414
2169
3429
4348
4531
7735
4274
5633
9550
714
8641
489
4795
9655
191
4821
9924
4467
6549
6720
9576
8805
7491
8613
744
3770
5196
3570
4062
7987
9181
4228
666
9769
747
8737
4442
1216
8248
2581
6037
5049
2402
3908
8148
9665
824
5087
4029
3511
8778
6577
5358
4939
3676
1241
419
2962
9574
162
4212
4486
5067
1005
7389
3306
9028
704
7499
6955
1993
2088
6448
2018
3803
5018
4788
2695
4577
2456
2200
47
6460
1775
6215
6213
8617
7116
7228
215
2707
9167
8826
199
6659
9143
4444
4850
9013
253
8106
1566
9752
5245
9860
9740
9729
4799
6270
9357
5948
2436
457
8288
8689
1884
9337
8169
3327
948
1032
7230
504
7324
2230
6395
9624
2375
3531
389
7858
2332
6827
7243
681
793
6773
2233
6089
4743
1208
6518
9456
3864
4419
4142
6300
8477
8567
4874
7041
3508
810
8298
5175
6127
4795
660
4142
4608
2685
8470
2271
688
6051
7128
7201
6047
3878
1069
3701
6709
4038
3912
2910
6631
6698
4172
368
5253
2453
6427
500
4017
664
64
3237
5674
9150
7784
8106
8726
5495
602
2224
4190
2165
9336
8852
4435
5181
7069
2858
1518
6762
6502
652
9589
3204
7486
3826
9658
6199
386
2123
6397
4020
4131
3094
6290
5681
1897
4143
941
2717
7124
5177
1082
4564
3246
5236
2281
4555
4685
3100
118
9273
7397
8814
6807
2067
1049
8279
3342
6642
129
8778
286
9378
7736
4158
4571
8474
9133
274
4410
7555
1193
1694
4759
3062
2576
5543
1254
5735
5360
6126
785
7112
7463
3239
4944
8779
3201
2177
5190
8552
9038
4854
9432
6967
6322
2720
9080
4187
7894
6150
5824
1580
941
6290
9371
8350
8817
7153
1949
5491
6411
9334
6066
634
6305
4027
5460
5714
4505
549
2118
2895
2300
6866
8621
3287
2294
8546
1295
9482
5050
8464
9507
2428
690
6843
2344
49
6996
6229
8546
9651
8065
4375
9535
7971
5479
9087
3223
6090
3846
7847
7026
8298
8431
9891
6115
2918
2967
9159
4434
3274
3516
994
3416
376
3055
8283
3091
8753
2751
6455
4601
5149
7655
9988
6746
3863
6717
3366
8190
8679
1979
3291
61
13
3706
6012
13
5511
6586
3778
1190
3887
1039
179
8178
7508
2790
7688
528
3780
8885
700
8967
9363
7504
4323
3303
1466
6855
6276
6316
2367
333
4869
3260
76
6307
4593
5664
47
9299
7785
9343
1038
2265
1668
3573
5892
8011
8116
3938
4908
1482
6359
5679
6441
5504
6118
7132
7200
601
78
1525
8739
4431
3000
1331
4267
3501
3623
6062
5217
7493
6014
7088
825
7533
4299
3333
5515
2099
1140
1839
3471
9154
7149
3029
6325
1021
3619
3259
2350
824
8471
7981
9130
2694
2858
5814
3791
1116
8290
3293
7890
9204
8214
5438
8390
239
9516
2919
9470
4850
5420
2297
1088
897
5873
6478
9929
5497
2220
5642
1223
3974
612
9769
6038
4325
9998
9848
5514
6180
2516
9312
8646
3718
6165
333
8983
242
1850
5742
7953
9851
5728
3141
9636
8027
8231
8173
553
9208
1734
5019
655
4920
9800
8044
2524
3521
2071
1854
706
6313
1379
6012
4577
5644
2959
8177
2114
172
4041
3054
3159
35
7204
9030
4141
3780
3012
310
4283
9887
7925
2994
9722
6787
5016
3835
9760
1821
9946
5228
6794
4991
4595
5444
9974
3548
3000
3790
4234
608
6734
8763
1237
7821
4524
1122
688
4288
7915
4974
8369
4097
3533
261
5260
1273
9703
3848
2549
8670
5980
3302
7622
6394
1831
268
8745
3050
1460
7191
3428
9106
3756
6154
1359
5070
6300
2779
9954
4515
7169
647
4959
3059
6273
8342
5017
5615
7177
4505
6528
1880
9935
3152
4970
5182
2739
9896
4976
8121
807
225
9122
7974
5624
4814
5624
4105
8983
7750
8454
33
4777
7911
4698
2041
4695
3722
6486
1098
1395
865
2516
1710
3688
893
8443
9375
9756
4029
1309
6862
5029
8240
6506
3312
5924
540
7845
4898
6003
7223
2720
9294
7799
9106
6486
9862
9938
2661
3365
6316
8808
9317
4311
4980
1003
7714
395
9233
8197
9182
9253
2764
7153
8904
1374
9972
9575
4502
5865
9679
9106
8401
2004
798
7024
1642
8999
1838
5349
3931
4188
3755
4892
7736
107
7263
4204
1043
1936
1000
4786
7199
4603
3160
8241
5261
5220
8726
6531
3506
1945
6402
3994
8314
9574
4405
8615
821
2016
134
2134
3999
2094
1241
2452
9534
6292
8755
4158
4564
1133
7464
9704
7572
3716
3973
1431
5794
1567
8410
9388
451
5609
9647
45
2788
5931
7543
8561
9942
6678
1202
2727
8374
7711
3884
6484
2347
407
4579
2567
7145
2422
1750
7067
5522
4212
3672
1112
620
788
5812
8198
7774
5629
9563
6096
4308
8037
4616
9041
9794
8380
3333
1149
1748
3187
6423
2702
6148
8360
5123
5674
5893
5391
9556
5405
3756
9102
4341
9849
8335
9813
9592
6342
4613
2584
3513
9495
445
4122
3197
8539
155
8600
5892
2972
8765
3919
3229
7096
8700
683
9993
2298
4605
301
1111
5509
4583
6295
8175
7724
4399
9383
2762
1040
6143
9615
494
3782
8469
3421
4232
8340
551
172
3122
8489
69
9541
7908
4678
6791
7635
9158
1277
2693
5682
6979
4740
293
7875
4058
3094
4767
2543
5678
1142
9325
229
5422
9777
3358
8098
1870
1007
1257
4332
2468
5621
4383
8971
6895
8187
4809
6996
7728
2405
4913
9028
7229
6016
7420
6645
6731
8459
2820
7968
1241
3343
8004
3231
780
700
6333
3501
9060
2545
8966
9325
9229
6039
4928
4836
4417
4363
8151
2596
747
7735
2516
4966
2695
2188
9391
562
6853
6798
9778
2782
1421
6476
7385
7537
7196
4346
7862
1667
8172
2765
8241
8067
3842
882
6460
8180
6048
1931
4100
4453
5131
2599
7907
5708
1239
9805
8467
3486
5678
5861
8413
7373
5999
6947
7583
7758
8675
2001
3884
3158
235
4055
5742
8321
3862
2522
2055
3503
3615
1614
116
6140
9874
8057
5314
1690
2703
6390
539
1244
3191
7379
2009
9697
1811
5080
7643
6028
4053
7107
3685
8380
4598
1060
6593
9101
206
2290
9700
5962
2354
697
1484
8348
3399
1185
4021
8948
5092
9804
6635
9297
4518
9643
4857
2655
4206
3405
1328
9052
7573
4454
9347
56
5311
4040
5407
7000
2685
7888
8504
6071
3884
7727
15
4010
5516
1251
320
9518
1211
9362
807
1249
8975
2435
6114
7993
5234
473
546
9653
8519
748
2139
9774
4428
1509
4859
5929
872
4870
7543
4812
5203
948
1169
9882
181
4803
2966
3981
2182
9852
8371
9903
1845
6125
1672
1653
3237
6589
8917
9065
4433
8538
1425
2866
4719
5617
2569
5826
9410
9706
2437
4476
9722
2157
9526
5903
7335
7460
7356
3380
9419
7439
3364
928
2461
1246
207
3750
8345
3199
8253
9948
1620
1524
6984
8296
2830
8560
7294
4904
2560
3262
2806
9787
9861
6301
5379
6430
6597
6380
9558
6935
7117
9278
5277
9064
1354
2362
7242
4464
1011
7971
3423
2052
1015
1326
1029
7829
9275
1733
7196
2638
358
8567
6509
2061
4392
3673
5211
3019
3572
3198
8
9130
1567
5022
1491
5178
1953
5110
7038
2935
5640
9739
4718
5875
2267
2124
9037
1964
3340
8756
953
4393
3063
2649
7471
4710
983
548
9522
3545
5304
8461
7877
3537
5335
7570
1689
6683
1349
4707
1679
8288
8186
7406
8607
7102
6839
7570
401
7040
2116
1106
7289
8685
5464
1704
5824
6123
7142
1603
6429
2877
3748
2894
4290
7776
3783
1934
675
7982
1835
1416
6913
13
7919
3277
2213
3624
5677
1924
616
7223
790
2210
6526
3373
5820
6824
2452
9422
3529
7944
4495
5291
3933
2037
2563
2508
1061
4423
469
6984
6230
5576
4376
6020
5850
7534
7251
6982
4945
2645
9492
8596
3432
9688
2334
9902
4663
2924
446
5141
388
9754
2156
9510
3782
4070
6348
7911
1956
7104
7155
6109
9387
2295
2455
40
3678
9029
1344
9100
936
8027
1979
5436
3261
4041
5485
116
9998
1882
4611
6051
3516
5354
24
771
9443
885
3857
2439
6984
8942
3362
9489
3358
3016
4227
1165
5889
4501
3117
9789
6677
8168
7727
4001
7881
2089
7805
7474
8837
4405
583
8684
9699
9486
7080
1046
3226
8006
7413
7167
516
7748
6437
4535
4402
4977
4288
6391
1286
2242
352
3198
5837
50
3124
2153
3183
2138
8148
8141
9599
5168
1998
7012
1694
1658
7039
8994
7980
333
4365
9715
3086
4215
1313
772
6235
4708
2530
5418
512
5121
972
9618
212
4059
5856
6486
8437
4851
9493
9177
7201
5744
4572
928
5505
1809
5777
5372
6800
382
5213
3768
3081
9465
6360
8315
9710
4967
4924
4683
5717
8997
4246
3407
2621
2984
4629
9886
1118
1365
4420
1193
2654
4442
3636
9586
9776
6183
3650
8168
103
5180
8633
4512
7209
1985
2992
1857
1439
8412
2324
3644
6200
370
1312
9095
2572
5037
9544
9300
7390
6998
3478
6226
891
7584
9531
9680
320
7681
7799
4953
5208
2829
1700
2513
9410
2656
141
3482
7089
6472
4380
435
3501
1437
384
6318
9094
4750
3165
1101
7737
7738
5566
1016
7564
5943
7397
2093
6755
1826
7587
500
2469
419
2676
6894
296
2700
6945
8154
2680
5087
8649
3283
3287
7897
9513
3753
2687
3567
6696
443
8371
9603
8640
3742
9475
8835
2934
1725
4158
5582
4619
669
2146
5396
6155
4507
7871
7145
7618
1684
6905
5509
9534
7648
9516
8635
6736
1996
8090
9940
5100
8211
4016
2568
6768
2393
4119
3496
6210
8404
5190
714
6705
1559
9476
8146
781
988
7835
1066
3699
1373
504
7518
3233
1966
4447
2870
7784
859
7116
65
1919
5482
8356
6394
2099
3069
3658
7530
9676
3670
8045
4586
6539
3047
6942
6274
9328
3205
576
8659
1064
8312
9496
6750
5220
1810
932
9999
229
4665
4056
7305
1955
7459
3155
4815
1548
3565
8960
2988
8697
536
6649
9152
9596
2304
293
6456
3222
4666
2338
4265
2566
4938
878
9848
6572
8878
4207
5961
7083
5611
9395
5778
8380
5874
5041
7851
7199
414
1726
820
1821
4524
5852
6450
4169
632
7037
7032
6613
9488
373
7039
7312
7079
9341
7506
5405
2184
4068
8776
5887
7013
5152
8158
5824
2619
7186
8000
4385
387
4776
8708
1676
4040
5228
1460
629
7568
4217
70
9471
8378
9437
3929
42
2194
8474
5198
3626
5011
2087
6833
6308
9082
1236
5762
9633
9138
4314
9989
1589
6402
5969
354
6553
9311
9627
2281
8100
4799
557
2278
8472
1420
8750
892
8089
3744
4616
9106
8808
2995
2860
6471
2414
8239
2610
1091
3956
2460
3422
4379
7903
4109
6637
7888
9913
3365
223
389
6026
6263
463
8220
3142
1114
5709
4300
1136
6469
2620
4320
8540
1756
4759
5839
3329
6247
991
2643
7757
3467
4992
3928
8915
8424
2706
7747
5040
9823
7722
4685
7612
8189
2512
7659
1787
4792
6412
2219
8563
2388
6842
941
967
2003
6604
9931
1394
2887
5598
3959
2352
2629
1941
9088
1782
9928
3025
9680
450
831
9714
2788
8973
3444
8870
6281
3388
7418
3888
9664
4182
7458
4165
4221
9456
6762
5599
7442
5060
8451
5732
4115
9712
669
8929
4614
2379
129
528
5433
8562
9115
7482
5311
4881
402
8245
8648
6701
5525
1245
7356
1262
1907
4961
1780
3561
9047
2133
2182
1051
8830
1461
5963
4867
2231
2105
2494
4470
8487
2227
9763
7830
7461
5061
7249
3740
7880
7056
893
1666
6123
760
8933
6701
6634
3251
1222
7768
573
4080
5627
1260
2318
5188
7714
1899
6247
6639
1388
2716
5597
5805
8417
4608
8675
601
8830
99
1901
7804
3885
6142
7570
8835
8958
3738
1404
9519
9287
63
5504
1493
9445
9034
9812
4165
9566
4989
7538
3624
7109
3104
3544
8707
7497
2005
4728
1721
2539
8153
4051
1996
5178
2246
8237
5011
3020
4742
7341
1656
3291
8402
5252
4440
4553
5481
8631
8349
6370
1980
2282
5705
7597
8166
7947
2744
8846
9416
2856
1288
2299
6562
4239
277
5913
6254
2544
3197
6882
663
272
4098
453
6887
4653
8654
3803
5293
3369
5552
4401
4061
4853
4900
1767
1506
7051
3217
7764
6335
2616
8268
9779
6835
1540
4411
7566
7162
1151
1539
4885
4208
9322
5090
2219
7248
143
3257
4846
7051
2127
2881
529
3381
278
9039
7447
4281
8044
9778
4990
5900
9754
8856
7318
1263
8487
1872
8109
5982
5807
5467
1992
9669
6351
8492
4703
7218
8367
3598
278
7638
7084
69
8308
4886
6177
9564
5762
5582
8657
7342
4529
7316
8596
7280
2696
2666
3452
5003
8841
3005
1058
3831
8735
2027
2402
67
5895
6913
4080
5346
663
1138
3141
3551
8239
8932
9514
5121
5675
4773
8576
1449
7634
3419
1929
2296
1214
856
5526
6542
5352
1084
8862
5517
3455
2565
6888
5612
4389
7633
3894
855
5782
4548
6446
5140
5766
3525
3765
2992
4854
434
2602
1784
9923
7108
6701
5236
683
94
5738
541
9964
6879
9926
2799
5547
8359
2837
2618
5950
5030
1205
8691
519
1615
42
1575
4509
9083
775
1727
9880
3146
3638
3918
9129
7525
2756
7400
6436
7727
764
477
8315
5546
5374
3411
5192
7461
2172
1074
7830
99
2369
824
6269
6199
6574
429
4408
5675
4914
7025
8181
5696
7286
9089
568
1440
82
1576
2764
5711
4735
6514
6471
1376
554
9228
9497
532
6114
8743
1857
4541
414
284
8876
6592
942
7705
8747
8185
2876
697
4719
1721
8286
4082
7828
8858
860
8568
1799
5075
7192
7263
8662
2006
3631
1901
6882
3703
8314
3694
8931
3128
8241
3777
9257
3695
5549
976
682
6649
6584
8301
4188
5415
7508
9159
241
311
4612
428
6938
7854
4667
5976
5418
3168
911
1596
5304
8834
538
2250
4992
3015
2061
2877
8791
5815
8896
1509
408
1822
5514
8080
1472
6032
6298
7844
5443
122
5456
9640
6408
5620
9227
5955
4216
4050
9792
652
4942
5818
9059
7840
2988
192
8790
2066
106
9084
9723
3693
2779
9565
119
8453
3966
2503
453
2988
1677
5016
563
6896
9622
9945
4301
4849
7828
4400
7365
9537
8377
514
9148
676
1722
8277
3808
8998
2631
8963
2609
4396
8261
5866
6673
1538
5002
1089
1544
3764
8709
1397
6257
5640
1783
7698
2053
4536
5986
3869
2178
8670
4412
8382
5799
1161
5296
811
4431
7836
9073
1951
5351
5029
6236
9865
1342
6026
2649
2209
3400
815
9293
677
7086
6149
6816
5570
742
4476
3942
4046
8955
1593
1148
2802
2425
6707
3888
3189
2807
3175
5597
6628
4401
844
5154
1038
1888
4209
5150
7595
1225
5858
331
700
8879
2729
3956
4845
4581
3344
2451
3671
7284
7653
9051
2739
3093
2407
4319
4441
9116
7869
3054
3958
1010
4822
6924
5324
2509
5787
1742
2035
4238
1328
9985
6845
310
5993
9015
9047
3446
7801
6543
2892
3394
4150
5984
1444
2849
6873
7362
5001
7843
7777
8265
1386
31
5015
9102
9192
7944
2988
4572
30
4476
9070
8948
4765
5625
1769
9310
1829
5212
7643
1116
9760
6711
7184
7756
6393
9566
4636
4827
4330
9759
1367
4464
9027
7532
2962
4828
9686
9765
3415
1532
7038
7350
6239
2264
2800
7755
8734
556
5978
5244
9160
4384
3065
3161
8311
9701
134
4019
196
7055
2768
4276
707
4634
9653
7548
8267
7994
8889
3961
6914
2899
4698
7426
1192
8129
6026
3536
9162
9317
8891
8378
167
7325
2937
6891
1663
6479
5200
9714
3910
5586
4991
4806
2024
3864
1588
1300
9655
6972
2615
5974
4752
1588
7923
2306
5772
2531
3631
2844
1922
5406
5642
3593
7818
6392
9429
3329
5116
1949
6282
1632
6950
6360
3114
8953
7532
7441
933
6231
3130
1686
1618
3394
8229
4516
5983
922
6512
6402
2386
772
5883
1850
3117
8478
933
1286
6288
1487
7330
115
4585
3104
5271
676
7878
8194
4930
4310
3051
1418
263
7611
9743
816
3254
5814
5457
6160
2360
498
4520
6554
3799
9278
7015
3548
4989
6921
9056
2186
9781
1542
5919
5239
4542
4924
2183
7795
5598
733
9739
2673
6291
2993
1890
2228
1637
2782
6221
1061
1319
2662
7909
3652
3788
9629
45
9192
2550
5062
3767
3764
4665
2601
6258
3417
7726
2659
8929
690
6820
2153
7415
6720
7393
2986
798
8274
3767
6657
4856
2080
2545
116
6076
1044
7756
5356
2050
2470
963
3665
5386
7235
4146
4784
3990
1049
4444
9916
9575
770
8920
9711
1125
4250
7910
1611
7177
5630
9888
2338
2836
3203
3963
7902
6179
8512
1885
6878
8618
1002
7256
5069
4268
8106
884
2384
1261
7580
7579
2060
527
7431
6558
6866
376
9220
2966
9689
4181
1261
8164
9286
7560
9827
6969
7641
316
3132
5009
3767
8921
7655
2186
5552
9523
3997
5444
9165
2029
7398
9904
7384
2123
7653
1290
8775
8085
6209
5619
1526
4295
7025
3111
4208
981
8916
8542
4330
4700
1514
9054
1484
8260
6914
5005
7245
4865
6096
2276
2585
3913
4874
7007
8722
864
8384
48
6369
1358
1191
3076
6647
563
5392
4590
8436
2849
8089
7743
8035
7815
1503
1831
4544
9966
158
212
2487
4331
4776
1513
1611
2037
7485
8347
9935
3297
237
8533
9540
3498
4135
2011
1216
8460
1981
7979
9927
5199
9111
6783
3513
8192
4080
3903
2536
2955
4512
1380
419
8469
7975
3111
8292
8566
595
2856
6755
2324
5007
2411
5029
7146
2200
9180
9909
5639
972
7619
1708
7795
4897
7555
2144
8349
256
2156
4327
4863
1420
6016
3302
4035
8339
451
7658
3279
6671
7259
5330
7867
8153
8839
7063
1107
3804
8572
4777
5144
4641
7914
6712
3889
9980
8958
9900
1168
8178
2961
657
7311
8918
3853
6962
4296
2303
7103
304
8084
4278
7048
4064
8075
6993
253
4463
8442
8008
5599
9154
1907
353
277
9182
702
1788
4277
3984
8798
3341
6641
3035
2158
7153
766
9084
9
6862
4000
8827
5273
684
3826
6928
9480
4666
3202
3328
4706
9119
9592
9363
12
7902
3270
1522
9149
789
1243
7266
3994
3586
3298
8312
2592
1249
2472
5272
1946
2071
1659
4254
7827
3300
8957
1832
2277
9001
8376
3358
864
4022
3467
7007
5942
5390
4131
7593
2883
3338
7429
9749
8442
7222
2631
4157
7098
1196
9262
2954
3151
4731
9970
9022
3589
1091
878
459
5384
7968
8516
7998
7415
5553
7917
828
8950
8964
1470
3463
8466
6096
9398
6764
0
2286
660
3725
9071
3412
3349
7654
7340
7951
3995
766
2307
1165
473
5868
2147
8277
9275
5507
3195
4131
4658
7372
9296
6628
429
8126
272
2202
835
557
5041
6204
5853
5948
5795
3118
8881
8864
6084
2712
9208
3730
3842
5333
7409
4400
299
5147
1599
1026
3504
7201
2445
292
4424
7682
8066
9796
5569
