8712
3014
8771
554
8906
9877
5958
7195
8295
4557
4520
2193
7089
8080
4957
6970
340
4431
5418
7306
1140
9155
4900
7936
5506
2697
4410
215
7930
9609
4140
520
9901
5367
5238
573
8374
6466
3773
5696
1002
5531
4340
5154
241
4064
1227
7368
684
2357
3061
4256
7122
8356
4485
7537
3115
5931
7460
4560
1784
7364
1506
2975
252
3139
9191
2112
9323
4840
500
8199
830
1092
6554
6733
1552
1896
9846
2753
7193
8136
1480
4329
2100
7775
7887
5478
5774
8205
2244
4277
4398
1483
8575
2290
9627
3806
9929
2839
3151
5946
4111
6195
822
606
9295
2053
6754
7101
5715
6247
703
9453
9687
9704
5070
8104
216
5826
3920
7248
3947
7306
6496
5552
7111
2565
9326
3821
1185
983
1348
827
2642
5527
102
9020
2279
8079
4635
7059
7396
4000
2114
6103
5365
8610
5523
5187
7683
3208
6580
9178
8960
722
8980
8423
8639
1676
9240
4083
5235
9908
5487
6336
6770
4201
2995
1602
7029
9695
1199
461
6047
30
2328
90
3543
170
2329
7363
9876
2718
6383
8413
117
4066
1917
7494
826
4123
6781
7668
7058
9633
4164
4157
1
3356
8145
8148
526
9511
6178
9057
7351
9703
9458
7946
3393
2901
8723
7165
5968
3767
7364
6912
6158
7309
4911
6383
492
6934
3314
4772
6467
4115
5079
5093
6421
2291
4050
9047
7061
270
2775
9297
2880
6350
7046
4011
8374
7735
5924
9061
6809
5382
4695
2644
5713
8679
4445
3175
601
2465
2362
4376
6377
1821
5708
1262
6049
3956
3916
8926
8799
2726
4356
5458
6350
8278
7783
6754
7339
1858
8273
3311
9893
2753
3565
8335
6560
7126
3549
1170
229
9665
3433
2435
5658
2884
7351
714
1401
6242
3139
7694
7376
8963
1659
2536
9173
1765
4714
4290
4388
2621
8879
6942
3846
4267
7273
2148
9295
987
6545
5731
6757
6824
6804
9369
5288
3323
6956
2798
1666
8337
6106
922
7852
8362
6017
9798
7386
7950
3234
7408
8740
2250
304
2472
5922
7096
2591
8631
868
4957
7070
2704
3739
1035
270
430
8151
3959
8542
4061
2542
2885
5765
3157
6278
9935
3099
2225
3279
1253
691
9214
9840
750
8601
9279
4300
3276
1764
6205
7921
6893
5769
3867
6413
1710
380
6311
1325
1803
2531
9485
4771
9554
7784
4102
9875
5557
2651
8141
3818
8045
4898
1218
8700
1500
9678
24
8104
3387
4348
2073
4602
3746
2068
5721
2062
7286
9409
1223
6460
732
5485
7904
9140
7116
9369
5950
7862
4033
8774
5550
238
4956
243
7919
11
3144
8883
8774
5755
2617
5690
2863
8421
8398
228
5310
2482
1397
5874
275
904
3821
5057
6283
3701
1527
9145
9139
9492
4294
3488
200
655
3909
1896
8778
2258
9719
4812
5119
3735
3482
2674
9987
9492
9141
4060
5853
4957
3184
5249
6077
9622
2947
8996
1954
1370
5223
9694
4536
3809
1192
9885
1406
6689
4908
3847
6806
1428
9773
5516
4453
178
5394
8680
7898
7963
76
6738
5643
7219
7068
4357
187
3258
7474
296
9113
7719
5120
1275
514
4592
5021
9520
5957
2153
1909
564
9127
839
5485
569
3437
7919
1957
7697
1655
1183
7782
217
4045
8089
8411
6768
128
6184
9261
7234
5987
1856
70
4549
7411
6214
9974
3039
6129
2105
9140
6130
1457
6316
8076
8357
4331
3186
8631
4001
8334
8100
1752
1637
8996
337
5955
9174
6657
6099
2168
5078
6261
8570
1485
5311
7697
87
9994
2205
4022
4919
637
6069
1721
6682
6045
4774
2610
5647
4476
43
452
3406
3670
3801
5271
177
8374
1483
3905
9024
3416
6328
9411
7080
2601
2942
7167
3911
9898
4349
8
6470
1044
9346
4066
5939
5925
5118
3592
8682
3448
8147
9580
6208
4099
8987
8696
9788
5722
4356
7060
434
3905
6156
9761
1053
9022
6148
3730
4217
2957
116
3722
8282
5037
5884
3776
3468
9511
8466
9503
5480
1535
3117
1978
4799
6388
2365
8429
2006
9585
2100
9278
7326
4982
149
8098
7119
5200
664
1693
8881
8341
8903
4833
9687
6252
7784
2583
8632
3736
663
8268
9947
2502
7710
8066
8654
1372
6868
9784
4403
3537
432
8836
1704
1467
1721
8492
5458
9492
9772
8228
8597
8662
9480
1633
9218
3077
7001
9468
7981
3244
7887
162
1561
2303
1850
3913
8419
5775
2260
1469
3640
3245
1355
6457
7828
8294
9114
6593
776
5964
3956
6283
2647
6453
8444
5886
1085
4764
6723
2674
3212
3846
6271
6055
5157
8335
9988
2914
2176
2355
113
5138
1095
7816
2906
7345
2773
9880
8430
8678
1718
2205
7028
487
2827
7077
4535
907
6302
7109
4747
7341
7148
5978
1018
7165
6419
1130
2336
4081
6873
5497
3119
7577
9718
3384
2368
8112
7792
9480
7191
6766
4305
8348
5969
6794
2615
7883
4557
7661
648
9525
420
3282
3295
7149
758
6409
8535
5349
6131
4043
7107
9512
4770
8871
2024
7232
8001
6395
6888
4775
9338
4351
8268
6555
895
7963
9885
4731
6114
1512
111
3310
1827
3092
586
2627
8694
6799
7510
2274
1456
5779
5410
481
5134
368
5793
387
3426
4549
9714
4524
763
7387
6603
1855
6848
2635
4881
6520
8169
8624
9399
6853
7483
4871
8064
2415
2509
5891
5810
9031
8171
3773
7881
6347
8071
6984
6325
6167
7558
626
6146
1320
4510
6839
1666
9789
3018
7552
7145
7094
312
6793
2644
270
8144
9743
2166
4581
257
7288
6433
8230
105
7661
4286
6904
768
946
9097
4607
162
599
5307
2
9223
2711
7061
7159
4721
6205
5111
3387
5378
5926
9754
9550
6087
1409
2880
1226
9588
2787
4486
8932
6701
8648
7954
6492
6607
4468
5455
3663
1065
9751
5331
9468
5370
7054
1737
8659
5512
5894
7247
2696
4298
5532
5902
7559
1539
4960
1681
6338
2844
9688
6357
2630
1932
7249
9212
4028
2102
3984
9405
2651
6751
726
6619
2842
2955
6578
3392
6723
9363
5952
9511
9859
4309
3871
3139
9967
8473
4080
2814
9936
9131
5227
1122
6895
2425
5564
1310
5595
4474
5898
390
3399
617
3576
5850
4705
8894
2341
2208
9021
8375
1534
8112
1792
5864
339
6781
2488
380
8454
1883
329
6982
2399
8465
3106
5689
2637
13
7086
6128
4840
7982
935
4378
5042
5362
4773
2102
3772
4956
3635
551
1284
1185
9090
5477
4107
6752
6823
7984
3205
1436
9136
1985
9386
8839
5493
2958
7177
9212
3177
1386
8012
3385
9999
8423
2663
7751
2425
137
5050
8488
8363
8648
4342
9404
542
4705
6940
5584
7793
3418
3009
3732
1722
3232
4830
4854
4250
8495
7827
3840
8111
269
171
267
8387
8851
3531
6799
3905
8137
4997
1592
5815
6253
6505
8342
1047
2224
378
3009
7400
7149
4718
5223
3914
9335
7664
5604
9975
5261
9040
701
3636
3581
4825
521
1655
4403
8819
4540
5906
139
6623
7425
877
6827
5856
1539
4210
4742
8985
984
8338
558
2769
3499
2373
8665
3731
8692
415
5423
8962
8358
7933
1389
4986
6645
4527
7241
5650
1842
5472
3635
3709
9589
9376
9972
255
7062
8467
1142
8781
8952
642
8432
4861
2418
431
108
4125
9786
5701
5206
6703
4944
1694
3763
5682
3525
5551
7404
8396
1607
3454
4742
819
1498
1812
8783
4171
3972
9516
8982
1865
356
4267
3591
7846
7008
3802
7091
4096
3403
6847
6472
1482
4079
5194
306
6964
9660
9403
3677
3669
4525
769
7430
212
4099
6540
7245
7623
4032
1012
6105
7042
6690
7523
2248
2001
3723
8125
2129
3553
2153
5552
3592
7512
9782
7926
2893
3141
4142
3255
7330
7442
9224
908
1607
5030
1220
4366
8596
5159
4271
9661
18
9340
4678
476
2438
6321
1397
1082
9243
4612
3706
6204
9739
4540
4778
9221
3562
8041
7551
9031
6863
7750
3214
2419
8911
8427
3409
8941
216
6943
3845
6699
8743
5659
50
1516
6838
8682
1218
9877
8646
4252
544
1079
4836
7642
7791
4268
2891
7315
484
9728
4535
1285
8209
6012
4513
7096
5742
7629
5820
8244
5398
3907
1306
5538
8923
1590
4059
3376
2935
467
244
4974
2161
5972
2920
7270
8008
6398
4358
3257
8703
5268
4990
2867
6261
6905
5009
1808
2240
7362
5012
905
2613
8697
6064
9943
2246
2542
810
5272
6296
5096
3066
9742
1808
3497
8458
9365
3002
3136
9309
6525
3222
4184
121
1509
2031
7342
7602
6681
3433
4480
5669
8626
2135
9968
2189
8812
550
4072
4166
3237
9673
6871
5260
3040
7441
4105
3838
4089
5577
2037
6965
516
3356
9424
2379
302
4099
8944
7258
181
5951
1451
9090
2468
6271
4109
9109
5686
6239
8311
2131
1947
6749
7237
8254
680
8297
8424
8649
7209
6904
9346
5858
9810
3765
7281
3512
1955
7013
7794
8795
9321
661
8519
7167
5697
9250
7171
6412
7448
9013
1265
662
2958
6617
1429
1491
5849
9050
4618
7294
2790
3996
9515
424
8554
4469
4909
4325
9094
4952
6793
9658
2889
9311
3048
9489
8735
4132
8950
630
9384
6940
1049
2498
8755
7473
5883
9441
2969
2570
1523
3938
4214
9817
6467
2554
2113
4976
3802
8230
5629
6257
9800
8571
6921
545
4738
5163
738
8809
2428
2615
4408
7017
1923
9883
3357
7368
3629
8363
9546
7420
8695
9304
8956
4082
3966
8430
4875
6667
5370
3805
8412
6868
3860
6626
3804
4416
6777
2002
9516
8068
9574
2739
3021
5150
659
9910
8481
5731
7980
4404
5024
5716
5882
9524
6396
5884
5969
7479
3212
7529
1666
1280
3477
9908
6993
8851
9975
7214
8273
297
4451
1097
763
2909
3915
6321
6941
6455
8273
9365
8815
3218
5745
9510
4817
2123
347
6874
6896
264
4600
7981
1863
2611
1774
8902
8530
914
6302
5745
4382
1253
5851
8830
5948
1947
1525
5237
5973
8512
9475
9091
3495
2791
543
8342
430
528
6236
4514
1886
4039
6482
685
92
7113
9466
7133
6780
3603
5301
9084
3252
4601
1894
3765
3104
6015
8016
814
1599
6759
6506
6401
2139
7800
6112
8969
8038
2072
1379
6822
3455
7094
7520
8860
6468
8118
4893
9566
1250
1498
6447
2611
1607
5337
1210
7058
9369
4990
3024
2784
2447
3936
8459
6163
2125
9881
2997
2609
8189
742
4372
8954
8952
4554
6004
7647
8533
1535
236
4685
9240
1306
8322
4938
7020
8826
3722
2683
9451
4957
3241
8735
4121
622
5481
5692
7889
5774
5013
2612
1943
7326
6628
3171
3469
6487
5122
2088
7633
6247
2538
4302
3475
1561
3440
5221
709
6783
5498
1426
3915
158
4479
8560
6177
373
9768
6353
8076
5035
1987
7749
7465
405
2214
6853
9089
5697
5392
45
3966
195
2955
8820
9639
6569
5326
1737
2567
1628
9167
7500
5788
5670
9797
7573
5148
6602
6892
3157
8913
9268
5922
7816
7045
1214
7950
5924
5945
4188
5824
5376
9263
8166
2787
9396
2935
9967
975
9769
4694
9014
6316
9580
4227
3177
7409
692
5180
8688
2681
9725
4005
925
1447
9329
4624
4894
9105
1603
8664
2956
8487
4167
839
6212
9495
2033
8328
7936
5689
7112
9175
5073
9237
1623
4612
2874
4645
8928
2710
8204
5844
6781
6828
2682
1430
1765
9967
888
4401
8103
1923
453
6521
405
4236
9666
7610
2224
6157
1070
5870
6316
5180
5487
1950
0
5954
367
5349
8701
9822
9777
2496
1289
4921
8270
7826
7542
2516
3505
2164
8243
445
6139
6362
927
5457
2243
2464
2341
6843
9566
5139
8057
9371
5639
3276
413
834
6859
5223
7120
1641
5587
82
4660
3265
8351
4993
4314
3668
2444
7534
9884
5403
945
7885
887
730
6044
1518
6051
2854
5300
7596
3953
5750
8922
2706
3824
8183
1761
6813
6555
5929
6391
2381
7138
9351
6079
933
8292
6964
5373
6225
9462
4449
3773
9831
6611
9643
8992
7559
5359
9633
7220
1564
7001
1395
2494
5748
4877
4133
1175
700
5876
1315
5360
9189
3833
9199
9475
6419
4472
5750
4120
9491
6340
9777
3009
8556
6133
8504
8707
5855
4797
7568
3505
5081
8614
7172
4022
8423
1226
177
3375
1864
7581
7852
4675
3566
3403
6015
6320
4878
9658
1472
6435
5496
2380
2658
435
2880
83
8836
7338
8714
2704
1976
817
9157
7867
4335
5735
7454
745
7631
3006
2117
524
4182
6819
3756
9213
9784
3016
972
8734
2261
4191
130
5151
6934
9333
503
944
693
120
3869
6958
4940
9367
2661
3707
9750
9476
4333
2366
9282
8504
3254
1236
8935
8628
8084
9618
6817
9632
2639
217
7432
7170
6135
4484
4401
4860
8756
8192
7454
4082
1339
488
2593
6838
4284
5725
5119
5538
8600
334
8415
1874
6273
6506
2497
9099
6409
1535
7387
796
204
3037
9711
5039
6938
8061
5512
2396
1388
55
35
4939
344
5845
6827
4611
464
6114
3068
7908
5940
1949
6777
8173
8472
7952
6410
3595
784
2200
749
8176
9639
4624
2412
6795
2575
4126
5599
2617
4275
5610
3400
3191
2937
8599
1629
8115
3219
1023
5475
4111
1844
9807
4389
7232
8640
7980
1508
57
7388
2576
2712
5167
1124
4677
2469
9225
6683
9469
73
9959
9869
796
721
1243
385
7090
4796
4200
4890
2281
295
3349
5628
1047
2071
606
1756
7728
8149
9720
1185
6940
6003
6815
9190
4704
7597
4718
7329
988
4203
7929
6925
8416
2547
8778
4516
6428
491
4407
8073
9314
1692
8429
7185
3802
9330
3467
6369
866
6127
6189
6451
1408
6016
8290
6146
7030
5656
2685
3509
2416
8344
1333
2617
2060
9152
6329
3574
4359
14
3364
5411
9696
5973
1256
9494
779
3210
7146
4324
6805
328
906
2726
2415
8403
6846
4380
4969
8025
9258
8188
1100
5733
878
8163
4003
477
1819
5740
2215
715
1315
814
8118
6104
7660
6831
7216
8852
2145
5735
5037
3235
9686
2991
8606
2881
5029
3960
590
6246
1674
3352
2645
6805
6455
4960
2442
3022
5173
3641
2321
7571
6376
3228
6568
9448
4029
8480
5962
7363
3554
9150
1727
3299
4690
97
3489
8990
9949
9802
2826
5378
2688
3503
6431
1484
3749
3283
8243
8791
9546
2753
2361
221
9030
4674
3067
441
4078
8270
9776
2700
4243
6015
3773
9230
180
7057
1627
781
7704
1429
1280
6849
5088
9269
5469
3408
2221
7970
84
4845
9806
2681
7843
9946
2707
8948
6065
15
2035
556
3316
5859
3158
9372
4189
2839
3840
305
8305
7922
9147
7022
2276
2743
1775
8508
9844
8595
3713
7487
863
1378
4806
9619
3538
6705
8482
4581
6592
3726
5009
1902
8827
3483
9632
6058
482
4162
2681
3991
8134
3970
8106
8041
9658
4040
8641
7674
9895
7689
6086
927
5338
6507
7845
757
6539
8692
7622
9418
6875
2042
7307
4745
6936
4729
917
301
6927
8787
9939
8182
5376
8353
4585
7322
5943
9352
3833
5122
8396
7367
4640
8389
792
7132
4575
2563
2882
8423
6500
2151
7653
7447
7461
4048
7488
7136
9369
2697
3627
2045
8435
6339
4960
1874
427
1396
8349
2203
9947
6441
8133
720
3283
1991
7981
3674
6393
5599
5786
3247
3809
1824
2917
6537
9092
4999
1031
7924
7456
3297
5799
822
9516
2929
8877
4042
7254
8044
3298
9749
8955
1858
2822
8569
7011
8503
7006
8055
5734
9583
9224
351
3791
5241
4140
4340
5419
6402
9265
2539
2414
6426
4328
8577
1987
5844
7849
9452
6861
6310
3081
1802
3582
1073
7077
7990
3187
730
6157
7577
8747
4967
1343
6332
9203
7749
5727
9036
2079
9702
865
502
9542
6904
4787
5282
4858
848
4729
5053
8355
9862
5462
4942
5192
4634
4419
7178
7913
6868
8400
962
3515
6521
517
8554
7329
169
6179
5381
4531
5462
8027
1100
7038
7055
411
4221
4680
1642
7649
3760
6942
9296
8285
9637
8940
5569
8695
2121
4711
8729
8122
3128
3771
9931
3004
8236
3149
1801
5994
4755
3772
1958
8261
2847
408
7954
7203
54
207
7365
4068
8010
9440
1303
4306
4339
1790
2971
947
9608
8307
7820
9167
2941
6398
7552
536
1814
2858
7689
362
6746
7581
6506
3505
4547
4778
5799
1233
2801
1779
6789
1879
4254
4974
432
6314
8940
5218
427
7804
4747
6255
1234
8547
7943
3480
9068
8574
2141
2526
2093
9526
1006
5482
2679
2484
4733
6646
8176
4281
1330
2504
6174
333
2801
4412
7839
4487
7781
6061
9926
8038
229
4720
9039
5082
7592
9086
3076
2722
2421
7356
9736
7587
9572
4648
6608
7681
2688
3665
7218
4509
2765
7795
7461
6395
7654
2958
6968
3919
2272
5699
7087
7108
9291
7515
4183
2904
6870
595
859
3111
241
8663
6095
8851
2414
6938
9993
6621
7729
3055
768
5491
2215
4008
253
5381
2770
4328
8238
9909
8354
8455
2809
1515
6768
226
2142
6114
5012
2876
9333
9523
7734
8757
6278
7339
1441
9460
1383
4812
9379
3188
5024
2957
1250
4489
2122
6079
3593
4430
5126
7885
6271
7261
3291
2206
4665
4906
8487
6539
6357
2540
9702
6487
9127
7176
6593
7360
561
1803
6861
3121
7435
4068
5188
5313
6707
269
1073
8396
6894
9332
6421
5691
6252
3130
1302
498
5001
5254
7959
887
7151
7751
819
2650
5497
7541
7539
9125
8787
435
4415
5057
2109
4627
8545
1058
1758
8021
6197
5488
2245
4622
9180
2388
1787
9185
7472
7515
6229
3308
2530
8170
6341
9874
8255
8222
3135
7648
9361
4494
4681
9646
2306
3760
6764
5957
955
9028
3784
8215
5082
4769
9091
1631
450
1050
1649
1206
5532
733
3280
3919
9900
2056
2331
8096
8078
9656
2766
7341
9967
2223
329
739
5704
3617
3437
669
2117
2715
3571
5127
356
4209
9100
3421
9673
2803
2211
6382
8639
4043
3071
7907
2872
2549
3732
1174
7157
6747
3321
8816
6353
2652
2181
6803
855
2409
1891
9953
1557
9420
8612
6903
152
2245
1283
202
4454
7554
4851
1276
5883
9514
7157
5835
107
1654
5126
6743
8295
7900
7509
1053
9338
5290
355
6564
9395
7131
1458
1219
1613
7001
9488
3038
8777
3792
6173
7355
3373
5835
3671
6245
7174
9837
5383
6812
7625
8493
6004
583
952
3359
9110
200
7088
3259
8453
4762
9246
4125
2768
7225
7378
3576
6697
5533
3883
2567
7229
997
5794
4770
1937
4476
195
1657
328
9675
998
4640
2
619
2204
4711
303
1508
1253
6997
7505
1719
4862
9105
4014
5653
7415
8588
7060
2890
1139
5870
2248
3434
5081
6907
5191
6534
2903
2290
861
1082
1686
8898
5684
8166
6936
6953
8964
2631
8126
1035
2873
7442
2150
7035
9954
8412
6834
5881
8678
8729
8228
4856
1057
7119
7861
1291
9436
5062
7285
9083
1082
4110
7836
6071
5726
2973
5567
8585
6810
7523
7006
2049
6355
5020
7211
6368
5440
5042
8309
6259
865
6876
818
7274
3213
6600
7643
2116
8819
400
417
1353
4722
7403
5581
8708
5764
8339
9253
2506
2101
9006
3579
1755
1249
4923
6239
2308
1548
5835
7477
287
3595
9210
561
24
3871
856
2719
3964
9090
2713
431
9424
6826
4949
7501
6475
4474
844
5199
353
8600
986
2263
3646
7081
6707
184
8091
8136
3531
6150
3279
9206
3604
2358
1733
476
1749
8292
8390
6204
6916
8020
9075
9813
4400
5232
3106
7780
4749
8624
4930
4631
4876
55
9292
6478
4438
4090
7864
891
7558
9900
8777
8216
2064
1892
5030
5863
8386
5728
7094
6116
1285
6371
8375
3303
5200
1945
8140
7126
2761
380
672
152
3784
159
5787
1571
6715
7543
1360
2903
496
7114
5024
7268
6946
1487
9647
4885
9362
485
3616
544
753
3120
8288
213
7144
9918
4604
5396
6069
151
8432
7564
4546
8051
734
926
8627
885
167
4384
6012
3365
4520
2125
9245
7052
4531
1097
923
8
4441
3091
236
7903
6482
8243
4974
673
4073
7843
8036
9894
3014
4201
2126
2742
5801
1266
9268
5095
9312
2331
7392
897
7525
9289
3221
7118
8775
4264
6639
4765
4035
401
9000
8405
7616
4116
6228
214
3060
8901
2570
2044
2197
307
6320
6013
5120
8915
8354
5682
1520
203
5646
4242
6747
6171
7551
8377
9791
8742
3955
5591
9300
973
3307
117
6014
6861
7840
4131
2466
2127
7100
9725
7570
1517
8124
2252
2119
5093
3920
2952
9354
7558
6331
2843
575
9894
7406
1425
9486
6454
4012
2428
2543
4413
9961
2707
4689
5601
7748
490
3640
3317
5630
7134
4273
8604
1237
2615
7683
4572
5490
6287
9219
1453
9724
7105
3843
192
5766
9483
265
621
9276
2062
8328
9284
7317
1172
525
981
7141
5313
5720
395
50
5569
7829
772
3105
3441
2150
2780
4669
330
2303
9702
6867
5913
7149
1740
6604
4490
8212
5022
808
4562
9795
5046
8147
8059
5686
1100
5015
5018
5016
3782
9774
8828
19
7159
4738
6287
8646
2488
4852
7758
7377
7653
1685
4052
7344
6126
2707
1714
6098
4141
628
3179
3445
6247
776
8588
5311
8251
6878
1321
2139
7048
8678
2355
9951
2844
8318
1270
9302
7318
2827
4094
4191
3165
2742
3689
5632
5018
5376
7143
9928
3183
5475
8479
2448
667
7607
9676
7661
4886
4958
9588
7398
9127
8477
4456
7820
5749
3575
5671
1050
7401
4215
5454
8714
659
8234
2218
498
2964
4294
2446
713
8152
267
4992
7482
8086
1797
7261
9732
7552
6203
6797
9483
1269
3191
8577
1167
6166
3714
3161
2550
3750
7019
1858
9929
8762
6036
7821
6472
9631
90
138
731
7691
239
6691
9734
172
9685
4837
2615
6413
2600
5801
3359
23
9913
7634
3819
6372
7411
974
1375
8431
5372
3599
1038
6087
9818
7620
3144
3441
4367
4304
6895
5805
5490
6748
6968
3697
8539
2984
9499
34
2123
12
6727
3330
5254
7645
38
2851
5886
412
8935
8857
7869
9528
7886
5197
6559
1907
820
9229
3369
7058
8492
4577
5034
6110
9876
7705
4524
104
1652
6691
3751
9914
2294
8856
6339
600
4049
9430
7687
6244
2836
8824
9619
5569
5324
8353
5542
3552
8450
5415
4525
9750
3908
5884
4313
15
3246
4825
699
4171
8933
3651
3119
8118
7552
2751
4642
2150
7619
8561
3266
6733
4137
6368
769
8927
8077
9558
1460
9005
1717
3443
3918
6127
2668
6753
340
2497
1195
6531
2413
2964
4515
4742
2248
3541
6713
633
8970
3947
5582
9865
7266
1610
5946
5669
5099
3332
4965
3921
8174
9903
7857
374
3937
9426
3639
7493
1119
6825
8029
7148
21
2616
3313
8722
1783
2363
6629
892
9517
7164
5895
466
2237
2430
6667
4827
7798
6342
5863
8725
1046
8154
2667
9154
8201
5890
1371
2396
7406
5946
5882
9096
4407
7225
4628
9448
4478
684
6633
8331
9183
6188
4001
7055
5718
7374
2816
5927
3301
505
5672
4519
881
9730
4101
5692
186
451
4009
5913
4981
9674
805
4043
2664
9741
2960
4286
4850
6924
471
5529
4084
8911
3473
2581
5920
1118
3918
6379
9612
3743
76
4395
7379
8298
3477
904
8441
6137
9352
9776
4792
6347
98
1786
3740
2840
6809
9592
199
9310
8645
1036
3329
5305
4619
9127
8080
6322
4952
5260
6336
3614
4662
5860
4064
391
7982
5914
5369
3752
5178
9110
5371
7842
805
3143
1541
7420
5522
4553
4017
535
950
679
5162
8127
4899
4602
9402
5725
65
111
8245
905
9483
8198
7452
3933
2420
1286
718
6229
2308
1247
6770
8803
5923
584
4489
4879
5072
8470
4419
6555
9422
8414
8593
6500
5420
6433
7379
452
1135
3190
5261
6037
7919
790
7562
2896
1451
4945
2413
4196
6537
9070
2304
4754
5294
6511
508
4164
6470
2610
6851
2558
3377
2996
8013
1500
3707
9073
7645
3387
9349
903
815
3989
6389
3960
3616
8964
9303
8589
3850
7031
1278
711
1691
3618
5164
3873
4945
8015
8521
8466
8164
3075
4723
7023
447
9212
8211
8637
1565
2406
8936
9156
124
4733
9314
1727
4721
9324
1613
95
1240
7972
8391
6479
6581
4232
7008
6195
7580
7765
9565
5866
377
7375
9145
5314
269
1319
8025
6634
646
5977
4858
6354
7802
2193
330
9103
9392
4173
399
2652
8363
110
7831
4842
6675
5432
9486
3575
2562
1785
9094
1133
2168
2774
5670
6609
331
6689
1633
3660
5150
1319
3473
4086
4573
6006
6992
1982
66
7643
4691
3398
4071
7257
9012
5643
8105
1446
1562
8115
1894
7903
1879
1583
9219
7692
221
3792
412
9678
1806
2182
8712
4117
3632
6515
2231
9918
793
2509
3612
1146
636
7987
8145
5962
2991
4263
9692
6789
4152
5305
9148
9596
1156
3589
6767
5333
2276
7299
9524
243
3189
1996
5271
2423
9802
3692
6911
9472
664
7187
1552
2845
9150
1941
1661
4835
5311
177
654
1115
7533
5791
4153
2370
9731
3330
8304
756
8079
7054
807
6307
7786
7475
7553
2241
5509
871
7878
9837
1795
4913
755
9673
2109
1457
7598
7866
1542
5646
9716
5450
9979
8504
8592
408
134
8540
2826
462
1552
1365
410
1586
6784
4783
5960
2838
4453
7270
3698
3883
6171
5870
4649
754
8782
9244
424
579
5368
7857
6609
150
1224
7815
9062
5151
4594
5508
5537
775
2716
7868
8017
1893
412
8179
1729
1723
1820
1663
7575
8637
4663
2235
5974
9852
5395
8985
7808
7345
75
2015
7803
9781
8087
9362
1982
9565
282
4384
745
3203
2856
3191
9471
7967
4818
8995
6977
4884
9632
2005
871
1031
8249
2575
877
5579
6706
7419
8601
2488
5521
7195
2613
5929
4924
5292
5837
820
8147
1620
9974
6021
3543
3978
3064
8548
3461
3700
2522
2229
5107
7291
4185
3806
8902
8748
8196
498
2590
5992
9175
5244
3934
4778
4610
8840
3547
6424
1750
411
8785
9763
3211
2
5117
969
369
9976
8362
986
7201
6402
5643
8999
9166
1636
5970
3910
7374
8246
5691
7538
7103
6753
7416
6000
8824
9812
665
9244
8685
8099
7303
6162
9022
367
2798
9032
5453
496
197
7944
2250
5854
4235
2860
2492
2959
6800
3042
3326
2939
445
3231
9412
9964
5329
9504
9641
4993
6552
7099
8615
7890
4410
900
5089
3005
4830
8491
528
8511
2025
7155
5288
4942
9623
1166
1527
2835
981
5380
1834
5781
5864
98
9259
4272
3277
5182
6394
885
430
3529
4679
8779
1902
8238
8442
1267
9201
6055
4319
2713
923
30
7617
4758
2292
1761
2946
5155
8004
8559
8228
8552
5233
6223
3399
6722
5745
4367
8704
2178
8830
6970
9314
9282
726
6211
5291
4435
3340
6910
637
7107
6895
2014
5704
858
724
2969
5889
9539
2066
71
5665
8759
5914
6265
781
6180
3841
1847
3149
1309
2556
7714
7002
6748
9799
9864
8665
3123
5090
2901
6031
1551
1448
2278
2208
8077
9869
1689
7129
279
419
433
9397
2615
1353
5734
6655
1244
4001
4105
4166
3994
7452
8949
9014
7740
9285
3584
1192
8116
3959
2817
6696
8019
5339
3387
6735
5077
7969
1895
3469
99
9675
8257
7108
620
4385
8281
7684
3949
9092
9514
7342
941
7411
8167
4520
7798
6387
6000
7436
7085
9055
6740
5405
3443
9628
49
8007
7732
3846
1702
7921
3948
253
7850
8770
2729
3430
806
1613
6268
1423
4749
7755
3785
7667
6300
5460
5790
1958
7755
5033
1089
5534
9123
9457
8145
3070
5946
4701
8606
784
7322
8778
6789
541
609
7155
5188
8236
9825
7137
2284
8966
8438
6112
5444
6562
9112
6030
473
6914
4550
4435
9891
5848
8499
536
9107
2950
5197
2422
2569
3441
6407
9499
2371
8385
4473
571
8959
6744
110
1025
7057
4428
347
4529
8208
2179
2671
4971
698
4058
2117
2046
5192
2338
5910
1943
7869
5767
1884
5556
4839
7854
162
4329
2344
4043
567
846
3215
8668
9185
1795
5503
4022
7661
4705
849
8394
1893
7071
5941
1475
3755
6557
900
846
9170
3137
5969
4198
7739
9868
1534
3516
6605
8375
5418
2240
862
8943
3256
5742
8686
3354
4315
6119
467
7493
6301
8507
2350
1117
1551
6736
5212
5846
4971
5810
7593
5306
5157
2023
5327
8209
3584
2189
6253
2474
4972
6755
4787
6772
1725
5969
1449
1531
4968
8917
6206
4866
9030
3690
7854
9641
4187
9158
7661
4363
6400
8129
1617
5191
8652
6270
6540
5081
3153
8807
3542
9813
9667
3033
377
9327
7779
4409
9238
7065
3290
1505
4149
4218
5009
8204
7657
7128
8333
8281
9778
9330
9320
3567
3836
3580
2586
2734
4837
1607
8839
861
5132
44
8610
8870
2741
2085
2383
1754
4313
2297
117
4898
6138
4130
5842
8483
9427
829
1241
2157
2510
7421
3063
3120
3168
6523
3220
604
9151
1118
9716
2708
435
2452
589
9469
586
1562
3314
3896
7990
8782
8510
5514
5585
9758
8189
2517
5489
2748
9892
3749
1062
6481
1217
4729
7599
3115
557
2219
3293
8932
1005
9182
1600
6608
6920
9635
5469
1939
6307
6584
337
9676
1240
6862
2751
2386
3829
5109
1189
6122
9905
9846
6861
9746
4889
8844
8303
3277
7737
5584
2564
3547
342
8720
2197
1140
120
3164
2882
5794
5893
4717
510
5752
2007
33
7191
5906
6656
4247
3828
3882
9300
5379
4984
2260
2949
751
3283
9287
6956
3903
8567
153
131
383
5367
933
3615
5595
7820
7260
6971
5786
4577
1461
3280
3208
9454
4754
7728
7823
2771
8097
562
2018
4266
2507
5783
7685
5902
5548
91
4092
6635
6624
3335
2958
1483
2439
676
8757
3007
1988
1498
2549
3039
3944
7990
6455
9816
9589
9962
5234
116
2210
7422
6756
984
4475
4964
4466
5782
3985
5033
2442
643
1701
8999
8097
803
6476
7336
4206
1728
8720
9542
5250
7722
6548
7725
5538
1672
7265
8049
146
4444
4257
5612
2080
6165
3991
9263
5818
4574
2153
378
1021
3956
252
5671
5532
9300
8331
9953
2921
9667
8483
8162
1315
135
8813
5721
4540
6691
7593
6379
7333
5936
8419
7264
9640
2006
2789
9278
9906
4922
2377
6643
7579
6001
5305
8203
1379
3939
613
2034
3899
8523
9040
6547
2717
2843
6632
9999
329
5308
6160
7466
3246
5506
6603
3871
225
6382
9543
1923
4908
8078
3732
3255
4422
511
7040
4343
1227
2066
8144
7711
2648
1468
1565
9790
1749
3240
5096
9538
9487
55
9483
5683
4433
6264
5534
8428
766
1874
5939
6499
462
3630
9519
4650
8915
8321
8677
4702
6310
4855
7360
845
9523
3084
7020
4452
9054
9411
1522
470
3296
7882
6206
2569
8754
1684
4943
7771
6692
6662
3355
1314
7547
718
3932
3088
8485
4668
4731
7797
3658
7556
6791
9695
7025
5596
8546
1836
9948
1089
345
4496
9921
3286
5102
9074
2549
4220
9379
2464
8743
7101
5396
4708
5127
3249
9762
7998
769
1044
1576
7776
3786
2863
9372
5593
3285
675
9779
4793
419
1876
1713
19
9109
7058
6413
6672
735
4402
9229
4992
6762
9467
4818
284
8886
7293
2450
1783
3803
6956
3198
2627
4122
4731
8512
4351
2757
98
2819
606
5879
98
4783
5507
3137
2047
3775
9192
9074
7548
5489
910
9027
3381
3465
8303
236
7189
3426
527
9590
7192
83
1297
1054
8955
5193
8022
259
224
4966
9872
5004
2797
1878
2868
8521
900
170
9742
8564
957
9156
3839
6659
751
7549
2225
3902
8429
4390
219
7591
8989
585
7775
3931
2453
2347
2225
2355
5327
4160
1699
7399
8363
3835
3867
3968
3650
8225
4694
4696
4248
1529
5173
1697
4636
530
1414
1182
6298
4385
9630
8882
111
6373
5025
5923
5516
2136
996
9258
5683
3061
1130
7034
2302
4321
6683
8155
1744
904
3843
2482
1011
2916
4934
8607
2688
7564
5345
8146
6942
3367
1548
5770
2369
5771
347
492
5603
2295
1796
5948
8993
5609
6539
1531
6108
4396
920
6446
1920
9250
2906
8118
1825
8602
3685
2849
8625
9567
7623
1389
6910
4908
6889
8436
7816
4815
3297
6473
2352
7241
3444
173
7484
3167
5720
733
5752
8881
4519
6620
3814
9573
7727
8297
8598
1327
6535
2205
160
7774
8796
2243
2286
5398
6346
9604
6727
3509
2454
3358
1158
964
9752
3184
7545
1133
6294
5716
3269
6484
3707
2602
7431
3219
9878
6157
2037
1029
3615
8661
515
8863
9796
4088
8178
1430
2210
5549
9203
737
9087
2495
9177
6444
8788
314
6668
3493
5880
7093
6905
919
9448
8012
7975
7553
5859
3000
8676
2051
8993
6717
8014
6100
659
5409
510
1938
5845
7716
5855
599
8032
240
589
9668
2301
2270
3992
557
2932
1858
5415
2144
4098
6901
6905
9523
5801
3933
3734
5834
8897
9547
6676
6466
7980
3120
3703
3917
5336
1613
224
7530
6285
4326
7110
1008
2662
865
9921
855
1804
6017
4578
9395
7390
8906
4817
5021
1181
8464
8127
4608
4596
7921
2074
973
4948
4475
4175
3836
7965
907
7577
9200
569
2179
1415
5781
7267
55
4748
936
4021
1157
4096
7171
4383
4158
5268
8947
7699
5845
2131
2456
3772
643
1012
8377
111
997
3387
8050
6394
3267
7327
9947
4634
6109
5686
5814
2217
468
9181
148
2835
1266
5876
9380
1801
6391
294
6601
6911
7121
5078
71
9264
2215
8229
5738
4129
1938
6832
2547
4259
584
5349
241
3506
7735
8726
4663
5338
6539
1047
3311
2090
3628
2706
1835
6464
6615
522
6595
3156
6646
1708
3248
6289
7663
2337
356
8094
8822
1488
4532
3706
5408
2752
4788
9366
2805
8891
6669
5660
9840
8495
2973
9453
8071
4670
2907
7385
4178
629
7925
9239
3834
9961
4248
6101
7999
5261
9627
4297
453
2064
2265
3173
5404
6308
9497
8025
6331
3961
3307
6819
425
1256
4962
7473
9351
5948
3480
4679
5565
3978
5730
8348
3424
6369
3122
15
2028
7132
4163
4919
4420
8405
1332
8040
5923
4388
4260
673
5278
3989
1366
3393
4488
2743
7169
5354
8017
8416
2359
2015
5164
4366
9456
1895
2460
6536
2850
1619
1610
2115
2223
460
6357
3441
8364
8821
9639
4692
9177
7984
5216
6497
1377
9164
866
4111
1632
6796
632
3870
9084
467
5667
3300
4289
4540
6610
3218
4573
9366
4909
3206
5781
7979
1246
5146
6578
4946
1469
3705
7548
8683
8183
3026
3281
8424
202
8085
1729
4907
368
9402
9497
6857
6661
3569
4875
4318
4134
3955
9206
9227
6872
2552
8839
2602
1394
9842
9596
6066
8937
3479
5825
4933
9094
6012
8569
1911
4837
3804
1610
9530
3309
6808
9669
4308
9335
4568
1488
6178
2845
9136
98
2198
4048
9806
5371
715
6581
8703
6269
2601
382
3793
1403
8532
4177
9843
2493
7567
2183
2505
8157
7054
5123
9740
5265
121
3836
1342
5781
3452
3769
2315
3956
2811
3800
4235
579
9139
9004
9123
7418
6524
7809
8812
8192
3114
3500
4955
994
9683
1651
3151
1535
5467
3446
3946
4691
6683
1929
6198
9806
8144
8752
9081
6337
7903
3398
4867
836
9638
2265
3876
2646
3262
5685
1947
9074
5276
3627
9753
4859
1799
478
5379
5444
3652
635
790
7806
3470
9474
9445
9199
3745
7461
1006
9179
165
1740
7916
6946
5751
6930
4325
9062
3715
2623
7922
7095
1710
6259
8271
4956
9888
1212
505
7840
1343
9524
84
4631
70
7035
127
7884
6740
5628
9903
2777
881
7182
3303
4193
4972
121
4937
2781
3871
8067
3047
8129
6196
9703
4722
8474
225
8224
6196
1367
2494
4023
2681
6929
423
3831
3047
7753
1709
8105
2574
1676
2040
9889
1994
2197
5127
5332
1862
6927
3591
8212
8091
8629
5313
1738
8503
8809
2958
351
5688
2493
134
5543
2375
6257
8086
1707
4849
3513
3232
1393
8704
5018
3164
5817
665
3314
1389
4518
1983
6065
8398
2472
1269
2967
3067
3554
5824
4700
7659
8909
9594
2934
3819
9672
7443
2058
9063
7978
9218
754
3153
38
7354
2567
8339
6857
6232
8955
5857
4868
504
5238
3272
5392
9223
6795
708
7778
5586
3959
3629
4669
1438
2613
3968
7743
8913
5280
1068
6281
6542
2822
8419
9806
238
5302
1601
983
5017
2822
9529
560
6309
35
2970
6547
7173
3653
8048
1231
1058
4558
7719
2788
375
5856
4219
6878
3878
1224
1307
6428
1752
795
3211
124
4562
9691
7113
4772
1779
9093
7655
5679
3145
8555
5287
9395
852
5833
9157
827
3778
5846
3133
2230
7514
9929
3486
4939
7300
1557
5271
3206
4869
5091
829
4244
744
4891
6766
8775
6072
8606
4912
3878
3994
1570
6387
6357
7463
4715
485
9740
8808
7939
5876
8678
2250
4118
9566
2056
7104
2732
7572
8652
4184
8419
4461
6922
7942
4441
6215
658
9420
7283
3832
4600
2203
9309
9890
9212
8435
5487
5957
2932
4086
9479
5823
3577
315
3033
2575
5307
7759
4512
2983
6914
8630
5647
4879
6034
4462
1833
1973
9306
5236
6889
4930
7001
9456
5359
4377
2061
3084
9448
1913
6729
9250
8169
7074
3139
7379
7623
3444
9975
2547
4085
450
2587
8194
5131
3366
897
1382
5984
8718
8722
1428
4645
7396
5021
5917
1789
7483
556
5829
4348
5365
6814
4911
9530
9537
8071
8819
2308
5906
305
3522
3808
9899
9884
3393
9675
2647
1817
8353
1521
2245
6271
223
8681
8640
5560
854
570
9228
5452
9858
541
5628
4728
2336
336
9665
6794
6002
8052
3661
6843
6366
5477
5782
1625
5750
8947
5622
8112
7202
9921
862
4501
8921
1417
891
511
975
5146
8289
674
7864
2352
7508
1977
2651
5807
6885
3967
9666
2251
7257
3274
9421
118
6118
1637
6262
7879
9398
1001
3135
3571
3262
5543
3271
1611
3817
1892
2764
5730
333
1106
7467
3497
687
1703
5619
1338
4849
7099
9687
7517
3450
2547
7618
4185
9103
6293
4868
5579
4429
8616
5483
1628
3880
1674
7309
1490
9725
973
2529
1910
116
5839
9246
8653
4193
7956
4171
709
4602
6578
326
2685
9811
3433
4096
7746
2629
6621
3445
9410
2589
2241
3481
7855
8512
3042
6638
802
5740
9421
1522
9928
2938
4798
7446
4494
5184
9830
3113
4484
4323
8376
2658
2593
8041
32
6861
3540
3948
7664
6156
6754
7659
9257
7823
5792
6475
7090
2767
3246
3834
9032
404
5518
3508
5283
8950
5936
5758
8608
7344
1932
3008
9232
6960
204
3600
3468
8523
2627
1433
9491
1438
1117
5563
8130
1824
7668
1947
6911
7235
636
1611
1730
4313
4924
7813
7425
4803
4681
8432
9766
4948
5969
6005
5455
2404
2913
1212
2066
7440
8196
2831
1674
8639
1336
1600
2002
2960
638
7526
6701
3151
2270
5539
8960
3638
4309
513
3213
7296
7420
1530
829
3577
9862
5431
4200
9409
4853
3040
884
8287
5834
1971
4008
9122
6887
5680
2556
2131
5827
1424
5327
2054
3801
3861
5124
2687
5469
4525
5242
4194
2701
7824
6647
754
8591
2569
9184
3771
7021
4626
7976
8620
3977
8311
5298
6363
62
6301
4116
589
7526
2283
5114
1709
1314
2086
5700
409
4521
5179
7278
7580
5695
262
3370
181
4929
2191
9947
2631
8811
2548
5536
3930
3398
1297
5548
3472
4129
1596
2750
1889
3307
3181
9682
6519
5835
4506
5875
3478
3244
1985
6427
8899
4328
1071
8888
1141
1807
8174
13
7625
4676
9850
6706
8687
6868
5796
2697
9570
7540
5600
63
4213
6055
1353
7002
761
1177
1813
3861
8859
5162
7795
3349
9562
602
5120
1031
6486
8589
905
3065
820
9484
5898
6449
3166
7992
4101
4526
8071
4939
7807
233
5004
4333
1700
3271
3494
5039
5818
9198
9549
4408
1795
2321
3286
1402
3949
2362
6556
3632
6932
7204
5949
8999
5879
5378
8971
85
903
510
4067
2458
779
9858
4090
4546
6017
4829
8995
7907
4735
1267
6142
6490
9095
7571
5627
8140
5945
4358
5323
8859
2291
1809
663
8120
1908
5767
7642
8816
4702
4383
9705
4404
6457
7389
5604
9673
5060
5359
6164
2504
1910
1846
2531
898
8723
1231
3612
6004
4362
1965
4231
9811
8763
3301
8679
7893
2966
8758
7007
1244
5966
291
8814
1407
525
2798
5548
1558
2689
8434
8860
98
5124
2477
1073
5750
793
3912
2445
1926
9714
6597
8261
9467
2303
9860
8224
6624
2784
1857
622
9565
7132
6830
453
7245
6410
1177
5463
5310
5676
1689
751
196
3932
5738
3642
618
2223
7843
6899
1206
7318
1264
631
1192
8739
4225
2391
8015
1032
4110
491
7608
6523
2917
8883
6324
2758
1282
4569
3604
2762
938
147
612
7572
1459
1348
5729
7960
1683
1666
6632
4618
628
674
4509
699
9921
7551
2452
8928
2384
3690
144
2479
716
7995
7942
4179
4238
9638
3917
8430
7671
2041
5508
4430
4140
3650
559
7928
2494
5325
720
6353
6708
3866
126
3820
3800
845
7077
2621
4380
5919
5081
5868
8391
1218
2024
6422
15
7122
8492
653
3796
6503
8409
3151
6935
8023
4073
9620
5733
696
6801
5056
7748
5155
9424
3113
7417
8564
8196
7347
9236
3550
8344
3623
7337
5884
3662
7522
6779
2066
2645
9578
3414
6161
9415
3419
6169
921
4354
4511
1471
569
529
8444
3689
5266
9670
3206
1081
3609
4230
5830
3917
1659
9873
9843
8295
3068
2636
2429
3413
5624
9453
1945
4529
1786
2098
6485
8631
4554
2719
4717
4974
2513
6578
3894
4661
3945
1940
8744
5916
6544
5599
6393
716
7851
551
6164
5588
3782
8102
8201
5857
9369
9127
8462
8745
6983
6366
4563
340
1456
739
1586
9047
6374
4009
6309
6222
9021
2751
5010
9413
8428
5955
5442
1604
7472
3774
5919
2005
9567
9200
9035
6627
1849
4776
429
2657
2859
4527
3607
9043
8510
4578
5475
9805
9084
3995
2923
7607
4979
411
4248
2649
4545
7782
2355
2761
2863
9834
391
2750
4155
3533
103
2736
1933
147
1083
9118
8027
9801
3078
9003
7816
4817
8403
2309
8375
4442
4334
7540
2877
8603
8431
9228
6260
5563
2272
8527
9404
4944
4272
8274
349
8867
9200
3018
7111
7404
5371
9251
2362
6272
9091
6925
9729
9251
6950
5171
7593
5227
6944
6713
3440
9283
5961
353
8361
616
9663
7546
3836
2132
3214
9702
7977
6340
7468
3991
9533
4056
802
7045
2445
3863
84
62
3679
7405
1681
1371
1177
3842
3509
4298
3249
6455
1308
9869
3587
9968
594
6447
7489
1368
7878
5966
5300
6902
4141
5114
2401
3691
6722
1992
3335
2996
6683
5459
1157
6130
5863
7104
6633
2595
5107
4652
2338
1020
2908
2724
7111
2182
254
176
5440
4275
2779
1646
8658
75
2136
3399
9641
7623
3729
1599
6749
5209
2333
542
9191
7174
5308
5078
13
8113
3772
2641
8553
8390
5067
9625
6568
8303
247
7299
2462
7110
9873
3817
9350
8776
3329
6610
6743
2114
4210
1952
1923
7115
1774
6629
585
4638
212
307
8714
7810
3173
1871
6824
1639
6255
785
7323
5968
4657
4523
6653
231
3165
7843
5925
2817
1707
1215
2177
2032
5850
8956
1804
8431
4737
6475
9103
61
8116
1289
6003
1353
6178
7881
5333
7558
1387
8432
8819
4171
9535
5372
8931
1242
2770
9346
7346
1162
6347
7987
2809
7380
8028
7770
5708
9687
3036
6628
605
4568
3455
2876
8285
2745
4919
723
9299
7156
5092
8409
9813
2149
7639
8090
9378
7314
820
2408
8866
9223
5910
5184
4229
9794
6588
1020
8248
1448
1921
4645
887
2290
9049
7106
5980
1063
7063
7793
9765
1911
3436
673
6452
5138
4571
6746
3920
387
2231
6793
9720
2204
7421
204
3448
143
8798
7910
7300
4838
2133
3936
2177
2735
5127
3005
1603
5448
5272
8872
4609
2707
9465
4155
1125
8022
3951
4270
5151
2354
6496
4923
1641
9837
7527
7050
6501
4334
9511
4958
2963
52
8923
4299
6463
4308
9468
9090
7815
8750
2988
7770
9130
8843
1663
7005
1323
2212
3993
3292
9029
7714
7986
5152
2840
9869
2614
6734
6418
5635
3738
4774
7194
1592
825
4664
9109
4196
4956
1876
91
846
8008
6189
4275
9059
9872
8488
347
6642
4859
791
1940
1623
8097
5756
3754
8482
1408
2684
1746
3315
1371
6483
1852
5125
4577
9773
3079
9284
139
7208
9235
1548
9423
3236
5266
6143
7794
7091
600
9411
1083
8531
4578
3654
2258
4277
5555
7566
2663
9081
857
6978
3854
3368
6477
8366
1560
701
9801
5319
8958
7601
277
3180
9894
8099
9866
3556
3880
272
3319
3546
8410
1092
2674
4242
6200
2157
8534
1639
9103
4071
3978
8162
6520
6618
2595
1705
6738
8621
4160
8866
6312
6869
5922
50
6578
2030
9631
1174
4215
6900
5484
8701
3007
4270
1703
3072
7911
6504
2311
6207
110
3340
1131
7514
1116
9949
6927
5672
6403
8639
7198
7639
6317
7238
2625
2993
9269
8889
9045
216
3793
2162
1274
3566
493
4598
3863
7571
3315
1740
4283
6715
2406
6667
9551
7451
1295
2212
9256
8032
4782
5113
120
6205
4642
1864
9443
8111
9907
8649
3983
1886
3436
4208
5301
9506
9223
9230
2789
4159
7761
3770
1526
703
1260
4840
9722
7707
995
9812
3775
5142
392
6093
2354
997
1769
6193
463
6927
4706
4992
7123
6141
8748
3391
7682
1261
578
4380
8661
1497
3940
5001
1883
9599
8868
3207
9136
957
4846
9121
507
9148
9365
2897
7393
9894
8328
4706
6231
8036
1412
2100
5508
9576
2003
3126
5349
8179
9026
9395
9163
2837
6432
5515
7695
207
1490
8285
3717
6598
2403
5870
5742
1351
4057
3400
5271
5569
5251
4770
3471
2883
9070
8360
1286
3443
4199
8871
5201
4968
1899
3031
954
245
3753
4149
6821
9347
1753
2892
6973
9337
5351
896
6060
1403
391
1270
9305
9756
7628
5859
988
9377
9268
1968
1085
1731
27
7783
8219
2160
9888
1036
4168
9007
5956
6683
5361
3727
782
8810
460
2283
3004
2858
6922
9019
3189
4464
7580
2234
3401
5754
3841
8816
9065
5216
317
4780
2195
6505
9750
7167
1718
2023
2952
3895
4324
9328
2265
2022
1845
7962
1974
3775
9016
6498
2123
1533
357
8712
9634
1664
3166
2251
9251
3237
2707
7149
2474
7552
1380
9618
8055
5737
3185
8426
5390
8192
6750
6633
222
4894
994
3008
463
3433
6383
1385
2292
6660
4940
276
1553
8321
93
9129
4294
8900
9348
8425
7945
6149
2689
3526
97
9537
5093
3051
8398
1070
9540
9273
9271
1801
1113
2816
4203
7358
1763
3510
7897
5699
2381
3687
4363
7858
156
217
4509
6545
6177
3738
524
1679
2350
4648
5465
5085
5301
3277
6844
5014
1388
726
4917
2109
8493
5454
2046
1602
8234
1131
6829
4656
5774
6997
7318
6966
8814
5134
9708
6847
8366
3603
7096
3313
4688
3869
242
4207
8855
164
4684
8763
2953
4769
1679
2988
5395
9710
7805
7495
8167
9565
4613
3085
4433
1890
708
881
4359
301
7993
884
5230
6536
3121
3295
953
7177
7249
444
5997
500
7618
8546
2000
113
7495
6075
6079
4261
3370
1731
3599
3200
6484
8031
4923
3186
3691
2920
8668
810
6965
2963
1591
2365
7771
1006
6687
4447
6233
2392
9900
1986
6946
9422
2516
9368
4497
1998
5301
646
6602
2762
9556
4551
7502
6762
5536
9689
3406
5726
2720
9321
1270
2239
3323
6870
283
865
5526
1588
431
2984
519
5008
6705
5731
3033
3387
1602
7177
3800
5781
785
2766
3932
3255
6425
2706
8627
5116
864
7383
6823
7581
7456
6574
2831
2968
419
7533
3296
8940
2135
9358
2756
6612
9297
7190
8803
5485
6973
4848
6254
4758
7908
8902
2075
8451
3958
3707
5465
6846
5559
8296
3845
9691
6918
4354
3174
517
280
8468
451
9642
5572
7855
2501
5649
3463
2202
2359
3603
3255
1191
4457
6573
3509
8099
8867
8400
9244
5497
4471
3939
3062
1045
3503
3270
9693
320
9286
9971
1982
3917
9250
8595
4202
3934
1583
123
8039
7764
3335
7889
6452
1905
9325
2158
6297
5739
1066
9026
8140
1952
9134
3663
1344
8433
472
611
5640
6652
1745
53
2090
7770
2930
9627
7214
5585
6006
182
7109
4823
8570
811
5559
372
7184
8046
7445
7058
9699
4029
8669
7732
277
5654
1163
736
4500
9622
6348
9002
3740
1167
3806
9503
5158
6901
3140
4363
7677
1542
3782
2807
5921
6212
2325
5314
2164
2208
187
1355
5554
3236
145
6072
815
6348
442
8438
8120
1922
1597
4014
715
7302
5920
7120
9586
886
4431
8847
8490
95
8876
9737
9314
2784
8113
1809
3839
248
6273
2714
7436
3340
8652
8834
1087
2806
2721
7000
7991
5324
445
1100
497
956
5858
7394
9690
6802
1044
9635
4239
9526
1884
2448
8448
7429
2655
1923
4483
7290
6489
8932
7156
8632
1491
8052
3994
5991
7972
6986
2085
760
4867
984
6931
4807
3962
1705
2355
7500
390
137
81
4702
9675
1329
9599
1141
9093
4925
5348
6570
1561
9660
6350
3309
7145
3524
6228
3442
1815
7167
6038
8058
705
3093
8582
8153
1050
9176
8095
8953
8186
1750
2051
907
4635
703
6756
8437
9012
8067
1624
6556
8067
3702
2735
3775
1523
1764
7424
7629
6286
8523
2511
2645
8603
665
5531
2808
1800
1763
3269
8285
3779
366
9307
5073
6914
6558
9121
3896
6482
7065
6273
3829
2973
935
9258
625
2421
57
2708
7468
9949
7443
659
2861
3078
102
6665
9303
6694
2174
678
5355
9078
1589
8779
1092
2578
8851
6253
7651
4915
8787
4580
7063
5753
8915
6083
3336
9314
9303
9506
9169
9432
9946
4966
3608
1558
1698
4099
5243
1802
6318
4872
8648
1142
9311
3256
776
9393
6689
2393
4346
3739
6469
1093
6088
1149
4924
190
296
1374
3714
463
6481
8675
3220
7021
6136
1566
6495
2684
4790
3351
5063
7726
7543
3784
1104
9174
2546
2161
8093
5611
6576
8844
787
7272
6507
2092
3656
512
340
3646
5534
9806
4033
8530
8182
8283
4993
8819
4386
3961
3134
3776
6876
7772
9710
5535
2380
7832
7525
3112
8042
9782
6266
9197
4272
8832
3860
7849
8571
1499
8001
8614
9566
6629
6420
2313
291
8628
7593
9816
2943
6942
2085
5403
1537
2519
3935
7568
5607
1732
4308
1593
6636
9614
1468
4512
8066
7442
9831
7882
9704
6006
3907
4985
5304
7974
9326
5356
7744
5068
9986
7105
8554
7934
5121
6411
9322
7345
3742
686
8292
1628
2086
823
6360
1223
153
5449
3771
4818
8809
8898
7043
3762
1470
1996
4271
1670
2051
1455
4272
584
8784
8228
9799
6255
5445
8084
2205
1728
8896
9566
5081
7893
3244
3016
4993
214
4022
2989
9409
1172
8380
3285
5761
1877
2501
2690
630
729
183
6838
4727
3259
9417
2738
6090
5331
7141
4346
4043
5000
2409
8772
2264
8819
7163
6015
6684
5438
9303
5040
4246
4299
182
7911
3365
8354
8172
4480
5938
4658
494
3861
1754
121
4175
8321
9495
2527
166
7168
8330
6604
2733
9667
55
7817
5255
1135
428
8372
9327
213
4895
6541
6442
7948
5188
3853
5257
7865
9864
8007
9757
2225
653
7511
118
5109
1569
6934
3962
8732
461
6704
1327
9103
7272
8508
1781
6046
6838
5466
3283
5312
6640
5212
6876
7415
4369
6475
413
4194
586
5690
9303
4380
6146
9927
6899
1666
9982
1422
5863
2289
1897
6952
3
5357
1088
2352
2136
9919
5837
7878
262
9990
8861
3613
3168
9342
8416
7615
703
7934
2109
3664
6335
347
175
5279
7962
8362
9200
3593
7039
595
3569
6888
1887
433
3
1337
5284
5254
885
3355
1374
6875
1914
3619
7451
8996
2150
8957
8497
7170
7477
2045
9099
9427
648
7795
3551
5124
7197
6412
1608
6694
6585
6037
8501
7726
4709
2395
5421
5751
5075
3614
5389
2514
8235
1684
7295
3901
7094
3241
6264
2130
5382
5204
7855
8614
2160
3685
1685
7506
5399
9499
8693
7806
1238
7042
1290
2409
3946
4169
8599
6261
6330
3874
2327
2032
308
5474
3074
1645
6437
760
2104
177
3620
8907
3485
2377
379
3531
9873
1608
6547
5626
219
8735
4252
9092
2097
8245
2838
9976
1415
550
5550
715
5169
3656
7320
8386
7239
1640
2790
5981
5156
8835
274
9012
8138
2913
9214
3769
3159
5563
6613
9772
28
3917
3389
5085
9839
8759
1628
412
63
1261
212
7373
5983
8719
6109
8472
2194
1027
3277
6252
7169
1629
4710
7219
795
2576
9068
6785
7370
799
6385
1366
8734
9804
5839
9091
7080
8482
546
5801
5109
1214
4432
3837
7221
1656
7957
2407
3047
2768
6607
1578
7715
2899
754
2846
4051
8556
585
9177
5871
9751
8187
5564
1523
8721
8422
7545
5503
9627
2362
2883
1212
5149
6372
8030
3094
8056
2389
3877
1530
2356
9231
4586
1789
2600
508
3528
3942
7143
9354
6724
7177
8071
375
6898
9121
3054
4277
740
1289
7765
9194
2157
8792
9150
5766
7204
7879
6482
4242
6180
3855
483
1602
9808
3764
7504
1414
5604
6392
119
6227
4950
3245
8564
489
2651
9003
9848
1504
8055
3034
1173
7124
7708
1725
9574
9722
9475
5115
5515
9358
7369
7163
4193
8235
3152
9387
5904
4773
7895
8589
9919
359
1684
3087
3394
8196
9677
4229
4099
4508
774
5926
6479
5885
7684
1439
7895
8515
1104
215
6454
6398
5016
7073
6706
5038
687
4823
9660
6574
1636
4282
5970
6106
2625
7187
9780
414
938
5236
7859
5532
1349
3056
3381
9065
3609
3395
8710
6149
270
6671
3944
4566
9988
9237
6795
4912
9376
5628
7991
8947
7329
1169
9686
3456
2433
6300
5727
8921
2663
2074
8861
8085
2009
3804
2030
7612
6702
1852
823
8197
2001
1079
6725
7322
7970
9419
9406
2628
775
1006
8486
4761
2336
8696
8174
6910
1656
2815
9366
9338
6759
7725
8723
1242
6293
3952
5948
3866
328
6893
3374
6038
8654
9058
5616
3085
5398
4743
7728
9615
4105
6112
5388
2019
4582
6994
9997
7080
7291
2031
9150
4358
1136
8208
7850
7855
2637
2046
7491
1591
5803
7164
3295
1341
8968
3637
1373
9093
564
6173
9206
7204
265
6935
3342
455
4983
6099
5193
8720
4589
8705
1306
1039
8804
9303
6263
9049
8053
5482
8856
6535
683
2972
4975
9517
9843
4531
8961
9541
4416
4994
5698
8023
6171
518
9231
6040
4343
5631
1925
6205
866
1625
2735
602
7720
886
2188
4379
6690
4858
9391
6637
412
514
5840
8010
3859
9889
8176
6880
5709
7689
6778
3837
163
5874
8532
3225
2505
971
917
8944
7599
2634
9280
9579
9408
1521
7279
1929
7543
1551
7387
9119
4337
8352
4151
4505
7069
691
557
108
6800
2118
7040
7194
7606
5775
7185
5104
7507
9897
300
735
4647
2745
6738
2389
2783
8909
3362
3256
9752
6288
65
863
5903
5020
5417
781
8628
4092
1709
2683
957
1277
5738
336
5799
9233
7848
6703
5095
3967
6352
3518
1006
2698
2777
9998
9595
6940
9467
5436
6234
5647
2628
4739
858
9689
6552
9323
7180
241
35
9074
2200
1874
426
6981
8138
2027
8032
796
4601
5760
3700
6815
264
3312
1464
9993
4934
372
9308
7960
1120
6593
9033
8397
4230
5034
2186
38
2730
4390
5348
1061
308
7785
102
6893
8531
753
3675
2249
9903
1808
6012
6313
826
7584
4243
8025
3141
1640
5659
512
5662
6378
5603
9826
5318
2102
9649
4322
4321
5310
4835
5368
119
6567
9776
5083
1415
7625
6237
2187
2827
3155
6156
685
23
3518
6223
9044
6891
1516
6810
6280
7816
6813
7175
8086
9567
190
2594
9236
4149
3470
1605
4703
579
2606
1710
4755
1081
7845
7131
694
6371
4429
488
5809
163
3166
1616
1644
9790
3924
3567
869
4067
8383
4200
7277
3989
6855
1282
9023
1002
4570
9645
5534
4445
6980
8083
1226
8494
5978
2953
270
6712
7715
1668
7225
1171
7939
25
2087
9568
1764
2109
3099
3042
612
2635
7451
2172
1174
5268
1208
6741
2965
4192
8329
1384
4892
8562
8643
120
3003
762
9591
6801
2231
4660
2680
1642
4593
9054
5335
5606
4065
3607
3981
3129
9567
7235
516
952
7117
2763
6514
905
3028
9329
195
9834
1578
5665
2274
1421
3309
1459
725
3329
3407
1388
3874
7308
6670
6004
6449
708
3454
4307
5951
2013
9733
4117
8619
3148
4658
9565
3362
4026
9579
1941
3378
6037
1330
7715
3596
720
612
2263
4075
7979
6814
5745
988
8861
1068
2239
9001
6253
7535
5060
8390
3729
3017
8612
7526
3725
7464
7484
2410
7181
845
2895
7096
4414
2153
1355
6357
3958
3683
7291
4767
5716
8792
9957
6409
9890
4671
6642
4915
4439
7880
5918
565
3177
4960
8613
6936
3775
1843
1406
5809
8357
9423
932
4555
649
8129
9087
976
7122
6543
4530
3235
48
49
7789
7597
8766
2460
9042
4851
3764
221
1125
2880
9913
654
9692
4036
8054
5112
4902
6488
3430
6837
136
5741
7049
6608
2578
3441
5096
348
8208
7261
9922
5134
3565
7389
2405
4727
1778
12
7145
8610
8092
9068
1286
7047
9228
4943
1157
617
3656
2982
8292
3266
4702
5523
6851
2025
6536
1724
1708
7725
2971
4559
1712
289
4377
5196
8572
5908
1239
8148
4218
4427
553
8444
8371
9550
9737
4782
3602
7596
4615
9820
8420
6411
938
5777
5516
80
6469
3990
1731
3527
9797
4926
2012
7184
5414
