4186
684
4976
7164
8636
6375
1338
3088
5035
8335
6350
2098
6552
3507
506
7427
5049
7074
6595
5340
4698
6630
7266
7219
1634
4811
7039
7386
5757
478
3112
4546
3083
2656
6350
5117
7012
3706
4876
6112
8630
2570
1396
4279
6829
5403
4936
4306
2477
3283
5106
6013
8431
9781
2241
4446
3270
5527
5936
3175
4205
8191
4261
8700
6750
3942
8915
7822
225
2926
6652
3654
5392
496
2310
5997
772
9806
9752
9336
829
9079
9602
9425
3154
9849
4711
9152
3187
2288
1176
2185
5496
316
5725
1198
9561
6161
1458
5
9224
4633
3421
5637
1438
932
6280
7210
4721
3263
3183
6840
1503
3234
7863
4891
489
660
7704
6493
3647
3289
6905
6689
6292
6299
8279
9117
5614
9142
6369
3876
524
813
9507
4913
5780
763
8397
8208
9304
2180
2528
8918
9748
8170
4404
4993
7687
4059
3049
9065
6876
8295
9000
4262
5860
7423
244
7692
9585
7849
3091
2481
3041
2352
483
1551
533
1544
1691
2836
5117
752
7471
342
4003
3248
5999
2933
4688
3586
7885
7561
9758
6701
4857
842
3132
6828
1338
6607
2887
333
5691
1934
5227
5157
9664
7201
1958
4352
4900
8762
1397
6631
1729
9933
1566
7179
2218
8764
4024
5805
1128
6320
5675
2736
1967
4482
6976
5334
3869
2042
2372
38
4607
3439
7983
9439
8303
5277
3083
3623
8189
2853
4099
733
5673
2254
8553
396
6603
4409
2132
6640
8319
8866
4373
3395
1568
1586
6660
7856
3120
6994
6236
5481
5329
426
3279
2212
9539
8503
8103
2752
9306
3738
4267
9109
8107
4845
794
5610
5556
6610
9046
9008
4661
228
6288
9995
2831
9230
7293
8208
2391
5466
5170
8058
6678
3697
2209
9159
5104
4849
9311
4352
7552
9342
4993
5445
3612
1183
8051
86
3274
7849
5732
9103
9967
7481
9361
4219
1183
9978
1805
9081
2631
3302
9770
7916
3314
8057
9815
8908
379
4625
2966
8490
2912
9842
6777
208
5392
8359
2712
7047
7233
6019
8033
6690
9216
6949
4892
7784
5414
9129
618
9599
9427
7226
5082
1732
3241
6950
7335
1271
8552
8651
3234
4642
177
7501
8647
3002
4634
4953
4766
9743
1469
307
9201
4990
5837
5164
4133
8485
3494
4464
679
6982
7423
651
3156
9493
3199
8572
1220
7755
7593
4753
6005
6349
5510
6242
2400
2647
4430
4570
9225
3698
5826
3119
1752
3621
3305
5539
2847
9735
9764
3955
5704
1314
8320
1340
6397
355
7288
6350
4291
5230
7413
6425
659
7567
2595
4708
710
9387
5616
9564
1725
4341
8532
1737
3307
8444
7704
7037
4975
5666
1908
2197
4977
6311
1833
4770
2568
8452
6184
5489
3542
3619
2397
3318
3601
8203
7467
7192
4719
3194
8245
437
4813
3739
7447
8854
4588
8104
5903
3022
5081
7017
107
1292
1463
6713
5775
3247
4234
8713
7699
1993
2787
5934
5079
4844
5267
4998
7636
9666
1838
424
2961
2713
2286
7321
9102
138
1281
8283
5505
346
5312
2464
1386
3146
4828
8972
3429
4121
1623
1705
6172
2346
1132
3155
8022
2912
8781
5107
1648
3941
7623
5626
7191
6650
7044
2275
1135
4185
9932
2795
5010
1318
4921
8156
4520
9748
9318
3156
1120
9284
5458
4821
1449
9319
759
8742
2111
1285
6674
8807
117
7750
3279
1010
2187
8222
6050
4300
7788
7750
2307
5082
6695
3205
9575
7153
5400
4174
6536
1798
3075
242
2273
4388
2908
6550
5127
7995
4133
7039
5607
3013
7317
3770
872
821
289
1976
2461
5913
698
8902
4602
1022
2404
6027
7951
3426
2958
3899
9302
8068
2706
5177
8741
2232
8618
8425
3777
7990
4285
5682
4687
9330
597
1987
6072
791
6686
8685
264
6749
46
5325
8755
9433
8411
5181
5285
355
5693
4032
548
899
9554
9932
2149
6805
7783
501
5671
8716
4858
1203
5311
9394
4825
8181
7521
4252
5862
8655
7977
5548
3690
7839
1459
9425
1314
6942
5965
2842
4155
4737
6934
9559
2518
5455
9059
2432
5480
1581
9134
9247
7904
3429
1899
6504
181
3046
8457
4281
8204
2532
3905
7532
323
1904
5135
857
5005
9618
1450
1208
6602
6562
5617
453
2402
2823
3635
5804
7983
4567
3163
5252
4084
8429
631
6312
6749
4712
371
5200
5636
5871
3175
62
8717
563
1194
9748
303
4061
3457
5076
7232
8327
2087
5263
2635
4711
523
9790
4976
3429
8849
3295
8729
2701
8006
2039
3397
8272
2436
118
8355
2149
4557
4521
4764
8205
6215
5992
2972
6996
9765
5375
7455
5619
3054
4154
7413
803
4797
4362
4113
1788
4068
4580
5316
6635
5645
6985
8048
8706
9454
5120
4364
8729
3528
926
7188
1170
2173
2360
7225
6410
1643
9984
556
8076
393
2891
5314
5183
9053
9427
4341
5728
984
9272
1816
1882
4095
5089
1172
801
2871
4896
9987
5599
4315
8900
3880
1878
1453
4872
8425
8132
4839
2088
5067
1044
7308
8660
3993
9296
5809
3021
6992
3620
8577
7421
2441
1519
6401
7027
5379
5187
5713
9627
2237
5435
6283
9485
6910
5340
396
7164
9521
3396
6780
6638
1392
2383
2988
7243
331
9849
9738
8574
4693
7614
9060
5064
508
9660
7975
1652
3651
5946
1410
6006
9581
2786
3900
4253
8024
9065
8575
1751
4788
304
6271
3172
9855
9059
2043
514
7086
3918
3471
359
6282
7408
4595
2334
6820
3863
7172
7432
9078
2459
3965
6803
8088
7159
6450
7033
252
6417
1176
1647
7302
2747
468
4974
7531
1570
7983
8127
3238
8180
8626
3438
6833
8527
2500
1329
3510
8740
3933
9362
3233
5658
3766
7288
2321
9950
8624
2100
6348
6888
8893
5095
4796
4986
7054
17
1914
6417
7002
2228
821
6286
9464
7191
8159
7470
2634
6950
7173
4245
8310
9399
648
6618
4754
2888
1741
6092
4507
8515
9565
8882
7265
9027
7225
7343
9923
6465
3359
6404
3794
7
4530
8352
3669
5221
5368
2995
2329
66
7461
6000
9762
2362
9215
4976
3571
1942
4431
5891
8790
3754
1395
482
5416
4695
18
3904
4772
7137
5309
1679
7802
1978
494
9790
9388
7917
1184
6288
8917
2951
9435
3112
5270
5488
218
8864
5487
1464
1867
7129
2326
2540
8930
8957
9655
4599
2810
7680
6328
3125
8714
1317
2439
5395
3375
6589
6578
9618
6331
8090
7091
7755
2314
7090
1174
6972
765
1022
9721
3520
3718
5458
2079
6733
1774
1895
1872
5367
4678
5076
8177
5554
568
3884
8267
6101
4393
7232
139
5609
6733
7413
2101
7360
2935
6368
4645
4515
1260
8190
7764
2740
8275
5056
4596
546
5995
8964
2937
5579
6616
1471
1523
9068
5836
7590
4684
4563
4958
3899
4650
5606
9482
6388
5905
220
2901
4760
3352
4744
1627
3971
4759
6199
3734
2185
2122
2095
5741
711
756
4951
6055
1509
6564
9942
1610
8487
9212
1427
3013
1123
8068
3419
9398
7533
8202
1106
3016
7277
9475
6288
7165
9571
5747
2797
4292
4401
6565
2295
1895
694
5223
6575
3204
2394
9126
389
7350
6501
6113
5224
5087
75
3500
6767
2340
786
5140
6773
2485
2580
6249
4543
7624
6111
397
297
6145
7258
8120
5375
2991
3827
533
7944
2021
2707
877
8428
1956
434
8142
4198
7298
9495
1703
9604
9242
8504
4547
5787
1744
9280
7231
4680
1438
5774
9898
1041
6415
4794
8104
9562
3975
1586
8035
5844
9486
9763
1150
2191
9624
4340
4919
6768
6658
6715
8009
7310
7834
3747
3419
5959
8987
7797
1609
1887
5892
8163
4077
3432
5764
9380
4425
2093
69
7081
6451
5448
6786
5198
5853
6964
3478
3804
8913
572
7794
5324
4566
5346
7674
9350
7473
4060
2348
5255
4122
2425
5150
2785
2585
338
2036
1708
1518
3451
7531
8042
8043
7048
1397
1801
4606
3949
9745
7377
1678
957
3382
8461
1473
3460
9340
5702
2823
2336
3879
3227
2791
7450
4208
6637
9957
7859
9346
9207
1852
1465
1278
7675
8621
4153
2140
5863
5652
958
1599
1302
3252
2775
9299
9570
6063
7959
581
8359
7155
3638
6351
3924
4900
3189
5310
8027
8242
3583
6450
8232
3783
7210
4002
1662
2431
9229
538
9836
3588
5644
1650
8702
8965
9742
8892
3376
9187
6704
153
2605
2888
7826
232
5590
3620
8223
5692
2799
3653
4394
7849
1043
3682
9139
7675
1271
8308
1753
8675
6988
2290
6058
8703
9246
1303
614
5493
3370
3298
2290
6028
556
778
5032
3351
9990
7228
6427
7790
6668
8899
8360
4170
3036
9826
3480
1837
8028
1520
4850
9020
700
1345
4829
5867
8666
125
5891
531
7764
2128
6065
4818
1559
6461
7484
1679
4630
976
6893
5368
1847
7758
637
3402
9096
9739
3676
7100
7183
7832
8698
3321
1423
518
8776
216
6181
9564
6617
9881
8306
2976
339
9215
6084
6486
8194
5508
6956
1427
8571
1165
4372
9820
8045
7756
3978
8352
6227
7324
8293
9598
9830
9820
5449
5956
8368
6523
5301
9894
2764
3932
2025
2487
7769
4070
8308
4583
2669
1339
1516
3578
7542
2227
2887
8400
5772
3396
6406
2326
9218
2288
9058
4088
8139
3324
398
1601
3689
5240
5228
2305
5728
6831
1372
1385
842
9293
6798
6486
5731
9160
5448
6664
1477
6876
20
510
9230
9191
6129
4240
4413
9166
6266
2073
6123
2506
6291
4223
8486
1027
1183
4991
281
6743
943
2698
2983
8934
2933
9574
5943
8957
5190
3698
1433
4782
2510
7179
2503
3864
3870
9428
2039
3544
5536
4869
2204
9260
8619
2722
7772
1760
1682
390
5100
4343
3414
8941
7063
7911
7420
3771
9614
8289
3258
9820
4489
2187
2042
9465
1003
4060
9777
3491
2916
196
9929
5424
8977
9877
4426
3759
926
1730
1080
7385
171
5971
2182
9142
124
1138
5512
6329
6058
4357
5302
2362
887
8600
2124
366
847
3510
990
6116
4089
564
6409
9614
3773
3546
1205
826
5648
9103
839
2764
9131
2320
4034
4827
7258
556
9357
6101
672
8095
2784
9855
6599
8521
6616
1468
9605
282
7706
5561
3562
125
356
8883
9574
1054
8799
7766
9175
6489
4289
4948
2000
7185
4878
8542
9014
9849
6351
8993
1028
3698
8619
2752
8654
1922
3361
3609
1074
1613
2136
1335
7722
6931
8750
1204
8222
5270
6956
3849
343
7670
8362
5203
8383
5402
7391
7827
7939
3405
3681
2787
778
1107
203
1200
3039
1655
9469
5112
474
9523
3132
4721
6926
26
2346
2564
8587
3589
8464
8004
2563
9320
5048
2895
4714
9088
8072
4304
5958
2156
3464
8670
9414
1109
4597
6420
911
428
8990
7550
3794
3070
6411
2077
4713
8230
5709
2183
6080
5935
768
8142
1296
4164
5342
4571
1030
1175
1629
2791
8051
10
6776
4966
1469
8925
2844
7248
7378
1060
4952
9213
1084
5044
3272
6924
6944
8667
4219
4609
9825
5545
5871
2329
8785
2910
7519
5323
9080
897
1123
8380
7837
7979
4629
1919
5345
9470
9156
4871
5755
3733
4737
1515
5662
8937
5735
9285
1862
3900
6360
134
1185
4358
5074
7882
5995
1258
5072
3043
1714
4821
8268
8821
280
9026
1491
1501
647
8396
1121
7326
1823
2737
6971
3914
6570
7648
172
6634
3728
2463
6631
3850
6422
7675
1995
5844
3698
9212
9908
359
6458
6980
318
1332
9002
5077
3045
7460
2435
1164
184
5705
721
2926
3788
5552
4933
6941
9244
1968
3729
8934
3613
3970
3283
6939
3136
2556
8872
8296
4401
2300
8466
100
749
1085
5300
6502
4608
8377
5738
6945
4092
2956
1141
3086
6229
9872
7220
4405
5034
7274
8110
7287
1486
8785
9964
970
3204
5670
3908
6482
3977
3396
368
521
3819
3173
8140
5787
3912
5679
638
9744
4081
5210
2161
8886
8669
9598
9817
4795
9546
1277
3579
3908
3054
2890
8949
9789
3260
3605
5704
4670
9633
517
3382
5829
9294
832
9494
5302
9825
1834
9509
7868
6860
3943
1958
6394
4743
9295
3098
4659
2752
829
2635
2946
8929
8403
386
8775
2810
5806
2040
9935
2749
3250
3434
927
8329
8914
9701
3852
2862
7150
9281
9801
5792
9849
4587
3406
2982
2741
1386
6994
6241
1982
6178
3093
922
5440
8711
1773
2964
7381
7033
5867
7937
8383
1374
6792
4929
4558
1838
9217
3396
9583
4104
6540
6065
4578
7681
7702
6799
2486
7004
2347
4416
1059
1573
3169
9838
3939
6792
8050
3405
1837
5615
5076
3729
3568
776
262
4920
3113
4340
6633
7063
2081
1148
5865
9875
5270
2815
7574
4166
5157
3750
8195
3058
9184
7864
5370
7473
2993
2505
7514
2314
9019
749
6911
2240
617
9019
2989
6980
7607
4396
2456
7995
9417
5987
1186
4651
5195
8678
5762
7999
9765
1867
1117
2729
2091
1038
9204
183
9631
7422
5066
3758
323
6024
7472
1139
5279
4186
2351
9289
8059
1354
9170
8180
7962
9231
5037
6012
7859
9485
3773
2589
4605
3262
1838
6843
5270
1980
5923
435
9696
7803
6854
1677
8168
4627
6588
2702
7461
1483
2371
4457
1514
1025
4634
4773
8599
1798
7262
7290
194
1734
8669
7093
5246
933
1177
7275
1701
2581
4331
746
9944
3236
8496
5803
4511
8290
2501
5428
1711
8289
218
346
1095
5413
1862
5299
3526
6154
7720
5546
5438
7141
1300
603
1133
7811
3458
9230
3982
2653
863
192
8715
5821
5086
5117
7388
3435
5407
9787
7073
6848
4618
1727
5783
2395
4793
8098
7003
529
7343
6974
8729
9343
7704
499
7871
4284
6238
823
5379
8778
8341
2361
397
4171
6932
2422
6370
4575
1408
3813
8271
3835
4311
6893
974
7174
6
3366
9176
4638
6535
5164
8887
9464
2075
9808
807
6083
5728
1098
8120
8413
7103
3177
4002
4304
6949
2682
3350
5061
5307
9319
9789
7560
2996
2534
7056
2875
914
9443
2914
7557
9094
4152
7246
6403
7490
5016
664
3550
2189
59
3187
9597
8466
1107
3775
1841
7445
8014
7772
6702
180
2420
7631
154
7989
8848
9712
7374
2353
4284
2766
6041
4413
4324
8320
580
4433
173
9529
9504
3592
3359
1926
9548
562
764
7431
5554
2329
85
7063
8625
2142
5618
4106
9285
8063
6686
7299
5618
4008
3942
8815
4176
7922
1366
1057
2272
8956
8756
5355
6605
4917
2776
9301
4270
4740
2664
1021
4920
7636
7283
7996
3248
7423
8659
8401
7565
4053
3045
9004
6428
6121
9877
9017
3469
8040
754
5574
4475
4183
8176
1299
4265
2889
413
3302
840
2458
7195
5079
4565
9370
2940
8655
4191
4505
1084
7352
8774
6891
8600
9264
8431
8505
1516
896
628
3124
3402
5059
5640
1318
2039
1686
7752
5399
1375
699
1373
9096
5689
5625
5422
6016
4805
3091
2131
7761
7073
3075
2596
8406
3579
4723
1295
7371
8465
9960
9433
5881
3348
8572
716
3997
459
3862
5086
4611
5588
9784
8050
1092
5701
8085
2648
8361
9089
6717
8111
9803
7510
6198
6299
4009
7570
3800
1634
869
9846
9366
8400
7772
3747
2660
7466
2271
8257
6569
591
8402
7279
5810
4283
3505
3396
5392
3205
8586
3876
7904
3992
6139
3406
422
3983
8281
8482
2453
6905
7850
9648
8876
5373
2640
6795
6576
3799
754
3789
6082
8127
3592
4532
9885
7883
8211
9194
8863
8203
4774
3714
2209
7394
3141
6542
8213
9940
553
9086
3483
347
1821
7315
5200
2372
8569
4673
9139
1318
6392
4834
629
6386
5752
856
6797
6726
5357
2411
9605
4076
4690
608
4564
8496
7501
1466
1481
3358
7854
8250
4753
4841
2596
8114
7029
9257
3564
760
1779
1644
3111
534
7175
3869
8102
6125
4533
3585
8020
4570
2838
8526
3217
9025
2333
390
4279
1062
8789
5250
6219
6923
9049
2282
6769
5922
511
3056
9324
2820
2401
1788
5265
8619
122
1458
6855
3066
3674
6416
9309
7116
1670
9763
9063
3657
2687
1289
6567
8069
2957
6722
4644
7987
279
5648
2250
2136
4962
7869
733
8217
5444
5819
4315
4102
3204
8198
7662
7696
240
9446
5370
7925
9321
6993
2297
6605
8959
285
3744
5581
2629
4067
2942
8984
1201
5503
6209
4293
6178
1508
1684
8396
2750
2060
3241
8666
711
5613
143
2613
5706
9720
3552
2089
4452
2314
1274
1088
1440
5781
1224
4432
4097
6009
476
5054
1113
9340
3435
3664
6468
5289
3781
4576
4148
9156
1599
1645
8137
3468
9055
4108
7773
3625
5651
683
2233
4804
2159
8918
4327
8550
9857
4035
742
601
4082
1223
6979
746
8924
1467
3099
9744
5970
7994
7225
5095
209
6161
6749
3125
5425
2249
6412
2525
6183
1921
8398
4130
4187
4627
7112
5571
4944
6585
4614
9685
5237
1145
869
478
8296
2300
4410
653
3410
5132
4915
4152
8115
2267
4872
4109
2314
4801
7148
954
6688
3933
6454
8232
2114
8892
1303
6609
3018
3768
103
4770
3577
4359
5281
1948
5971
4437
8935
7477
5494
9260
5795
6667
120
1727
396
8393
3501
8566
3137
386
594
5476
2341
7833
1577
5652
2407
9811
2001
4946
684
7893
9664
5414
9387
2263
3056
1802
8405
8458
3940
3309
6928
1461
7670
4257
8111
4107
6670
110
5423
3817
2225
5433
2255
4891
2707
4192
4541
5582
3610
6092
3289
2816
9649
4217
7753
6740
8405
4705
1193
4353
4624
8244
9276
5546
2879
9060
4611
5224
4930
1069
7529
4852
6368
7538
8857
8945
181
9378
1244
9349
3593
202
7395
408
6333
5668
1725
4374
3028
348
5989
3551
7708
5347
2140
7421
2265
1469
7214
6197
9308
2021
7155
1366
8341
8481
3349
8223
5170
9568
7977
8957
3522
2095
9148
9762
6730
267
1547
4209
4979
352
5791
3926
7759
6832
7347
7539
9158
4880
3155
1492
2289
9196
9635
4500
2850
7595
6889
4057
7374
7261
824
8378
5704
3761
2922
8080
4268
9666
7369
7946
6644
7105
7658
1499
1322
6719
2454
7071
2171
2385
7254
3867
6788
7718
1195
6817
9708
5332
8680
6531
8958
6478
1468
5919
8705
6786
6959
9960
997
8606
6633
869
7101
4419
1017
1363
9091
7330
9241
6550
8700
2627
1756
6588
4410
4165
1152
3090
9160
3311
6230
5201
4101
8421
9194
3344
4352
5463
6449
6253
2700
851
5647
5237
1344
6074
6211
816
6350
9583
7567
8091
6237
4668
7335
1565
7382
1215
9445
5659
536
9650
4999
8343
2088
6440
1046
8546
4280
8611
4339
562
8578
4211
3072
7535
7410
4201
7929
7480
5294
9017
2637
3155
6962
3294
877
6145
5996
1463
6751
2415
5937
4783
8319
8089
3434
2106
3603
73
6206
5852
4170
8973
9261
7812
1232
2775
5783
9077
4432
1501
1991
3733
3975
3761
1087
9694
2528
9339
6209
9681
3586
6658
6295
5403
9538
4219
6847
1536
2790
5208
7031
2596
7816
8353
1153
5737
163
6175
4803
9698
9773
5445
7101
3605
8880
1130
5240
6351
6822
369
4504
8034
9153
9578
5293
5242
5253
9249
4508
9997
7187
9907
3781
3008
4434
8705
5569
2790
5964
3790
4841
9539
2738
6386
6646
1279
2877
1425
5008
5287
4019
1222
3861
6893
4721
952
8249
5727
9003
3935
9252
4997
3965
1344
4221
868
669
5043
5985
4063
7296
5910
6591
3790
4213
1226
1939
3623
1938
4203
3597
1592
4569
6941
4285
4022
2278
9778
6270
1727
2408
5961
2780
8604
2793
2304
2467
8403
6524
602
5477
1081
2530
2251
2712
8245
9497
4208
5114
1311
4530
5515
9921
8423
157
3580
4308
3138
4755
4876
8895
814
9472
3635
231
1767
3307
1033
1563
3027
2627
522
5106
1751
6808
3442
5351
7917
9986
5767
9214
637
9906
1702
4706
3640
8804
7526
828
5299
4493
9
6610
3024
5623
1697
378
5289
6902
2799
6601
150
3974
390
6956
3246
4467
8878
674
9881
5093
1829
228
868
9862
7840
5202
2494
193
9791
8988
8735
4088
3582
6425
6841
9922
4967
1367
9974
6687
549
1968
4849
7769
8084
1766
577
9370
8180
3851
5967
8244
5373
9231
872
9441
7948
2246
7374
3175
9787
2133
682
887
6366
8153
2156
5651
9642
2773
6131
3514
6480
7382
8791
7873
9527
2164
803
4367
3480
7415
5089
9477
4675
9987
9662
6648
7838
7010
1836
1740
1358
7357
8470
3055
9342
9287
9326
8544
6764
6149
2371
2874
8099
5342
3182
3217
4099
491
7403
6775
8141
5482
4484
8331
3946
4901
5257
975
2556
7386
6156
3156
1132
183
7225
3748
5921
5029
3443
7164
5362
1773
8234
8004
6019
9947
3320
8364
1260
3038
8506
2997
2664
4984
2476
4410
4296
4665
1933
8361
3751
2994
5410
9985
4409
9288
5046
8745
636
2472
8351
4443
5873
3889
4220
75
7316
98
3770
6152
6822
5361
9894
1038
3244
8309
9197
9062
7904
9777
5919
2139
6117
3598
9073
8873
6201
8739
8322
3955
9507
6276
2230
8673
1339
1316
3070
2837
5081
3928
6088
712
2197
4009
7266
5686
8590
2821
2490
4723
6166
6707
5697
9464
9290
8850
8559
494
4400
5549
4528
3670
1337
6604
9275
3890
8085
9146
9267
2580
8006
8431
8918
8929
2477
5545
9618
8065
2097
7324
9880
7269
9294
8755
6297
4805
9625
9553
1806
3446
3378
9337
9876
2341
4466
3158
8355
5123
9572
9576
2495
8780
8176
8700
2407
7685
5602
3062
4603
5970
3097
9054
2203
497
4476
1428
75
8790
279
2145
274
5780
5379
3787
7026
757
1619
6053
7890
5734
1610
2881
4854
1954
3227
6819
7008
2378
1304
4451
7824
2221
4412
9374
5063
7258
3476
9818
9465
9519
5623
1988
7585
8588
8567
4552
2110
3849
6560
7260
2171
577
637
9290
1085
2314
6842
360
4581
7442
1139
4517
4933
7448
8156
4594
64
5555
810
8730
9
3011
4910
703
5965
882
3810
3667
8429
1143
1676
6193
6612
8535
2527
1942
1607
6328
7265
8654
8474
979
2760
7087
3071
885
5965
4540
8585
1171
6770
2919
7231
5175
1215
6903
9883
171
1768
4881
5682
6129
8187
7734
8079
2636
1766
4393
8568
9615
4021
5147
5090
448
3641
2725
769
1961
4644
3553
4263
4299
7248
9270
1773
2782
9503
8254
1951
5274
1421
2789
338
3691
6338
4288
2401
501
5621
7448
4837
5172
2778
6578
8899
9757
9739
4684
4239
7191
8244
9237
6254
2032
5016
8954
8521
7981
8338
9657
3309
5650
4438
180
5311
9162
2933
3107
2366
2356
5967
9462
7633
1322
1123
7302
1631
2831
1026
4919
1309
6916
34
3629
1201
135
5790
8007
7622
3448
3291
3692
1817
4857
853
0
3487
962
7783
6691
9241
2095
9770
2455
640
4182
4245
4093
9515
8568
4658
234
3632
7348
4418
8475
3286
5122
3990
8706
1256
8499
2238
699
6
1458
2479
2016
2310
2983
1149
8468
9384
7784
9097
3584
6294
7276
8819
7017
2938
5118
5840
2138
9114
1642
4406
2931
2031
9543
1525
8542
5956
6657
6000
8553
1913
290
7625
6789
9510
4204
9274
8842
2477
1445
3311
4053
5480
6352
1394
9855
370
4468
2798
4939
6402
1563
1621
5371
4545
4601
3437
5408
4317
535
9925
7484
4134
2251
4485
1525
4501
3590
9027
3689
397
5705
1746
6217
4825
3237
4037
5651
2949
3774
5810
1200
4041
9243
9137
4902
1056
1516
8467
4843
2263
1944
1760
2695
4000
7970
6664
2420
8070
1144
7931
7941
3115
7832
5845
2720
5870
4079
8129
4633
9816
3232
3854
973
6293
8589
5103
7000
8399
4820
7419
8211
294
3657
9525
9325
6445
2828
9255
757
5166
4375
2359
1489
4285
3351
5436
5582
4537
6500
3529
2677
5743
4462
1799
6502
6329
3014
8258
6964
2340
7910
6314
109
1103
7470
265
1700
8927
2076
9748
7148
8559
8215
8411
3827
9397
5272
4474
5432
1664
3014
6018
9307
8685
3549
8866
704
5129
8473
574
6672
4193
7957
7474
2108
1173
6618
4208
7486
7883
2854
453
9646
7487
6571
6490
6541
9976
4673
1733
8114
8294
7962
3632
3663
3288
6351
1137
1119
6954
7292
4505
910
8987
5652
4457
3973
2524
8018
3453
4384
276
9134
3852
942
5409
7465
7496
4420
3866
5125
7440
2255
2976
6931
3157
2708
7010
7658
4538
8581
4031
817
9236
659
5221
9849
5729
4043
8313
2634
3365
6318
2336
601
4063
4720
8970
1554
1898
3597
8974
3880
7567
563
176
4278
9176
9984
9504
2609
8208
425
7004
284
4262
7843
5221
4327
6911
7778
8575
1077
4843
9324
9745
9177
9472
3113
6205
7901
2307
2890
2170
7854
5830
3970
7996
7863
6779
3205
9077
3720
4694
2988
8245
6514
7360
9602
1677
1218
7992
5599
5362
6392
8356
4366
3004
2196
6757
7772
414
6764
7864
1120
5152
4475
1577
3970
6055
8921
4259
3097
2535
6531
546
6772
4447
7687
1785
9572
3842
207
2750
7125
6134
3959
7091
7832
7205
6732
4449
158
7873
2340
4957
4099
2901
3812
796
8740
2678
3745
291
3902
6568
3686
70
8197
317
2431
8674
2461
3560
2624
2343
4585
192
5750
4573
6382
7792
6247
9639
4626
1211
9832
7045
295
3564
6379
8547
9358
4140
4275
2031
3369
5229
1158
2200
5890
739
5453
4210
8081
5539
1195
8262
862
7011
7240
453
6771
5200
3673
5053
4381
5679
1517
5285
8063
4571
9526
5330
6019
6733
4018
6764
2398
842
8438
651
4399
1206
1318
6587
3396
3686
4803
1342
360
4915
9617
6304
8957
7498
6804
2086
8338
8385
5383
9200
481
1124
6792
4878
4472
3725
8291
9054
3473
7346
2633
9763
7024
9417
5229
9361
2265
6406
2556
9205
1804
8005
4518
5810
1598
6242
3917
8806
8149
3125
5465
5451
4575
2684
7605
8713
9632
545
3562
5096
2278
5195
1125
931
7834
7984
4664
9337
2134
5127
4506
8798
7373
5179
539
3326
8012
5868
5209
5553
3435
2768
2872
9353
3695
2775
9137
248
8591
1212
9226
6095
1745
1511
9886
1201
2929
2767
9896
2583
6653
1789
977
1148
256
5659
7684
6712
7353
9132
1755
2922
2583
3589
392
5439
4963
9481
3905
3759
9866
3938
2952
2614
5638
5323
2246
5024
1704
9611
8084
7694
3492
7803
9366
2853
5832
2953
9940
4885
1658
4069
294
7351
7294
8920
6028
7936
8241
8453
343
322
6500
7032
6824
6066
6456
891
3330
7364
2771
3063
6238
9074
4429
1031
1308
9900
3850
6263
9440
1529
2579
4428
3776
8955
7155
6638
3641
6769
6523
9184
6553
9446
130
4913
8685
8470
7341
8810
5751
7265
9063
5383
4107
984
4157
6931
2854
933
4361
4811
3340
3527
456
4325
7597
5338
8906
1370
9811
9829
8662
5678
6074
3069
7831
9841
7116
2055
8295
9677
2856
2635
295
4703
5950
7140
9736
1379
8666
8259
1001
5129
3099
7316
9437
3540
5375
232
8440
1488
2397
2529
9878
5923
1294
9036
9112
1996
7960
777
188
2008
9593
1974
1911
1716
2220
9321
386
5901
971
2892
7087
2083
4722
7251
9398
8108
5836
9049
5728
7173
8972
6328
9311
8338
3481
4104
3800
4327
7191
5326
3758
3535
6462
7318
1260
1865
7433
7756
5359
6323
5246
6387
4462
9359
2341
136
2151
5074
2742
7505
7895
3259
1411
8319
7941
9857
1391
67
5611
9397
2618
2765
3826
4998
9067
4943
1321
9715
649
2400
2963
6555
789
2252
8938
9072
7223
697
4451
5242
5251
5268
4272
5864
8600
3306
5307
8274
2853
5779
8374
9114
6408
4232
7564
16
9125
6469
7075
1524
3087
3290
1313
7671
1542
7675
2008
5306
4717
3463
8944
1160
9302
7270
1487
1088
5293
2348
2263
8810
9390
1466
7932
3882
3859
8099
8912
7458
2830
428
237
946
9167
845
5775
4827
4499
5764
6443
2322
5674
6297
7312
8384
5907
6395
4185
3845
2742
2169
2395
2364
301
9758
8593
8154
7456
7683
1522
832
2444
2344
6764
1985
1167
1598
7999
7597
5794
7291
8168
8571
4995
1264
8664
7509
5886
5591
6593
3373
9944
3606
3949
686
4248
2657
1482
8109
5299
5212
5142
4638
8066
1757
9891
5075
2705
3056
839
4607
4246
2820
6610
7961
8172
931
3773
8540
4204
1487
1612
6971
8535
9975
2431
1346
4882
2521
8507
9511
7631
4945
6063
5984
6148
9520
6070
5022
1258
216
265
9718
8931
6227
4030
4225
3193
7284
4545
617
3584
949
3453
7716
3847
2847
9942
573
3984
744
5398
6621
3161
9847
1827
4105
4678
3795
9018
3813
5037
5801
7754
6150
7998
4956
4143
3605
7741
6199
3001
7728
6653
94
8744
5002
299
323
7895
4131
6756
5172
7666
4114
8068
8225
7285
5966
9564
6459
1250
6236
7007
8632
5086
8499
9481
5315
9849
8635
8925
2657
6297
2356
4793
7182
6594
3523
2264
1766
7524
9575
6516
2256
9264
9114
9269
9460
8568
8947
8635
1724
210
3080
5156
1001
9609
5408
4442
9917
257
3063
2076
4197
5029
8074
9975
2426
7118
6962
5489
7053
2722
9391
2482
767
6886
7177
4960
6995
3009
4075
5893
9755
9055
5372
719
3359
6511
258
1156
7452
3978
6923
1135
7960
4752
2646
604
4516
817
8236
2235
6619
5252
8205
484
5799
5208
6500
7656
7587
3188
4588
1632
7098
6493
6076
1845
2606
7908
8733
8795
149
2665
61
682
430
9968
5484
7642
5825
7230
4580
6970
2501
5936
5350
1357
6891
4920
3374
7091
6055
4358
1384
1855
9279
2351
7548
618
7563
7052
8053
6883
9788
6353
4848
5216
8058
2136
1280
8262
678
9033
8110
8482
2878
105
7981
5090
6575
8205
5052
3026
884
5049
2868
2614
3036
4905
6321
5521
2634
1242
8622
3168
3286
9862
1945
1847
6001
2859
8677
1797
8645
5415
4062
3494
9371
5250
1304
8885
6566
8744
6432
2396
733
1874
9924
9194
5190
6511
9998
7263
5134
6212
5451
6455
4133
5597
5258
2800
566
9470
4304
5786
3748
8188
3561
8459
4319
1185
3001
1916
7206
4591
6992
7299
7207
6692
3387
1965
2098
6662
5255
3688
9739
156
3889
4202
8814
7401
761
7954
3293
118
3733
7977
1253
8938
5010
4740
5279
4280
3829
4937
9954
2054
1535
3676
421
677
5839
7093
322
4978
529
5343
5783
6408
1348
4143
7318
6223
986
5167
4284
4085
6728
3958
510
3511
5421
3734
5855
8685
7008
6594
5838
9599
2002
7194
4476
4392
3058
4852
2364
8102
5343
8249
723
1290
5352
1609
3087
482
5135
9819
7156
7968
3197
1558
7137
9287
3071
2677
1042
1618
6477
6346
2494
1025
8635
9810
2896
1120
8041
8208
3603
3830
9733
9209
6470
7911
6512
876
8015
4726
8526
8508
427
9787
6135
3707
6660
2621
7514
4980
796
7532
8546
9621
3382
1341
9504
7192
5044
1619
5623
892
7130
8070
4903
85
9169
2307
6066
7628
1464
1920
7642
996
4293
6250
8795
4299
330
9901
7973
8424
4338
815
3217
4999
6666
8281
7492
7759
7788
4003
482
6557
615
3755
7626
6494
8203
2002
2928
7326
3392
5907
1816
5512
8294
4305
861
6280
1446
9708
4737
9765
1864
1007
4447
2677
9790
3817
6588
3404
4621
5061
332
9317
108
7049
9393
3595
5941
5032
5182
3748
7849
7508
1338
8523
5328
436
4128
9912
4686
2237
6116
1790
7937
5744
5487
6850
4662
8592
1051
1011
3675
8462
746
8073
3311
2803
384
7230
1174
5033
5810
5204
2345
5382
5974
7042
5610
6822
6378
1503
9701
4292
4752
6665
4865
3381
6807
5729
2182
8130
3061
8359
9417
5328
2336
2222
2355
6365
1708
9452
8832
440
1774
1985
2306
4046
720
5409
3318
909
157
6895
2190
8966
5020
3607
2478
6996
985
888
3730
5604
8654
2589
3372
5360
7794
5735
4284
5579
9752
7529
9735
6107
3832
2175
330
2190
8314
7307
2376
5355
4350
717
2895
8055
4249
8399
8697
2656
58
8826
2942
8265
6603
1289
3111
3026
2243
2504
1997
2787
4344
5560
6640
6325
1457
9778
5124
45
5482
8613
3045
6806
9713
5102
7707
4569
8685
9795
168
9068
8078
924
5263
309
3007
3438
9199
7945
6968
1125
4652
5126
7952
5934
8415
9321
7552
2142
9827
1372
3907
6418
3041
5168
3545
9573
4758
1763
1515
3303
2735
5965
7065
9264
615
3181
5998
7441
8647
3051
2933
3522
2172
1322
6117
3390
6999
460
8392
392
7197
3825
4249
1592
1359
9822
220
5813
5460
6710
4679
1873
4801
6696
1822
5436
1963
420
9805
3605
9156
5179
7678
9492
2865
290
4330
5277
9660
6914
9580
1170
1589
7456
1121
6569
1219
8100
8012
1844
1449
3112
4518
291
8659
2255
8018
6018
5231
1711
815
8304
3385
8844
4582
5086
9743
7171
1555
4415
5923
3744
6433
4098
7679
636
7454
9513
2882
9878
974
5542
9257
2301
1323
3793
1865
3047
2905
6584
520
1601
6520
7044
4955
5156
3874
9491
762
5776
2085
8151
6144
6040
5771
5947
3279
1561
2660
877
8288
1736
2517
1341
1703
8999
6250
1200
485
6804
8359
8737
4680
1887
1996
5573
7181
9445
7767
4121
8710
1165
5795
4619
3814
4239
1197
5937
9832
9740
4648
7273
2992
750
7687
2511
6201
9756
5783
6036
9438
8698
1023
3777
5188
5963
9264
2728
9076
1204
4502
1011
6903
7695
1329
6940
3162
3736
3565
3288
4304
4008
220
1393
1687
6091
6198
7550
1538
2480
6391
289
8342
3021
8551
8589
913
8604
535
4017
1252
1926
7606
6134
5345
842
6739
3697
479
9433
3853
4133
506
9714
150
9240
888
3909
3351
1344
3335
534
6605
1562
5537
2592
9169
7207
1345
532
3397
9524
4624
4301
7561
1204
6344
2736
6702
7468
9930
9173
4066
8666
7226
5948
2762
3411
5336
4607
2526
9368
4458
8754
2125
8404
3844
7849
3826
9077
2730
7479
830
916
780
5678
9637
8515
8832
5943
837
6802
2014
8463
5952
5085
4164
2893
1242
9094
2506
9628
9198
5018
5872
6857
1868
1731
2723
2843
9773
1354
4542
1209
6807
4534
8797
2876
8731
3317
3901
5539
1308
3558
8400
6797
442
8353
9004
3799
2988
1652
8003
7121
7485
1626
9741
7471
2573
2538
6641
8089
6728
6826
9219
9743
8483
5341
1959
7613
1186
8416
931
8487
9767
973
1299
2545
1398
90
1478
8846
4692
8690
6358
4403
6445
7725
1077
1430
2596
9486
2675
4920
5413
5881
8587
3069
6806
2495
1741
6116
1853
2663
2103
503
3451
6155
28
9457
9942
1660
454
3638
1092
51
8
5524
3251
645
828
5124
9541
2642
1612
7629
7737
7867
4364
757
3589
3885
4532
4628
9071
5182
2091
7384
5339
7891
9406
1727
6751
8380
593
1460
2306
7836
972
2121
5426
2296
6567
8749
5445
5340
6272
8874
7592
20
6425
5197
9827
542
6431
5587
5725
3626
9924
173
6043
7002
3582
3376
7764
8556
2153
8284
8465
8817
3415
9366
9008
8937
6376
6483
4727
1245
2644
180
5045
4841
9605
3897
8596
9060
786
9683
6443
8157
1174
1275
8000
3892
8864
792
1371
6610
1187
5184
1045
6869
1613
3311
7407
6652
4116
4877
9823
7788
2700
8399
7509
9757
3686
3756
6493
1188
291
4010
4525
9341
6214
1572
3277
1348
215
1339
4550
4545
8419
4455
5155
6046
5153
631
6452
821
3168
6924
8642
3851
843
6447
2541
516
4735
3594
7888
497
4387
7034
5014
8237
3270
4031
9910
3599
8647
8781
8602
5612
7565
8530
3102
6365
1431
1652
6355
7641
8030
582
515
3823
406
9879
6670
4162
4099
4056
8547
3504
7721
7768
4667
4049
6603
8174
7392
9801
8501
305
8427
1050
4102
9911
9866
249
8084
7529
1616
6122
4403
6623
5046
1323
3649
2333
9519
5867
5112
3881
3002
5173
2951
9192
2784
1149
3130
2117
4333
5
213
1181
8684
8876
9952
7545
8779
6132
8124
5177
6222
5662
6180
3754
2975
2116
7214
5988
3939
5219
7569
6386
1287
4276
9073
4798
9753
6485
7813
6296
5283
4744
9450
3715
4323
9415
6736
3261
6534
147
8658
1081
9362
9496
2675
8363
3587
8462
2164
2527
493
3663
2498
7718
3088
9488
7884
3982
7274
3533
8450
6508
4182
1686
665
4921
7170
1120
7643
9255
3806
2153
6907
14
6432
2092
6550
9895
1429
8061
6629
3843
6210
2337
1999
5321
5832
1821
6763
7036
8310
6762
7331
7013
7096
5778
5253
9169
3246
2170
6099
9273
6151
8075
3450
8042
7036
8654
6431
5313
4169
7268
9397
1349
374
7423
3148
2768
68
1313
6899
619
8594
751
6894
7286
4175
8353
2370
625
602
1433
8477
3433
4982
7405
2644
7874
1801
1267
4692
2717
6931
2424
713
6791
3644
2236
8605
8318
7974
1806
5128
5665
1506
1584
4949
5315
1950
7014
8822
6075
7068
6145
4542
2395
5166
6194
1340
7418
1725
3629
1943
656
2360
1932
3061
5454
8809
9532
1414
9032
6452
6600
9325
6704
5450
2081
4846
2784
9322
3543
9842
3892
2166
9894
8280
5985
4723
5215
1943
7158
7146
4194
6558
5518
5403
3621
6460
7086
8514
9748
8267
9553
514
1941
3894
4446
2717
5654
4268
4786
4709
8934
4365
3392
5165
28
6481
6594
5481
776
120
6154
8436
9652
9020
2729
4641
8391
7394
1099
1785
9318
3312
3614
4082
7847
5032
4365
976
6707
6258
8845
2549
7399
7529
6675
3781
7128
395
1599
9477
5424
7924
2266
2673
9657
8724
5351
7516
8197
7660
3145
4962
4120
9609
2097
3802
7731
1623
5842
2471
5069
646
5764
6238
3855
506
2752
7249
4845
6092
5166
6442
2940
4958
7481
2835
4
8316
6348
5634
9380
4142
7724
5891
5693
4650
177
4717
8876
1446
1777
5030
3447
523
603
8658
9426
9333
7677
8983
3694
4247
835
8796
6048
6027
8285
9472
7050
343
6363
6790
5864
6747
407
622
7992
823
6415
1791
8183
1002
2526
9841
8788
3589
6423
1047
8676
925
3437
2777
6033
4031
7937
5840
2063
6830
1128
6650
8829
8873
8008
2477
5812
792
5152
4456
3408
1828
3777
6005
3239
7126
189
91
5850
4903
7211
7424
7560
119
7315
5900
2282
218
5420
4632
9374
604
4831
4021
115
6949
9304
9418
5453
3080
9465
6309
8230
4037
8827
4402
4194
6815
3570
2857
7373
7335
59
1266
5811
2007
7317
7492
219
3307
5593
1834
7393
3753
9847
9527
8638
5489
2686
5633
9063
2432
4536
2824
1167
31
6608
3898
1770
3304
913
4431
9167
4232
6396
8431
7336
704
9941
1140
1753
6517
5403
6826
1803
664
4450
8210
4436
1536
7631
4182
5301
2963
3343
4055
3072
3556
4532
802
675
6710
3181
5377
5461
2494
3409
1517
7756
4358
2952
5473
1945
526
9526
2138
1521
1037
8741
6267
4008
6198
8974
6030
524
5462
6435
772
9707
1257
9244
7741
2803
108
1468
3490
1860
6109
5471
1407
5491
6590
7922
1759
4686
3993
6271
3280
2711
9230
7332
5670
4767
2887
5199
5051
208
5164
3800
2276
2086
5698
6139
3599
3115
991
4128
8376
7743
5625
5753
1066
9857
524
7767
8450
4028
8186
8121
8704
4640
2460
2675
9559
8075
6055
9591
7700
3012
3978
6290
2315
7140
692
4565
3564
5202
6402
9807
277
9802
8774
5955
8417
953
7491
2987
1918
4183
3877
9689
7276
1521
4557
598
6321
6097
8474
6889
1978
3645
9107
2197
6444
4202
625
7567
8537
586
8858
187
4989
9609
1752
1762
520
8447
9144
7618
8726
1523
446
178
490
781
3285
7424
2682
8182
7252
106
8499
8495
7068
7973
9132
7098
4799
9885
8297
5816
3243
5929
5862
9616
2595
9114
1427
6617
1534
2944
3967
5124
3608
9737
4877
4745
375
8487
1828
1997
8265
13
8018
61
9513
2214
7968
3129
4944
6161
8624
5072
1784
4093
930
5891
5899
669
5799
7337
9082
1737
7613
2143
6297
4785
8217
8489
4200
9853
1363
5962
7565
1270
2811
4972
7149
1083
5721
7660
3977
6337
290
4325
5
7931
8903
8343
8948
1457
5383
4868
1199
3088
5044
9031
7220
1822
3251
9473
7979
9816
1021
5617
5796
282
5603
2687
3708
1594
6686
4518
767
1249
5652
9004
8871
3575
6759
4159
3650
2698
9367
3181
5410
2235
6536
2048
813
1157
4366
2404
3333
1706
68
7510
4050
6860
3149
1436
2603
9029
5585
4027
6132
5540
2649
6168
8850
4501
3366
1311
2585
347
8540
9417
7462
3804
924
6318
6633
8041
4366
1287
185
936
8125
3502
9212
9633
2781
4836
9854
337
6984
4015
2030
8894
1685
5470
5705
8424
8362
811
5454
6408
3320
2844
1712
4520
3637
8901
138
6687
2456
7645
7548
3495
9324
5291
6020
6892
87
222
1592
4499
5509
4806
2096
9044
1933
5570
5376
7382
6229
3623
7747
3078
7361
7113
7555
1091
791
2041
1157
3321
542
2284
4306
425
5413
4771
8751
7665
368
6828
6078
621
1164
8133
9837
5929
4980
4872
589
2945
2812
8903
9005
4248
1499
6133
4244
2274
3062
5023
8206
4958
9814
3221
6286
6467
4779
137
4209
3637
8523
1091
4755
6660
2627
7326
9131
4930
3310
7587
5729
3807
675
2560
6000
4307
4088
5252
4583
8695
2917
5385
6025
2608
6452
4463
3332
2920
9604
4049
9615
7643
6364
9110
4172
9516
6572
487
3309
7474
9776
600
5218
9314
9726
5124
6321
778
1694
9449
5119
2390
7033
2269
1674
2915
1386
9996
905
78
3522
8623
1931
3960
9304
3515
7068
1161
524
339
6422
8141
7436
7418
5556
5375
9264
9129
8770
3313
752
2505
7104
3157
3958
2766
8309
6123
4606
5921
4385
7528
938
7880
5738
8815
1281
7363
552
8031
2551
6246
3228
7256
5800
2926
2747
5498
4478
6738
6056
989
8643
344
6527
2727
6016
4176
6703
5165
7971
4161
5071
4025
5087
3246
657
3508
8253
7173
3443
9153
4481
6564
6754
1734
136
2520
7049
5015
8012
4051
5112
4193
7626
4409
3280
5072
6459
7256
9034
3789
3646
3361
6311
8887
4103
2183
18
4236
5328
1091
834
5653
1149
2081
4588
1548
6238
1099
1221
1386
446
2145
2404
9409
8057
6641
7510
4275
3562
8200
2059
4862
9969
5141
6734
9300
420
678
6515
7227
7869
9714
2280
1821
9393
4514
7342
9853
8400
3740
9729
7687
5032
2894
6066
4002
3652
2468
5926
5014
7266
6214
919
3252
5778
5520
1720
102
3595
3327
8966
3155
7319
8661
9914
6623
4143
7850
3003
8605
3649
7167
641
7586
5805
4240
1124
2952
6032
6469
2707
6139
7351
9684
6784
8883
6629
4535
2104
2991
3759
3766
529
778
8981
833
3836
8525
491
157
8057
7153
8246
1016
5658
4575
5490
3065
2496
3830
9423
521
1185
4855
8621
4424
556
8832
8652
206
6403
2932
9302
9983
2870
7828
4632
9610
8369
6300
2859
3774
6379
2540
577
7194
6463
6081
4891
3743
7432
6432
8424
1907
134
2366
8567
7685
1469
3247
9725
1385
8636
7513
2610
6207
2347
4772
8870
916
5597
8560
4849
7732
309
9139
8888
9977
8405
6558
9372
7125
2082
650
7548
265
5411
9988
5690
8016
2441
4083
3675
5083
6840
2546
5448
5209
1458
5022
3938
7858
6117
205
7842
5840
1259
8233
5535
555
3072
8152
7768
1551
4801
9001
7617
7197
8927
9565
3002
4411
8690
8352
7339
1864
6234
1699
9564
4480
4065
3415
160
7064
5181
9367
4866
6071
737
6930
1480
4066
4675
1172
9204
2418
6280
4689
2986
1203
9308
2461
3131
7660
270
6203
9711
4646
6855
4943
3410
2826
4939
194
1093
1244
5240
4914
7797
3854
8203
7027
5433
5682
2627
9558
5172
3888
4669
2437
3723
560
6238
9208
4017
6517
5167
7031
301
9207
8418
1980
445
5290
1315
563
4404
3440
1178
4578
2543
9352
7453
7663
6053
1073
6851
5075
3164
8095
7379
4041
3353
1640
8394
5970
3503
6076
5499
424
6873
1887
5184
8125
8962
3093
6895
4335
9233
9272
5465
5274
2963
7721
8076
763
8800
4833
1303
6637
848
5666
718
8450
8582
7887
451
8014
1818
5428
1316
2563
1445
5220
8053
6117
2549
1085
674
2906
4689
9114
582
4992
1958
1589
5434
8378
5727
7078
6453
7416
6515
5629
4449
6563
9320
8696
4510
8114
2006
9409
7760
9899
2983
8983
9364
3097
9498
6440
4448
7271
4950
8
6920
8886
9404
1920
3836
4705
3685
3414
4558
7898
74
9220
3106
8800
2435
2728
8959
192
5543
1400
642
8549
2930
2847
4929
2558
6373
4856
2573
1482
9974
5766
5104
9394
3608
1102
3766
5411
7238
9411
4857
7782
185
7659
468
7262
2154
8290
2569
7086
7664
2091
8894
6372
3658
2542
5121
7814
8633
1779
6621
9975
5509
4106
2037
7974
8800
9012
4060
3396
9991
8465
6951
3712
1124
3959
9979
4432
5153
8155
496
4238
711
8368
3815
9693
5428
1401
5080
6934
4731
5596
7827
6691
6005
1830
3128
4519
2358
4005
3683
1993
619
7813
3167
4091
2142
7626
2795
6475
1340
631
233
8581
8942
7210
9651
130
7891
7060
2089
2706
5247
312
8085
6994
7788
7182
128
153
8207
5941
2909
2709
7318
1571
5587
2429
205
3402
8120
1058
2975
2234
4744
9703
3130
1596
2725
666
1051
3650
1128
8654
2793
3977
7782
694
4173
9304
5151
2288
8063
5080
3167
9468
7900
8287
6519
5064
9683
1258
4822
25
9487
3911
2032
664
9454
493
3793
3446
9953
104
4075
2798
4380
8356
7594
8694
1789
6614
3817
4832
3433
3010
62
9283
3714
5516
9056
6481
8261
8414
6281
2821
7919
7107
8246
1228
3584
3534
9899
3309
4231
2874
8835
7461
6189
6110
6309
2483
9663
5132
9315
2541
7234
9447
2220
2125
5563
4319
8481
9948
9798
859
6517
3818
7188
6081
5325
6967
2706
9796
2967
8576
6804
8539
7543
2361
9984
8394
8955
9155
5991
6543
1792
8635
2510
4716
4271
6287
1691
3612
2703
3037
6924
1475
6718
1466
4448
8182
426
9020
8153
4100
4377
1909
7417
7184
9272
9964
9225
9980
5425
6570
3081
4435
6917
7501
4545
8915
8345
3884
4118
5254
9070
7400
2473
380
7768
6635
2441
1318
6240
1617
3273
3617
8037
9503
4523
124
61
612
3996
1960
7641
8490
5385
2044
3414
2553
9007
4194
6064
9145
5153
9938
1153
977
8898
3624
3047
4657
8946
9508
388
120
7429
2958
8495
9395
7423
6644
6375
1667
9404
7506
4520
7178
2188
61
1526
5393
1723
4524
8230
4953
7791
1107
9084
5148
4634
6941
879
7503
7344
6325
7465
6967
8770
1457
6731
820
4841
8732
3309
78
9966
1567
4530
2427
2309
5003
6938
8379
27
8581
2177
416
2644
7790
6341
7965
2087
2318
8196
5081
4566
1133
4756
704
4068
7982
2749
2679
2011
7528
2577
8970
3814
4561
8747
6051
889
6698
901
7673
7361
7425
467
9395
7813
999
3597
3399
1627
5967
3851
6660
6632
7679
6952
344
5567
2407
9497
6703
2443
5067
9703
1289
3016
4478
9751
2934
9003
5517
5947
4976
6881
8933
2786
997
7989
8098
5514
1952
6395
6549
3142
6003
4282
1840
7242
1875
9367
1105
2643
7024
1708
5850
1956
8432
7239
7561
2779
3879
9950
5897
2402
820
6561
5139
3649
1851
5688
6146
5408
1866
1227
8178
3754
4747
8897
4548
9294
9957
8111
1793
9919
2559
2386
1944
8171
2146
3528
4694
8249
7738
5673
1489
5755
7353
323
2817
9651
9528
771
2396
6498
8187
8735
4764
9388
4079
2159
6446
6423
3794
3453
4154
1729
4975
4562
2506
9457
8837
1311
841
7366
9923
6061
2010
1325
5395
8108
5074
5374
1392
5608
5523
4821
6757
4106
3718
3726
1955
9659
563
6249
3470
4579
9824
9566
4885
2063
1300
4362
9852
8928
311
6391
2776
416
9960
713
8406
1152
7946
9637
5416
4205
6716
4812
8077
3410
9924
469
3084
4582
6711
777
589
8277
983
4744
1732
9789
1337
2217
1338
1743
8594
8574
5274
4373
8095
9078
8709
6883
845
6764
1011
5894
683
6812
5975
4265
5562
9926
2685
1702
2013
4539
4786
3433
9123
3060
5680
304
1295
5539
213
3663
7328
1121
7183
4513
5826
9734
4406
2808
1056
1030
6422
277
35
3465
7079
4483
2892
5315
314
2398
4106
5586
9011
2337
8777
8951
366
9757
7975
4251
5103
7413
1364
5218
1594
7494
4613
6861
6651
6373
9381
3289
596
2288
7833
2629
4289
2262
1006
9410
5576
2674
6002
9955
1746
82
4251
2867
9537
5767
3384
8965
7870
7397
6130
8391
2976
6874
4990
2720
4922
2860
658
8072
9857
2954
1745
1895
1736
7044
9317
5221
5787
4919
6200
6145
1525
4544
3903
9917
5374
4642
4196
5958
7524
6723
8046
866
8900
1744
6223
1202
7237
1153
7306
167
9058
4872
9886
9601
7650
1938
5828
4450
9990
7248
9649
2385
8382
671
6600
6186
9880
5155
3008
8626
1894
6819
6172
2377
3754
4813
3965
8728
8241
3770
5041
2618
5642
2444
6517
6647
9394
3156
1199
1739
7757
6593
305
1894
9490
2658
1258
4684
4307
3405
1295
6988
5336
8504
9617
8510
1543
2436
5947
5814
3314
4873
1627
5013
1022
4124
6714
94
6539
6414
6778
3990
5156
190
8187
8229
3493
2319
6553
2505
2468
1540
4838
5433
7838
8359
1584
9255
7023
3017
8494
2463
4060
2563
8604
1436
9329
8476
9953
4026
2466
6835
2889
5478
2800
4588
8036
2401
2667
744
3834
3955
8558
3916
9097
7565
1116
196
8364
8039
1460
192
2842
7063
7123
3612
4297
2355
7127
7774
9021
8558
4812
281
272
6142
245
4814
3279
5359
7432
4274
3855
432
4278
5354
8939
4826
8805
4530
3083
1073
2956
7086
4978
5203
8027
3416
8980
638
5093
3544
3378
702
4571
882
2596
2164
4102
2824
1729
2370
2336
4832
4830
6146
463
353
8321
3175
4463
5991
8032
6379
4219
1702
8939
5895
1992
2042
2963
6225
4302
5981
4070
5952
8516
1890
9416
1467
3575
703
9294
1823
3446
8088
2538
1663
3421
7237
1487
6102
4733
3061
9056
9464
4900
3388
4569
3942
4366
2792
7897
9264
3415
6257
6859
4549
267
9087
8447
566
1469
438
9882
393
864
1388
3511
6810
8613
6907
1416
9483
5730
1425
1229
9499
5851
1380
8735
8773
9664
2260
1818
4735
2483
3657
7733
7667
2916
2907
9103
939
9915
2097
8856
2757
2641
593
2169
5046
3499
5445
4513
4539
819
463
6589
1338
4421
3475
1826
487
9540
2915
4714
131
3062
56
1225
8958
4771
3131
876
9437
2389
3044
8093
2135
4764
6554
84
5449
7729
649
2285
5322
9029
6050
4098
728
2485
9484
1478
8593
3820
1768
8766
4494
3061
2882
4747
7081
2187
1475
2040
112
576
148
2828
9026
2550
4141
4605
614
7101
4987
3042
6203
5802
5696
7074
5369
2816
355
6990
1606
1293
9673
3576
4293
1540
9196
9263
2665
1874
6615
3208
3608
3871
3972
4571
5370
4323
5500
5142
7713
1203
718
1522
9298
6023
2555
2848
929
5481
2893
3551
6635
8283
9544
9854
1468
6485
1641
8936
8946
6507
2651
1201
6201
5367
1368
3099
8660
4872
2220
6117
3581
6582
501
3009
4596
9504
6503
8129
6676
4340
8381
7405
1715
2251
6026
3363
4664
6190
1181
3211
486
2777
7298
470
3703
731
7349
7363
4180
247
4433
5549
4848
9146
8407
5381
1909
633
4906
2007
5942
54
5863
9755
4355
3310
6786
3803
5467
9827
9820
6236
9228
5329
7041
379
4070
735
7117
741
7325
9509
8815
3266
205
1140
8165
9279
936
8469
8551
1015
8907
6706
4864
1614
2959
9835
2678
3018
1354
3639
4571
478
1318
9480
5788
852
9466
7496
6566
8982
7572
8757
8121
6521
8664
3703
9125
6358
8562
1130
2001
6422
7639
2237
9930
2922
8922
7381
2104
9076
5530
8910
9773
3094
2216
9008
7654
7525
551
1786
2932
617
8876
8589
436
1444
7253
359
9450
2684
8038
7915
5341
2631
7918
8026
4619
4370
8904
3584
4253
8734
6173
2845
4998
2967
7991
8142
3253
1746
7649
3927
3785
6403
1850
1008
84
2985
104
7977
7016
7638
5273
1131
1279
3230
484
8509
7431
7147
2366
7200
7609
1178
6233
407
5082
6727
8535
6726
3883
8064
2252
9541
8075
7720
1297
7873
5421
6090
6981
3121
1204
5272
7006
8368
1882
5567
4733
6427
9760
7145
9152
3240
2608
5694
1680
7185
2094
4615
8859
9708
1805
1282
8108
5096
8334
9275
2006
7174
1938
8077
1440
3169
1441
1029
9866
812
4196
9198
7117
4455
8636
5455
3409
3069
5109
4253
1256
7678
2949
1694
5831
2515
5711
5468
6293
9251
5748
3601
3548
705
7785
1301
3837
4720
4883
3762
2944
8500
1967
160
3880
6934
3230
4018
9317
9652
9421
6139
1971
5682
35
8894
5824
6977
3220
2530
3515
1434
6275
4446
8616
6872
5412
7142
320
2975
8015
5810
4085
6076
4368
2759
5795
7163
7099
3093
6673
2479
380
205
7863
5506
1949
3868
9562
553
9521
40
5347
8658
9870
1829
621
4893
9288
2869
3965
8548
4807
8378
4284
3592
1770
5433
8992
6554
3253
3069
9353
1987
1334
2933
4503
5153
3590
8171
6936
5166
7499
4978
1743
2526
3337
7883
3760
4133
5272
2644
2840
7954
8673
7678
9322
4300
1219
5881
6036
6648
2258
4318
5392
132
9295
6713
2294
1411
2722
593
1855
9350
8595
7669
9252
5299
2649
1652
453
5780
522
7769
1973
8686
1921
6370
3155
188
2605
9323
7556
2984
4102
5980
1707
454
6122
3099
6346
1373
6838
6687
6114
8099
5168
2451
1991
7092
8065
83
8799
8702
1408
935
7657
9051
889
6713
8666
9916
893
4275
3298
1839
6611
8330
557
2413
9452
5345
2422
451
2020
5532
4118
4282
2628
7730
7418
7541
4949
5277
2562
4007
4799
2674
374
2462
4815
8071
995
1792
2695
8742
6451
5168
1423
301
6875
1693
8841
2270
2302
3992
3746
3498
2158
3295
4965
5461
9938
2251
8457
7926
7651
130
7227
3454
8993
3786
502
8018
9987
6443
9838
2038
2796
4768
8253
9768
5576
1002
8949
9639
2261
9168
8868
2542
3135
1846
1813
2720
9428
1001
8386
9713
4902
6757
5655
5263
5470
275
7075
7660
4398
3587
8104
7033
3119
9233
2129
2640
4329
6023
3347
3694
1217
2223
5068
8219
3948
7283
1608
6359
162
1683
2355
147
1806
7250
729
1674
9874
7950
6408
7050
5223
2138
8487
4498
9650
138
4464
9177
8065
9162
776
7736
1861
4106
1376
6806
3738
8474
5476
687
7506
3166
7520
464
7152
7343
3379
4561
5919
1870
4715
223
9843
5365
3632
453
6567
5468
8845
998
8949
1957
4856
7210
3221
4293
8035
2147
3981
2511
5307
9051
406
9422
9550
8315
4479
446
6618
5658
3307
6328
3328
9376
7989
6553
7607
3862
4532
3229
668
4381
9033
1773
4359
9591
7285
5699
9194
8773
5784
4853
1634
1278
1652
2582
8368
3305
2096
5573
2577
2184
5848
7983
7113
5153
6770
776
975
5561
1179
1489
3378
8831
7424
5270
6937
7379
5977
9544
4135
2177
1743
2594
9469
4078
5822
5370
9402
2238
1094
5654
2846
8943
7339
9863
8316
8645
2925
711
7325
5651
4690
5755
9361
67
7438
3445
8945
3186
8677
5896
384
6171
4055
5624
2864
2702
7578
7998
7824
9805
8854
1862
9587
35
4297
5605
3564
5985
1435
314
5093
2119
8731
3743
9344
9211
5560
7100
4948
6984
2797
1464
1577
7398
5428
1997
6622
162
1419
7143
9367
5467
1619
3049
9013
1624
1716
4557
3598
2761
5951
1845
4491
2520
8716
6530
9136
7340
8498
7536
6150
4506
5717
7532
3812
5175
2601
5523
4029
1359
5428
5737
354
2811
7026
8483
9160
2435
2050
641
6980
5616
8158
7803
5139
8652
5784
8039
9351
8009
8399
9428
4859
9690
9905
5271
6647
6594
8074
399
1599
1111
1771
247
3493
8067
1110
5575
9328
5303
5574
6807
6660
6379
3675
2690
2576
6166
5746
5507
4487
1479
4532
8926
582
8286
3861
125
7029
2490
3628
3605
7273
8864
6835
7957
9237
4612
1748
9147
2752
1048
5603
403
3090
3374
1355
620
4408
2587
7520
41
3911
698
7460
7713
4861
9961
8133
51
1650
2196
9219
6905
7390
9181
7999
3496
3717
9349
1039
3922
9181
9754
6047
1432
1264
8908
1825
5343
9917
2973
8405
2621
1256
6965
9683
272
3266
9807
4325
2828
1299
8340
5554
8511
5219
6210
3701
9955
8729
4248
8716
9375
3387
3425
3933
4442
548
6650
1314
3533
2147
5874
613
8564
448
6541
4439
7249
6953
5653
8361
6284
2683
4077
1102
7995
4749
1107
2008
3722
997
4226
6255
2408
9934
3345
2256
4238
305
6124
5538
9547
6032
7740
6532
4593
3666
2470
8945
8358
8680
7469
9446
296
4958
8484
74
865
4142
5316
604
5794
6190
8438
2011
3311
3065
2463
8878
2519
1963
2501
5348
8862
870
1409
645
8840
8626
6275
6760
5860
4849
4348
8686
1699
6561
5325
7547
1796
3514
7754
6229
8558
327
6010
4484
9433
17
5181
1146
9161
1351
1754
9612
6616
9802
9268
9246
5470
6997
8649
110
7712
2714
9111
2598
162
1207
9979
6500
5770
9799
2311
3639
9187
9716
719
7296
6858
5803
9473
7384
9961
1240
6511
8096
9438
1744
5082
8690
4807
238
3532
8503
1148
5621
6833
7090
8728
9604
6099
8346
565
4855
209
5094
132
42
1884
5120
9654
4248
2750
8827
1722
386
4567
7921
484
2204
1445
501
9029
2929
7663
6504
7837
582
62
4567
9786
7756
1369
3489
8923
1615
6315
998
5
5740
6899
9578
8081
3215
9112
6409
1105
1018
7159
5445
3293
7377
7658
5963
3375
9058
5287
9540
407
2131
7954
5975
5835
4500
5696
4556
5838
2659
3961
251
619
4062
7401
546
6255
8642
9539
5
8929
114
5426
8192
623
6308
2414
8376
6550
3910
6439
8880
4061
3902
338
3400
3791
8335
269
9663
5395
342
9135
2697
2522
1188
5073
3771
6756
4791
4276
2403
6479
4545
158
8421
8445
5385
420
4928
7600
8912
7813
5584
3349
2860
3808
7468
1387
7265
5523
2815
3678
1246
6818
8452
4116
7619
2960
8506
5892
8720
9101
8439
7262
4584
2556
2297
6810
7252
4784
7047
9153
3972
723
3623
1186
6785
2754
5305
7106
510
1735
9871
2163
8525
7636
1216
8207
8318
2906
2386
9298
833
2852
8981
770
348
3699
5279
6700
2057
8870
370
891
3591
2597
6441
9383
2513
5243
9777
7624
1467
285
3413
5302
7640
3963
2113
1311
9433
130
7144
84
7088
1660
7249
3456
6610
421
4748
2917
411
5674
6019
5637
4108
2864
2811
1562
4735
6414
8218
1618
7131
377
6818
7771
4579
6202
7515
9447
584
4061
8863
9196
2671
6201
8223
891
526
