6784
9976
7421
6794
5251
4156
5415
3156
993
6963
5663
2092
9258
7579
8662
2051
216
984
2816
2565
5312
5083
4712
1914
2769
9380
3860
8780
9018
6257
7043
7856
40
5985
9730
8563
9757
6745
5694
546
2188
7298
8387
294
8561
526
5219
5098
8334
3413
2691
9738
1535
7136
8527
602
4063
6401
6638
928
6276
8941
960
7343
21
3847
8148
769
6539
2555
3413
2688
9381
9059
2900
7505
8470
9081
5778
7613
8858
5802
5684
1037
422
9731
5657
1090
524
9083
9063
495
46
6141
65
8275
5578
5392
1701
630
2243
2484
3153
7008
1312
2956
3398
528
4510
9330
9029
2528
6929
7435
1062
1779
1351
5593
2056
4071
9981
2519
6322
6461
5324
6052
2408
8833
5387
9311
3898
4152
7896
1115
9350
2582
5600
4751
413
8922
3483
141
3218
1750
3878
2236
287
7550
2360
725
5202
1756
6902
1783
5525
302
4898
8407
1851
2205
621
9591
86
8698
4589
1937
8742
7143
2218
6849
956
4784
9827
5485
2988
7076
4862
3361
7857
100
8700
8331
2506
2582
1322
9264
7058
6854
1780
3177
2253
2010
2180
7197
9135
7713
5912
6172
1159
3927
9682
5942
2088
7383
9576
4102
6504
2814
204
2894
97
7223
1894
1824
2628
1129
7757
8022
9342
8217
294
1310
5683
5757
3363
3174
4775
3871
4364
896
5052
5722
9434
3826
4069
916
3904
7516
5480
5591
1205
3879
4642
1053
1804
3335
1637
3448
2277
7468
4205
4284
5628
4475
9728
2746
1566
532
2211
5321
2892
4400
5017
2275
6473
3464
5302
4265
8509
7157
4418
1156
6828
1103
5034
8586
8369
5092
6528
4904
8611
4136
7538
82
9466
483
9640
820
9067
268
871
8596
8526
8976
9602
6791
3697
8094
8625
3900
7989
642
4762
7545
4038
8684
603
3312
2712
8188
8057
8829
2429
301
2338
9615
8548
8667
5247
2160
6475
7922
9462
5427
181
1060
2860
6729
2502
4759
3848
8896
651
4601
8130
6185
7126
7472
7818
6388
5223
435
9301
5930
9239
3102
2433
1111
6606
1878
2570
9810
8932
9802
9190
8122
453
3265
1594
8159
5213
8182
2720
4377
1010
1117
5424
3833
1633
2785
1515
5259
4753
5259
9750
8980
9508
6929
5075
8766
3820
3849
4668
4061
8618
1512
8329
2493
9697
2827
1889
3594
8345
705
9068
6268
5440
7059
4999
7981
907
1009
289
872
1146
2523
9730
3791
121
8184
1388
4009
6818
3990
6505
3222
5408
6143
2132
1104
9631
8421
388
561
5007
2810
3250
4459
9144
7982
5771
264
6311
7605
2593
4238
2662
2132
349
7230
3993
616
3919
1626
1733
516
7974
2481
3851
6661
4218
424
2738
563
4854
5526
1779
9590
3668
3644
9934
322
9521
6175
1961
2913
9823
9699
2009
4988
7417
9766
3321
9254
4753
6103
5095
8980
6342
9857
174
2413
7761
3832
1326
7674
2190
5854
952
5913
6119
802
629
996
9756
5478
9335
3945
8351
5771
9159
1318
2668
459
44
9620
726
5651
2253
3740
9821
7419
7374
8074
6395
7587
5095
3965
4909
7004
9267
6711
207
8337
4611
2456
2608
7040
7474
9521
7477
4456
1012
7287
825
9184
5351
2727
7442
1986
9980
5776
7599
5250
335
4833
5741
5359
7281
160
8601
2469
1879
7860
7360
6829
8107
1504
8882
9906
240
7613
7268
32
3252
3458
7621
4138
9230
1699
2969
5784
4022
9779
2881
2316
9972
9543
4779
8415
9568
6168
1493
6125
5529
7460
5789
5194
225
2754
8004
543
9157
5217
3394
1701
2571
3420
835
6445
7172
7003
2350
8009
3424
7609
1574
8315
5521
5166
5001
6264
9912
6456
7829
6376
5308
6891
9755
3980
5257
8546
9612
8220
724
5024
7121
1133
4045
3320
7815
4636
6925
5893
8022
6106
3439
6423
210
4323
5979
4603
1306
252
5613
213
1470
2841
1316
3213
6846
8904
9895
7971
1502
8317
8130
3552
3253
7643
5102
1562
6021
9068
6990
4228
7397
5805
741
8704
4105
4297
8614
1346
8787
193
5651
8674
5059
4708
3511
9453
1194
7521
2719
4249
3452
2822
8626
9843
532
835
2754
359
3697
7840
9627
1563
4718
3464
7240
8729
288
8193
6757
6215
5848
6777
9086
5476
5896
815
1159
4481
1187
5194
485
4857
124
8890
4233
1038
7264
73
5789
4610
8032
2782
2087
8496
9831
3070
2410
933
2426
5007
1020
9981
509
8906
147
6878
1842
8556
4824
8875
5820
554
5741
2710
8882
1758
9050
5814
9422
5058
6451
1008
5333
6936
3174
9285
4994
8243
4353
2952
7691
7430
8720
1130
4805
327
8308
5012
4868
8304
4847
4976
954
2130
9355
2805
5872
2069
1786
93
1138
3105
8024
7044
5989
1986
4381
1199
4148
796
3024
8679
344
1835
1573
577
614
7540
2486
1003
994
7470
6943
7524
2449
8007
5443
9913
4204
388
6525
4280
7792
4953
5553
2947
5906
2849
2832
9010
7265
4283
298
3285
9012
9057
398
4101
3442
2550
3741
3814
4224
9131
6061
5644
1908
7726
7433
3622
4969
2351
1670
8299
4204
9040
8816
7295
34
185
7730
6466
9164
9526
8565
4614
1507
3213
4576
8092
3310
6879
7629
1801
1459
4075
8301
10
9305
8825
6529
9841
6715
4778
649
4378
6233
7001
9386
7327
1545
206
2392
899
3419
6063
5332
4783
3465
4835
1342
9480
765
5845
475
5273
9517
6337
3793
6898
4562
3070
1440
8701
6951
6888
8907
3176
7612
8585
1700
1028
6617
4163
8837
4809
8704
9228
8122
7204
6283
3111
6877
750
9861
3147
7993
9178
5029
4994
8592
6346
4260
5424
376
3519
7376
1534
6432
5899
4649
6850
1856
8516
5832
4189
6078
5304
3200
9504
3501
5576
2524
556
9248
1842
4632
8549
9725
7615
4540
9442
8332
6373
3523
8115
1614
2506
7626
4367
5627
9622
2515
9129
5971
7091
7513
8943
2854
4852
4958
9263
1104
7487
9681
4902
2204
7128
2539
343
8521
364
9384
9044
1978
9559
5042
9467
3622
1538
9097
8432
944
6844
2240
5699
6130
9092
3217
9134
3122
16
6672
4622
7079
7149
5052
843
4340
4820
6690
1845
4898
7589
6172
861
3565
147
5863
2973
1989
3324
3634
5749
3172
9203
9154
7603
1423
8971
3282
142
7878
4210
4648
6431
5365
3815
8163
5213
1949
4970
2448
2676
3741
6431
2988
6336
4025
2559
4948
1388
3085
9387
2296
4321
5355
7165
6638
6909
240
2221
2642
8162
549
7484
7595
8152
1088
8257
1465
1217
5483
8142
9179
3126
9516
2382
9325
5939
3844
9613
1342
8235
8180
7636
1695
4025
5128
2127
9559
5173
9399
7165
7764
752
8723
8579
4205
1228
6251
9518
339
7850
1328
3619
7189
4257
2901
3236
3602
5592
7551
4866
6632
688
6172
1802
5004
6977
704
9901
3827
2448
5482
7663
77
9945
2277
1180
2305
4383
5914
5266
3395
8365
4627
6399
9939
1080
4155
9720
1727
8355
1761
6418
9896
1742
5834
4577
9586
9484
310
6603
7524
8272
2059
4216
9712
4372
3246
6201
5053
549
1953
1345
1951
9470
3750
1956
4968
1471
9665
7867
4056
5065
8683
9425
9648
3641
323
4510
6597
4831
6351
3229
8159
8491
1952
7739
7489
1107
1971
47
3155
8658
948
593
7914
6736
5694
1560
8330
874
6189
7011
7986
1166
4132
4675
4629
8022
2953
3892
9913
2238
9374
5335
2312
1475
1612
9853
8164
9355
4296
9714
3320
3883
7079
9779
2857
1688
2446
3597
1387
9085
7313
6004
2592
4390
6413
5740
7947
8119
9842
5816
675
6653
2984
3293
579
4638
2418
4209
7326
223
320
342
9087
7330
8078
5821
4431
9690
5306
8152
176
1069
2211
5041
9846
3092
653
2320
9238
4994
4753
2221
3862
1071
4224
8466
8563
4000
5048
3260
498
7380
8800
558
8702
4189
1725
242
7616
1273
3959
6653
8077
6205
9318
190
1401
6381
358
7571
3705
5818
8921
3815
2374
1448
187
2668
1277
7691
7921
4305
484
7454
3227
9200
5495
383
7161
7367
9792
5210
3497
9360
6453
9680
5006
4463
4780
5844
4412
2440
6473
9827
4976
6523
4904
2381
7389
5549
885
9812
5201
7332
1384
4016
6950
9950
8831
3212
2276
2527
4164
7729
659
5221
9550
4204
9070
7129
4195
8943
7668
6949
9354
8097
6649
8860
366
3618
5737
2315
8799
6336
636
2138
7203
3199
4692
62
2154
1320
4979
4126
1599
6177
7210
4032
58
213
6028
384
4418
5071
6962
8220
7392
168
1767
1247
1662
7211
7715
4904
3823
6898
3653
9126
9960
6415
9466
3346
7132
3240
8650
2889
3525
1663
3345
1909
4478
2749
523
3319
9278
7755
5321
5587
8766
7197
6448
3543
8700
3739
3232
2681
56
6749
2242
5613
507
9427
1291
6304
7480
5262
7949
5907
4187
9663
6477
7303
5374
3193
5023
9730
4970
4917
9709
9740
8938
1827
6215
1817
9802
3767
7924
6466
31
1895
2678
2290
609
3808
4956
6762
5363
1536
3281
7057
3956
6900
7345
8444
5309
7662
7852
2278
7178
1762
4259
9772
9222
3901
8320
6984
6974
6483
1458
311
3016
7220
5909
6953
6093
9338
3232
2949
6529
5249
3848
9254
7412
5379
562
4022
6864
2143
6214
8598
4770
6197
2575
7095
422
8177
46
792
7660
866
4015
2028
311
4838
7267
9335
4659
1620
4540
4949
9782
277
7479
9687
2479
5263
4244
5435
2315
8768
4273
2006
951
3219
8100
1713
8064
8818
3751
158
2246
1337
2766
1589
4895
3811
1892
495
6776
9571
5251
6718
8021
3920
2691
4055
7162
1390
4201
1197
6818
1525
6097
507
988
3728
6391
6318
1990
5077
2350
5069
8066
8636
6403
7206
8069
1021
6188
5894
9342
5546
4554
2244
5380
5510
7646
9194
856
8625
4392
2097
8553
9586
9066
4984
4694
7712
1803
5442
6494
7276
8839
6729
1843
4238
9796
4818
7613
4106
8639
8687
4203
9807
309
9562
2277
7996
6638
3893
9613
4383
9219
6763
4003
4540
9568
9218
887
7270
8789
7024
2106
1277
854
215
6749
9188
1154
6207
8475
1213
6657
7518
4963
9380
6647
5270
3869
2565
4405
6203
3405
6458
3982
543
8565
7941
9031
5564
3909
4134
1256
8094
3454
5130
8319
6426
8037
8225
6628
4031
9571
8218
1974
9000
2296
2333
5140
5946
3711
9076
8105
4480
6269
4375
702
337
7699
4659
7779
1515
3060
7846
3833
9214
5952
9625
598
4903
8686
7386
2939
2919
9336
9941
6402
8464
5680
2671
7841
9260
8929
5887
6988
8441
336
8762
4919
3685
7873
9241
7336
7330
4902
7480
2011
7638
3138
6429
511
4993
2684
7843
5438
3708
223
2595
3562
3515
6318
2526
6594
2798
5189
6297
3380
9482
6394
5990
8684
9214
4531
3483
8795
9141
5921
1457
4323
984
3801
5658
558
4365
8324
5104
799
6560
9244
8343
1920
5852
3911
6734
3274
2581
6832
7223
9603
4661
3744
6384
66
1346
7964
8909
5038
6777
3320
5236
8804
6921
8809
6453
9527
6686
72
1620
3122
9000
979
7444
3673
8599
4493
9298
2654
9430
3158
2603
1615
8065
8469
1339
7900
4
2561
9507
3622
6113
5359
1814
9603
1613
5830
1568
4142
3000
5054
1108
3868
1880
5815
6160
4121
7441
1174
4127
8081
7587
6218
9979
2235
415
8173
4828
6703
935
5846
8434
9863
2497
1723
9163
9764
4984
8483
2145
1096
7808
3386
6403
6128
1332
9709
3182
3237
5373
7013
1992
1544
2145
4770
3689
2026
3365
8908
3943
8590
4688
9006
508
8694
4238
1407
7638
5098
5694
5957
9323
9527
6953
6078
9846
1667
9343
7417
4531
2191
4912
3375
3778
6550
6963
9728
5579
7890
151
8439
2751
894
6195
4511
7735
3205
1628
6303
8108
5049
227
9760
6034
3888
216
2080
3553
5257
447
4415
6977
4908
1213
1367
8065
6336
4095
5785
7988
6598
2807
9937
2618
8082
1253
8859
8726
6426
5086
9471
7217
9238
8043
9304
6458
5495
304
6531
3159
7061
8919
3235
4397
929
4408
1585
8649
1241
6408
6416
3305
1578
4812
5663
4889
7359
5240
2423
7629
4375
9912
4516
5256
1941
3545
7201
1191
3521
6549
2876
4158
9612
6426
2264
4668
7760
5686
2225
8157
470
4417
7627
8380
8161
2983
2835
9923
8824
7105
4423
5073
6817
9086
9777
230
5769
1411
9742
78
2784
3116
5933
7239
5665
7613
8707
7473
79
9755
1980
786
314
1856
5212
227
3025
6702
5971
4138
2834
2883
398
7668
2125
7269
1738
1823
1654
6027
6276
2513
2057
152
3548
9753
6872
4373
8728
8192
176
2937
7653
6539
2298
4503
4408
2928
3981
7205
7634
9635
32
5172
3058
3308
8893
1089
7716
2374
3314
1463
5527
2710
801
6750
5549
9814
8871
5092
9995
4589
793
3062
6560
9997
9418
5868
8339
8409
1129
7022
245
1841
5063
503
5621
7595
727
1445
9778
2480
3550
6617
4459
672
3834
369
2098
6658
3535
9199
5744
3917
3660
7686
1762
3420
7021
1665
4512
4897
249
3968
4542
665
9307
2671
3948
1607
1422
5877
6872
768
7745
4422
4083
6243
6202
5493
8545
2579
4950
3850
7722
370
6783
1532
4909
8843
6247
1147
5525
7484
3905
6204
5459
8863
7167
1138
9402
9843
3317
9989
4538
1820
124
2578
7813
8867
435
511
1421
7579
4304
377
6190
3650
261
3900
2744
8159
9405
9934
4036
2606
6549
8216
1815
4598
9751
7266
4965
5860
5234
5546
7549
5813
6278
4817
4051
2309
8731
8290
8235
7375
2145
3952
2320
9759
1665
7179
6740
3132
4259
8750
8434
5564
1113
4216
6255
2291
8328
5636
7615
4572
6151
8440
4468
7010
2096
2631
2145
6843
7396
7811
9357
1410
8747
4771
355
1151
4553
2620
9111
2453
6604
1903
4658
1145
8529
4335
2654
8602
9766
2253
7613
3872
9418
498
2563
1253
8017
8600
5
4523
2564
8549
9113
569
9829
9621
1357
9926
8288
8163
5475
8736
6348
4372
7642
1752
6977
1777
936
5630
3636
8767
6627
6693
6478
9532
6399
8787
8875
3703
2241
280
3709
9565
7075
7608
625
8748
4000
2262
185
7045
6847
4430
3641
8643
3500
5935
541
8291
1249
3028
9287
2655
8421
7790
2759
6746
1243
9616
9874
826
7275
6918
4789
3101
573
5522
3299
4858
5889
4964
6138
342
8972
7558
9444
7439
1469
6177
8281
1544
3790
1792
7538
8001
966
975
2264
8738
5819
1471
5467
6836
7668
2169
4943
2076
9997
4988
3664
6485
5700
3237
2742
4888
1120
9194
6163
3371
9169
9923
1082
692
7858
6149
3162
1288
9355
7420
5271
2389
5155
5861
5290
2488
9427
8949
462
7483
710
5145
7708
3615
3132
1516
6961
5010
1278
2526
6362
9212
4908
1623
3378
5740
8449
7000
2802
5098
7432
1705
9191
6121
9128
6597
8418
2107
8299
5791
7272
5104
9772
6159
6362
5661
8623
6348
1759
7045
8906
9208
9644
8599
8849
4371
9958
7923
9376
2636
159
8570
1041
9883
8892
7681
7581
9236
9271
1777
5727
3993
5616
4015
7268
9840
2910
2771
2879
6107
3988
2151
5177
4442
3166
7358
9333
3497
3050
1870
5682
3719
6612
7659
6473
8805
3962
8290
198
8406
9950
959
1940
3321
8778
747
8913
9088
7693
4885
1457
4509
8116
7308
3342
6664
3012
8918
8060
7871
7315
5264
3531
2827
4518
9459
1349
9354
8005
9679
8360
2398
699
9095
1390
6994
9546
7960
5975
5524
3691
9543
5640
836
1266
6486
8477
2439
1904
1283
5018
584
8643
7582
6687
3676
8648
8884
2586
128
6769
8428
1750
242
3025
3758
6272
7112
8003
8763
7291
6880
5627
6621
4714
9638
4228
7323
58
3931
8729
2681
4034
2616
4511
794
8579
7615
5839
499
5849
3946
4658
5902
1540
7795
6485
1079
4160
5727
7883
3783
607
9752
3730
5338
2649
7941
9181
7007
6618
6312
6145
3116
3610
4132
2860
91
4602
9912
895
9061
8457
6701
76
9129
8326
920
2714
4888
6416
9996
7077
6465
7657
351
3715
1028
4426
55
7858
9077
9712
8561
5548
255
8244
4286
7676
3859
136
2251
4347
4124
108
9979
2803
5391
4753
4019
9349
6500
4501
9329
4821
6779
3149
618
4947
9582
9473
15
9253
9441
8896
1499
5535
280
8821
3132
661
982
4081
6091
1063
1741
9896
7786
9259
7894
9368
5657
7673
3086
9635
2980
3039
6684
6669
8685
3189
715
2977
6081
5883
8024
5199
6506
414
7530
7952
1089
5817
9976
7290
8461
6120
8331
1022
8924
7096
3250
5039
8605
2859
9404
8589
9624
8951
8454
5679
8347
7758
4448
5136
5585
1480
318
5600
3233
3164
4648
4379
6993
2830
1102
5574
5908
5170
700
1797
9703
2270
1798
490
1556
3342
1872
3785
4673
4545
9485
7767
9241
6913
4514
1920
8308
6288
2805
6007
9893
5742
5047
6920
8176
9846
6540
4905
1014
2072
115
9056
7966
2610
3526
7342
5266
4679
2240
3977
3235
3665
8085
4119
2378
6835
6867
2966
1020
4615
5715
4296
7001
5591
7884
5596
1826
5863
836
9432
9636
7375
6995
8546
6373
9398
5751
3790
6714
7001
8190
1138
2563
2316
195
8485
979
6007
5000
6389
3263
4706
3036
4552
2883
3147
4281
5131
7563
9812
8604
614
1669
5002
1554
6928
657
1807
2876
1214
5809
6137
8127
1575
4739
4820
9931
2884
2072
482
5077
1539
9824
1683
7282
1498
8980
3791
5123
9144
5760
5600
6824
2951
763
8845
4098
6270
9956
8401
2506
3
235
6443
71
7710
7913
1310
7407
5160
9740
6440
1390
9746
6211
4575
9772
5058
3155
8903
3054
4968
1668
4801
4651
6240
267
8510
2233
32
8356
6081
4323
4784
1899
946
8506
5977
6952
2014
8502
7750
1029
2684
3398
5591
9068
6539
923
2533
3858
5958
2142
2800
4347
8938
3113
1715
9896
366
3129
1545
2276
7857
8286
7929
7750
6850
8860
3501
5219
7464
129
9361
2548
306
9699
1702
4048
921
1605
774
8646
3137
9174
9121
8697
9294
9607
1078
3207
7764
9047
7758
7176
902
2749
6931
4208
9296
880
1022
5905
5377
8406
445
560
5247
6024
2307
9569
1342
6398
569
3442
7564
2620
1634
8642
4691
8760
1165
4044
5730
759
2643
1876
8709
4612
7472
4076
8592
6940
8111
9875
3579
2200
3470
3771
3303
6648
5601
3573
9631
6009
5618
9915
3465
387
1286
7066
3948
6081
682
955
5644
445
4924
7724
5536
2231
1190
1535
5701
8290
4646
1198
5019
6044
6985
4890
8973
9016
5941
2383
9406
3370
2774
8069
6799
5374
400
550
8077
2693
1651
583
3463
1677
7357
6324
4845
3867
5481
8797
7684
840
3749
7559
7878
2086
3537
9488
5942
701
9315
803
6705
9014
9576
6948
5072
1586
6837
8968
2826
8264
8315
6452
8038
8875
329
2929
3662
9844
1643
9897
1264
640
8161
9969
2350
7624
8682
5506
3029
1465
5935
2565
3546
8240
2108
7035
1056
9796
3433
2726
9751
9487
6295
4712
4750
5610
3365
7446
2825
1189
3314
7096
6349
3488
3613
4672
6184
2760
1145
884
1087
2257
3404
6474
2063
3916
1222
2399
756
3894
7119
6611
7896
2285
3673
5397
6403
9680
6357
6775
1264
1986
7697
3469
7809
4234
95
5416
5001
1738
417
73
4295
7417
8768
196
5346
8367
8011
67
8784
7613
4268
3987
7521
519
1511
7007
5096
4319
3293
9096
6169
7263
2621
9870
4365
4675
249
3197
6899
8864
6326
438
3346
2053
8429
1641
9673
893
2238
1980
951
4637
2885
8555
3494
1936
7109
124
289
3485
3008
6781
5431
3649
7208
9149
8456
3983
1888
9075
9964
9201
7116
4015
8563
3449
7895
7851
8039
4376
20
7694
4957
9210
7372
6445
859
6157
3989
9998
7843
6796
4195
5978
1373
2044
6616
7326
5092
8658
2232
7423
8646
1934
312
4439
8431
3177
3044
6080
4127
7526
5407
5068
3831
8
5813
9535
6292
9904
173
9818
8082
9617
8378
4564
417
7523
1329
9318
1685
8415
852
1988
3047
2045
7501
3955
2649
4184
4726
1563
1239
8907
3925
4539
2057
1803
518
8148
6325
2384
3040
4835
3889
1728
9849
5134
4022
314
4037
4441
8640
92
2458
2517
2482
3026
5679
2759
2486
5756
1379
1937
8946
3898
5417
2319
6214
9574
8369
8623
3346
1678
8018
4462
2293
8557
1812
11
1920
3190
4858
3643
2792
2764
8508
7848
3834
3296
8739
8422
2825
1687
381
116
4708
743
5328
6107
1955
3935
1867
3927
7423
224
216
9694
7969
876
302
9281
7570
5338
7651
159
2434
6290
3007
3073
8661
2603
3755
3189
8807
9038
4712
7594
7680
4935
4221
3508
1843
6296
9848
1821
2128
6842
821
8633
1178
8945
2556
6500
1314
9002
213
1898
8018
2148
4551
7890
6966
7784
8365
5816
8756
4694
9306
6069
7612
2685
3156
2014
4123
887
1595
7974
5498
1487
9965
5441
8435
9712
4098
5542
6691
9899
7330
9135
9851
7556
6199
7968
6080
7562
7405
4930
755
4257
7973
1387
7691
30
9065
9804
4110
7326
3466
3799
9455
2915
6245
8218
5857
6444
1092
540
809
6752
8656
5699
6881
7431
2420
3968
1625
5637
9821
4232
104
3348
2046
6751
3297
9261
4097
8243
8401
4642
4311
7458
4244
9067
1888
5034
5239
8971
6949
4251
1528
3662
3090
8170
1657
3153
5746
1685
1812
1182
6611
2862
3945
291
9593
1766
5778
862
2382
9655
2519
2199
8823
3261
6045
8474
802
6034
6458
687
5963
5046
4100
776
3389
6808
839
2934
6853
9859
5589
2088
4435
6663
9591
4850
682
9938
242
3718
3351
9499
9621
2065
8862
3275
5007
8164
6863
7369
717
4414
3080
3153
6513
9554
7284
6256
3774
762
2465
8286
2368
9272
4031
1912
7336
9301
8884
1064
3781
8248
8941
8420
878
996
3519
5569
1868
9758
1436
2129
8357
5962
7872
4576
2403
4449
8011
8918
1091
7761
3161
2522
8297
3729
7837
2644
4128
3663
589
3021
9599
8505
8182
5990
2199
8452
4463
1841
8650
2060
5724
3919
8454
9256
3833
4391
1854
249
8518
2704
3241
7791
8066
9963
467
56
6048
1392
6306
1510
9607
2900
3332
6380
3909
6084
4644
7877
6499
7216
7931
7376
8707
8519
7443
1868
9157
8538
3286
2060
8730
4960
9061
7096
2960
6982
7668
6496
2828
2576
5107
8988
9590
7681
9864
7605
6846
3955
4696
1178
7740
371
1732
7856
8021
8044
5888
5754
5434
9582
1471
8256
2026
6315
8746
9135
6343
142
5423
381
4614
248
4742
8071
6336
7768
8687
7849
8182
3174
1879
5657
2433
2989
9802
5680
5607
2259
8050
6646
1594
3670
8525
5241
1946
1652
2381
2650
7035
359
408
4692
1265
3899
544
1257
1543
61
6109
4379
4912
6979
7174
1428
3380
4146
207
435
8060
6159
413
3108
8473
3222
3604
5050
9999
864
6529
2075
6079
2901
8084
9192
4721
6862
6164
375
9040
4965
9655
7824
1920
8539
1481
2112
6891
4966
4873
3997
8104
117
3828
7895
7693
8242
8409
7607
2747
5923
7195
9431
6536
8572
5237
9854
6043
884
4359
9670
1775
3618
8367
3019
7770
5637
4883
610
9352
7261
1067
2723
9952
9817
4747
9925
1144
5934
7742
3925
8244
5968
30
4914
9466
1552
3040
2856
5361
8835
3181
9336
8440
1898
842
2784
755
3443
5961
4492
7951
8796
1352
1480
2951
9823
8312
9488
2095
7182
6824
311
8910
7644
8671
4369
5913
4902
7721
9709
7513
8044
1289
7810
5326
9232
2684
1732
5134
7930
5550
2019
1270
7125
5974
6065
65
1402
2156
1246
550
6871
6235
2
2939
2635
1266
8294
1432
9888
4452
463
3287
3670
431
8279
647
8648
1818
9226
4799
3869
4199
3995
6847
4526
2760
9217
4643
9391
1261
1409
1985
9051
4684
2969
1217
2336
5130
7605
3100
4868
9797
1698
2701
9043
7988
7469
5029
3526
6742
5207
9963
5218
9479
9080
3903
4330
7569
1372
2959
3441
4463
1886
5875
1616
2109
5856
2755
5952
1355
7412
1641
1637
7376
2730
6737
5912
332
2295
1645
6399
8181
6926
3028
2794
643
350
4106
109
2391
3255
7755
2773
4710
2137
3009
2985
1427
1980
1990
7615
378
2950
8867
1207
3850
5516
9078
4632
6122
7032
2514
2693
6380
1379
192
8124
7726
1664
1012
5323
2093
4021
9307
719
7332
8934
7999
58
5203
2400
1901
7872
1019
7055
9294
4479
2709
1020
1025
472
6082
7414
922
1118
3549
5819
467
5258
7997
7172
3904
1352
6935
9483
3025
2898
3824
8425
2465
2904
6495
4224
9932
5016
9665
7346
6125
1391
2982
7517
2772
7980
5289
6179
823
7101
5742
5722
9488
9833
4019
5084
5028
7753
1161
4124
3651
5059
108
566
8011
3285
5453
6337
5959
9963
5633
7397
597
381
1154
7123
4085
5239
5587
6373
6014
9222
2449
7442
1690
7868
1893
6478
2850
4545
8166
2124
6916
2790
8428
1393
2448
7223
9135
4375
7779
2732
3838
6794
9210
2667
8811
3314
8760
2542
3347
4334
9938
3293
3868
4425
8088
3688
8407
124
6014
6724
804
2304
5913
6431
4677
9422
2293
576
9915
165
5810
2480
6604
8966
4448
5087
8231
5855
6591
4469
6286
5971
5257
6726
3185
8227
8891
8401
7292
2347
6158
2693
1094
3963
3172
5841
1098
3536
4862
4886
3459
9599
5323
1962
9825
4941
5962
7756
856
2126
1840
5568
9399
2600
6757
5014
1126
7683
793
203
6408
7503
9524
203
6832
34
155
8736
1728
9597
8399
2716
2461
5913
7055
3536
142
4051
9021
9335
3716
8562
8382
386
2659
3713
8619
3088
7149
5469
853
5369
4848
4428
6501
919
6662
9496
8802
6050
8747
6647
43
8662
2780
456
5236
7012
9322
7996
5181
7122
3325
5791
5822
623
4997
2146
8671
2439
7628
230
9635
2831
6376
2438
9141
5214
2988
4401
5083
5449
7790
2787
1831
2569
8035
5216
8589
9050
2215
7948
5630
4755
6585
3882
8642
7581
3826
7934
6869
9473
1622
561
1896
1203
1027
721
1064
5461
5238
9682
7324
1881
7006
6997
6295
295
8376
132
7918
2519
4745
7031
9588
8380
9162
1286
8208
1854
8957
8091
4544
5969
670
1858
4631
4919
7637
3633
1698
6015
840
4862
1928
1688
5070
8866
1983
1158
4174
8520
1964
4687
4549
3953
6194
8675
7222
7543
3212
902
3819
8028
581
9836
1850
1374
6324
4591
8996
3849
326
9008
8439
1386
2115
2920
9170
5084
7635
217
121
2689
4553
8086
4334
8365
6045
1211
9471
6034
3912
3867
2144
532
6472
1748
1197
9785
6388
129
4273
9663
6105
3052
2469
4425
7714
1805
1264
4791
8038
5476
7084
5090
843
3039
7897
1969
6217
8200
4187
3194
9290
8030
4527
4632
6541
4655
2971
4614
3785
7247
6915
133
6127
5175
9031
3136
8776
5549
521
6281
3261
1691
717
1295
2966
31
746
9455
346
9535
3981
5076
821
8758
2348
2957
696
2815
4008
1929
6921
2029
9675
7089
1339
133
6769
9042
377
9514
2164
7013
4844
6386
8639
1341
3133
3737
6084
4381
435
2370
953
7667
8221
2021
6972
7093
4108
186
4728
1782
9064
9009
7952
2277
1331
2955
6343
5443
8410
4136
1794
7823
9015
4238
8150
5599
6020
1490
2571
4749
1018
5543
2290
9964
9927
4992
4547
6981
3070
5507
7934
1922
9496
3645
5667
4070
2505
3452
6670
616
1150
5532
1402
3962
4289
9201
9686
6314
2255
7054
6628
1892
7617
5233
846
8097
8374
1931
2436
5473
610
4031
7104
3361
1151
85
2155
2968
530
8428
1640
2852
8169
7594
862
2220
5024
2305
5395
2721
7538
6945
7459
7046
3229
5459
7920
6809
1774
841
5715
701
7212
544
2337
8805
4912
1567
7130
7599
8882
3279
6314
107
9615
6838
7586
8519
294
2465
6161
8184
1106
3950
5675
3111
4385
7124
5612
4549
7044
5423
2726
3485
6831
9851
2277
245
5808
8797
6532
6687
5308
1977
1705
5266
7301
6035
2491
2416
2504
2277
7396
1860
8882
2250
9105
587
8067
6341
8678
7948
7466
5089
6910
6196
7200
437
9104
4802
9522
4627
2942
1644
7221
4814
2807
7772
9806
598
4108
6795
8361
3058
576
6969
3271
6088
440
7622
901
6859
3122
719
3271
1218
9602
440
9763
177
6662
3394
9034
8470
6859
6890
7585
3587
2394
4526
2222
3747
8202
6092
655
8506
8953
7113
5747
8285
4901
8827
972
2715
6180
9108
1532
2295
8147
8763
380
1459
7324
4953
6044
2538
8784
3500
4324
5354
756
9851
3433
3485
8105
4311
1452
6803
6307
3802
7036
413
2315
2800
1100
7544
8576
7438
3454
6227
2280
1539
2495
3887
9156
2505
8876
1475
3233
584
9410
2825
7691
2024
8036
8489
9740
2640
2453
7551
7170
3904
213
6459
3807
8407
9192
1557
4394
66
7458
731
6770
8946
2703
985
5347
3065
703
36
8961
5520
4046
2371
7601
2520
2274
138
6551
2955
4061
9988
1850
5470
8435
44
196
598
5605
3288
9574
7091
7756
3475
440
4349
4321
9894
5949
7482
1544
5234
1941
42
2718
9612
1436
9935
8135
4533
2512
6588
3370
8741
3871
9976
3017
3236
1359
7807
2039
5349
2744
9174
5086
9471
5100
9129
7001
9528
5398
7762
5868
49
8320
4232
7924
3448
1742
5810
8760
3358
7992
7094
5454
9910
7750
8211
8843
1622
947
7943
1090
6846
8196
1646
7534
9170
5442
5384
3403
2805
4242
2581
5038
4436
3654
9199
3652
492
4557
1476
6600
6489
7237
6399
7230
2940
3521
7298
125
3815
3829
5026
170
632
2014
5839
1615
33
7919
4559
3802
7200
7462
2966
8065
8720
8605
7539
7780
1594
2524
330
1947
8041
1403
9657
7326
8217
917
6778
3492
8027
1721
6292
5010
9096
6010
7006
3573
5279
6918
7585
8571
6669
7940
7001
1676
1576
8070
3544
502
408
4974
1255
7862
6867
7917
1482
1218
467
167
7582
9538
3077
8706
3473
368
3841
1036
398
3525
2465
5468
6356
6834
1088
9361
4818
5152
8641
9496
3778
8991
649
4649
1119
7227
4138
1504
1012
4269
5165
7033
1010
1838
2010
6836
5613
1254
3911
8105
1108
8994
9243
3109
6843
9347
3278
6834
5319
8019
2879
6628
8341
6195
5265
7600
4647
2688
9027
9895
3756
853
3451
832
9659
7929
5550
676
3228
3944
6142
7123
4899
352
9760
6532
4361
7554
2729
8825
1289
744
4758
9489
1684
8566
3364
2695
3490
6825
4178
2151
5926
4204
8305
8449
5772
3305
9924
1926
6705
2236
8522
9791
2799
9299
8374
1982
8596
9570
5975
6828
4494
164
6889
2625
7637
1707
9175
4177
5381
616
9274
3300
9190
6822
3683
3342
5881
2785
6417
3933
642
9700
6624
5522
7501
6544
3054
6774
6430
6936
11
2685
4569
3209
4828
4168
8570
4824
4044
2884
6947
7683
1696
5360
3328
1609
3157
9357
2055
2181
2585
5342
7009
9077
5746
9758
1760
5226
6927
3392
2525
7352
1545
946
6127
9133
5045
3051
8777
6735
8841
2403
3088
6813
7976
3746
1191
5431
3276
5184
1322
3706
9663
6332
1428
9555
8022
4376
3197
5301
9627
4593
5939
5478
1877
5229
6963
6387
6342
797
6580
3524
209
3890
9073
4731
3285
4636
9681
7893
4667
7277
4277
7075
6232
9532
157
1874
4287
6837
5559
2854
2199
5677
6389
8774
3139
5028
697
7056
8452
8643
7824
7629
2632
4885
3657
2687
3484
8546
3969
5367
8806
7750
9292
8132
5368
6225
6545
629
8081
6007
7330
7664
7222
8583
1015
1403
5704
1113
3350
8647
5970
177
7281
9500
9890
432
7757
8703
6145
2169
2330
6449
1457
993
6723
5745
9810
3456
4548
3458
5488
9444
6803
8279
8013
1396
8077
8714
8583
9618
2590
8028
4741
7546
3195
3542
7731
1847
8608
8223
8728
2885
7745
8214
6496
7841
5071
815
8859
2092
5354
3643
6161
46
1789
1823
3872
9672
3867
599
4771
8242
9843
5427
8305
6706
7042
959
6880
494
8662
2177
5604
3177
9291
2140
1815
4809
3620
5441
1398
250
135
9733
7350
1467
7557
1309
9938
1285
9380
9077
5938
4780
5211
5169
8553
5422
7370
6187
907
6505
1732
4411
6009
4201
6650
693
75
7375
3253
8667
5240
2141
8735
4931
1013
2893
350
388
6744
2290
9134
6650
6519
7910
7946
8233
3618
5714
4263
109
8906
2508
5629
2864
2605
7499
7123
8181
719
9126
8342
8738
8133
1466
3413
8907
4865
9882
2780
8312
3302
2641
2572
9688
9991
163
5139
6959
5632
6353
589
507
3968
5003
2182
3764
9074
3840
2106
514
9542
1313
8700
1113
6721
6580
8655
6671
5566
6325
2100
574
6495
7398
5857
3540
9956
454
6922
9943
7350
7104
4815
1175
5649
4394
7266
6876
6700
1294
4307
9214
8582
3814
714
1108
9999
208
5088
7172
2208
6113
7514
568
2936
6038
7890
5506
5172
3397
820
7062
5129
3826
9795
7206
1761
3614
8341
923
7024
7721
9842
6926
851
8248
3956
7703
5316
3634
8523
1661
4635
5124
9552
8828
9828
8181
4132
3861
8569
7219
7076
223
7933
8156
1099
1899
1445
3513
4580
197
3602
4116
2826
4598
6335
1563
751
9399
627
845
8645
3536
4900
1825
8492
5166
5721
9190
3705
8531
2921
1172
4079
598
9173
4401
7804
6060
8511
7792
6387
7695
9030
8052
513
154
5551
5555
4734
4759
2002
3637
7282
8079
7069
2924
242
3665
137
4893
662
5102
8615
3436
5704
9824
9046
4534
7418
7035
2421
5639
340
5660
8111
7837
9722
9662
6120
2132
6022
7707
8322
9375
2679
8143
1116
7512
8565
3416
392
9951
4879
8602
904
3919
5107
9440
3348
526
7722
8509
2234
6611
6925
2784
8306
6769
3128
5525
7837
50
906
6696
8538
3231
9830
8788
3396
7195
8425
5754
1884
6976
5352
621
8318
6609
2197
2410
7378
4782
2749
8965
5490
4982
3938
3407
3491
4599
4960
2580
9954
2929
5326
384
4220
8616
3044
4338
2025
8360
8371
7224
7318
4835
6644
9834
1374
2358
5793
3955
4437
5082
9338
3737
7361
4581
8902
5950
9589
2593
2903
4863
4123
7669
8407
841
205
335
1044
7916
736
1379
4038
9880
365
541
7865
7764
9869
2978
5820
7981
7649
6805
3348
7483
2843
4037
7165
4288
3517
5811
6703
6633
1308
6978
5177
551
5952
4039
8764
5287
331
64
1638
3789
9187
5601
202
5120
7630
361
3833
6478
5433
6019
9967
256
3813
616
7244
3081
2110
4530
3805
8664
3673
5004
5702
2348
7690
7461
5327
2935
4976
5347
7976
9563
1565
548
5098
7010
3157
1375
2636
42
1250
665
3695
3180
5473
4484
3606
3085
5438
8274
53
8782
7479
4375
5300
6814
5871
6188
4256
2336
6081
160
1392
6631
4495
7705
7471
1565
5958
6968
4234
4883
2400
6379
3479
5699
2261
7083
1296
8657
782
8054
3643
7552
137
1751
9271
4481
9762
8513
6101
1173
2916
6651
1936
9892
1852
6469
1323
4615
9589
2456
8758
8271
390
2172
5516
5400
1252
7107
4349
9960
2085
6754
498
9282
3811
1136
6002
6311
4648
6583
9760
2508
4332
4728
3423
9286
1817
4251
6755
5058
391
4723
8901
6929
4009
9808
9443
5632
5026
2478
2401
8054
6405
8539
2080
9927
8457
5830
1897
6294
4277
6627
2583
3719
1805
8219
3758
9506
601
1696
9371
3587
6702
2494
4506
1038
1260
332
1374
2047
3924
2626
1089
2928
3011
9237
9080
2084
2479
3422
6433
3249
9564
6424
6332
4219
5484
8840
9859
9098
7825
6263
8375
1165
7296
5275
8073
6600
7524
6996
1154
8825
460
4066
3344
9945
2322
211
8493
9710
3641
2250
925
7452
2674
9147
8404
2939
8715
8723
5441
2420
9013
5621
4363
9094
4752
9023
6775
6245
6357
1819
99
178
1248
8033
18
1941
2888
2266
4821
4390
4892
7263
2834
6476
2635
8912
5267
1069
7472
6032
4333
6388
7977
2926
7563
3296
7362
6831
6327
5689
5571
4774
6597
4237
2018
6021
3164
3257
9158
461
3570
1347
4090
2754
7427
9492
5514
938
2909
4435
7310
1156
8426
2780
5376
6629
6715
2080
2202
8221
7726
4854
6769
2952
9500
4927
280
4657
9458
9543
6355
2481
9961
6167
8649
965
4980
7144
9780
2477
6806
9378
5225
4097
5613
1826
1758
1918
3807
1770
8493
4286
2191
9250
292
7078
1132
8108
1765
249
2887
5861
7889
7913
2638
1144
9484
9213
6282
1644
3389
7534
5249
4622
9989
3260
8025
9449
8537
6942
8634
5681
3197
3319
2623
3424
5375
6931
2681
168
990
3616
8271
5015
7301
8378
5157
5176
1767
3951
840
3509
776
8577
1380
9338
3734
8265
5538
9318
6147
537
7330
4747
4080
6746
9616
2660
3831
1412
9206
2774
4789
9996
4990
9711
866
8567
5442
7739
7694
2397
9874
1094
1450
6633
1153
1804
129
5101
525
6107
8513
7442
713
5130
7705
1101
3993
4995
3664
9404
4329
2779
7951
2064
1673
7667
9181
6373
1001
4663
1462
8285
5661
419
7543
8507
1902
4246
2984
2474
4349
6958
1734
7854
260
6419
428
290
1179
3360
5133
3392
4404
4635
8305
5200
3668
3238
1306
1096
4942
1614
850
6241
941
4273
386
6714
9661
45
1457
6854
5799
7795
7319
3392
7544
6938
685
9311
2108
6159
1348
8468
7100
666
254
3168
3362
4701
2476
739
1396
6565
1957
3807
6693
7827
9568
7611
1428
8068
2847
2483
3278
3500
3416
365
2231
6930
5088
8262
5024
1621
9542
6795
277
2092
5066
6980
583
5482
6136
8458
5265
96
5013
5737
793
8125
7365
3057
7253
305
2118
7254
7990
7295
460
7432
6134
624
5002
4157
3802
1524
7706
7465
7028
7908
8665
528
7607
5379
2242
6082
5143
3731
6981
1477
7741
5619
4836
1217
2677
1094
9834
9908
4404
1263
7528
566
5129
4280
574
9510
8126
6819
4722
5459
5739
5335
1583
9400
5191
4908
1773
8671
8684
6929
7129
2086
5750
3098
2354
8190
56
8840
463
4975
4540
2561
4992
7130
2404
7838
3359
1303
177
851
9379
2349
2543
7305
1953
4576
3211
6119
9278
2628
3842
4944
4806
4927
3832
8549
2610
4189
4818
3787
1930
813
480
5239
8823
3481
5114
6070
6403
2259
2230
9082
4784
5162
7843
1518
657
5788
8678
3594
5273
1893
4446
9922
6526
2406
9078
824
1834
8785
6966
2867
5406
5377
3286
4103
4722
4390
5073
5091
4797
1549
1714
5338
2590
9823
9005
8297
7637
7872
2012
5672
3969
6055
708
7212
8919
5630
4884
184
1595
7871
1162
4259
2703
6974
258
7829
9429
8822
1899
4043
50
2411
3528
8330
737
863
6176
7312
5888
4080
6098
453
1803
3838
9464
6929
980
7658
1943
8936
7884
6170
9217
4432
1329
3578
2247
5059
8211
2940
334
9168
2100
1888
5228
4699
3708
7470
4143
389
7430
5088
6427
2854
3867
1901
4894
9782
5833
8032
8546
1420
7247
519
3182
8542
664
2648
137
9767
2241
8525
8940
6838
9865
8304
7715
451
9140
5938
4752
5900
5212
4964
7547
6430
5860
6569
7082
8976
5450
5939
9881
9624
2777
458
7079
4257
1208
7627
2317
7700
3091
9565
4858
5331
7411
6527
3376
8917
2349
1964
9813
9243
8868
2017
2487
3553
5707
8037
240
5553
9339
2903
289
9905
9997
5126
1918
5292
6022
2249
4966
6686
9820
1551
4541
2713
9736
3536
9607
9925
2618
4899
5523
5828
1699
4585
5778
5892
1508
1030
5939
2525
6321
2224
4637
7226
2593
9231
8552
7428
1460
9749
4280
5322
9537
4359
4999
8205
3227
6249
8029
5384
4704
8185
4671
1933
8926
6433
8385
2170
226
7247
3305
5146
1086
8882
8882
7671
9798
6267
9225
7886
4696
4355
568
1867
550
7835
2925
8579
9249
9901
7318
7009
3043
2562
7515
5352
2568
733
6487
9063
2586
6837
8804
3610
6552
785
691
7661
931
7147
4245
5419
7829
1334
8745
6933
4526
9196
9731
863
9836
9376
2548
3300
1174
195
9644
8505
3013
8930
153
3967
6944
4364
9354
8258
8418
7649
6548
4143
5226
8805
6416
8242
9599
1204
9072
7325
8414
1264
8108
5492
5569
6630
46
7589
5630
3183
9446
9462
9097
9266
458
3479
5719
1223
7725
2742
7152
3110
1626
7841
3408
9149
590
9957
8410
3312
3216
965
5369
3451
8158
2119
21
2003
1445
873
9630
9483
5132
5409
3929
8307
4734
7522
7156
8778
1266
3209
5014
5412
1673
6535
4440
5622
9219
5210
4587
8174
1502
2036
8277
864
444
460
7323
7851
8671
3955
1244
3211
2452
527
2871
9415
8378
4
3290
1594
2925
5457
4153
8495
3891
3286
6839
5541
1139
515
420
130
4669
843
5795
4292
1449
5559
5495
9026
2720
7895
7706
3170
6417
5236
3625
7876
3025
7009
6894
1514
2882
9168
6907
7195
8078
7393
5169
6381
7297
5748
4859
4160
337
3903
186
6538
6779
4572
61
2717
2538
8362
6908
9540
70
5380
1170
3788
5751
5166
3684
768
8837
5403
8258
9196
5934
3004
2857
7027
9715
9059
5987
8428
1279
8757
2124
6935
9460
9598
4369
1614
2052
2879
5991
1366
8217
4674
3989
9029
177
7422
8096
8749
3258
5766
3057
3798
6854
459
1140
6138
91
4194
32
6522
282
1697
2830
9374
9769
2162
5608
3738
111
1034
751
5036
892
1427
8681
5505
1299
8181
9733
2295
3877
2116
940
1085
6490
5283
678
7015
3534
310
7094
7310
4934
1173
4003
4052
5438
1036
356
3701
8721
9343
4856
9913
3684
6075
4079
2070
2223
7736
7032
6114
1017
8907
1431
4262
7327
9095
6594
4990
5456
675
5417
588
9000
8711
6961
3677
7159
6176
6651
1571
4878
1907
5285
6722
4021
3678
7420
2726
3692
9578
6188
1169
2892
4173
4967
3331
9192
7099
2542
3073
2774
1021
5902
1544
6548
8074
521
6908
2584
3297
6528
4937
3513
3833
6763
8618
4435
1824
5429
6199
91
655
2710
7689
2192
2207
462
7353
8138
324
4539
5799
978
6791
4216
4535
4300
2066
3378
2741
5621
1861
8727
5993
8646
7749
1469
3125
9906
9972
2973
3148
7314
6396
938
5437
5114
3252
2322
6284
1736
1733
9248
7410
4568
3814
570
139
519
7588
5470
2941
1522
46
7284
760
2810
6732
5856
7705
4070
3135
3816
280
757
6787
8076
7538
9103
9218
9654
9505
7206
4258
3087
2022
8894
2206
9674
8009
8454
5491
882
7304
3619
2192
5820
8859
3864
2081
9224
8888
7619
9829
7178
7521
7046
8170
5247
4267
3841
8299
3854
1226
5961
944
3772
968
3463
3827
9292
6645
9039
8819
3521
6025
7739
8769
4881
4468
9140
6696
217
5990
7325
4362
39
5594
2140
6085
7528
4173
4613
1156
4750
4477
4628
2545
1884
8204
2071
7561
8162
6132
3558
3960
6080
4900
8960
6915
3225
5145
2387
469
9670
2040
215
5153
5251
9623
5032
182
6666
7739
9855
5873
3482
9132
2492
6171
3091
2213
8177
7075
9697
2392
4733
2887
2723
8574
4532
4460
391
9116
6280
7757
5972
6449
1767
3743
3507
2076
9728
4787
762
8506
5538
4597
8278
9469
9060
7858
277
4088
5211
3830
5038
5350
5915
3843
4109
1083
6188
6270
6735
5842
8680
7683
2054
7734
4783
2664
6649
3485
6344
7743
284
1197
6580
8837
5207
4002
1696
2536
9157
8456
6583
7030
4716
4963
8673
288
2499
7278
9565
5965
2997
5056
678
6523
3265
8922
532
3056
1195
6413
9650
9631
9411
4601
7784
1974
1952
6609
7845
8755
1912
4234
5354
9767
5903
6561
4037
4771
8377
6012
425
9967
1917
5417
3111
9401
5929
8290
2331
4667
4956
9650
277
9381
7108
1458
5329
425
8197
8988
150
5510
8898
4577
1592
5756
7451
5014
5659
2815
4323
6088
5045
2310
1964
5424
1085
9346
7601
7506
1382
4780
5760
7535
770
5671
947
6747
5221
3797
8218
7241
1576
9110
4726
1250
453
3082
7812
5492
3094
6200
1348
4791
5765
5447
5125
5579
1567
4841
3550
3213
5066
5064
2332
6936
5135
2953
4307
2984
1334
2861
1027
602
3422
6741
8777
5360
9717
5958
7918
1169
9594
3682
5184
7420
2460
5462
331
6444
8158
7571
7636
2375
5723
3571
3618
993
5936
8669
8905
5679
7594
3684
7188
2533
9692
3849
78
6288
6156
3361
2478
3999
1083
9218
1517
4940
3648
6919
3652
9977
3281
5698
5767
2006
6349
1953
4872
2398
408
649
9
2273
3523
1487
6834
5725
4359
2550
267
4149
5134
290
4342
7716
8703
3979
6445
618
8228
1181
9651
4741
9561
8412
1050
763
7731
3365
1232
4388
8603
7440
4966
3828
9334
6050
7184
1350
6866
9390
8210
7748
9855
6827
3772
2274
1463
8577
8724
5851
8491
9901
8573
8980
4028
9652
2465
8716
5203
53
3472
325
7021
6934
6309
4908
7911
9680
1137
1283
7698
9687
823
7009
9250
4289
2531
1327
5433
7321
4536
4035
3899
7259
7396
4873
8685
2975
1458
1549
3311
6211
7723
54
5908
9008
3706
8780
9290
5663
2667
3626
3130
9316
2847
6302
9293
2024
47
2910
2904
3621
4843
1733
7878
6683
6718
4298
369
9376
9471
7521
8093
3235
5478
379
7697
2673
7656
9065
19
5745
8818
6734
1934
4842
1998
3202
7410
1156
885
6930
5385
2715
3521
4373
2689
6192
685
5770
9691
9771
8812
7117
4687
6603
6627
424
4410
9133
8388
1286
9605
811
6616
67
2083
2987
248
8127
2087
6409
9815
3041
5631
7551
1727
7352
7313
6336
8983
4653
8320
6916
3519
8148
5259
9725
1016
2066
2674
5705
2034
1688
3734
9648
5650
973
3996
6685
480
8474
9342
3802
5243
9902
4446
2804
9385
9778
5160
9709
3759
6439
8995
2800
842
715
3075
4847
9383
5243
398
4696
5653
4194
9032
3734
4741
9104
6494
340
219
7286
5212
6556
4948
3885
5707
4765
1971
1046
1291
108
9546
1404
1176
8177
33
8693
4316
5506
118
7400
4593
2334
9410
8281
2849
8095
628
1232
9292
7202
8028
55
4165
9571
2886
6466
3194
8545
8064
5464
270
8800
6234
7872
2132
8654
3513
5543
8618
6861
3512
9694
3808
7935
3132
4048
6339
208
7923
5713
3739
5021
9688
658
6349
6578
69
2000
1309
7361
4085
5934
820
3263
3284
3207
7306
8184
3574
8405
7473
7699
8177
4495
2397
5136
5561
1852
4451
9437
3910
4519
3613
7448
8803
3531
6184
5055
4741
5005
3962
2931
7910
7689
179
7371
5101
3285
2479
1013
8764
6642
5829
5719
9686
2496
8591
4180
6907
9137
3686
858
7313
8438
7817
1015
7312
4037
8842
2860
4746
3356
5317
7002
8726
9215
1726
7833
3176
7118
6150
7384
4734
6786
1545
1678
6649
166
8039
2623
3286
1826
8638
3274
4616
6450
8656
575
308
5205
9014
6286
2969
3697
1665
1146
8602
4036
2184
317
4809
902
8179
8629
4081
986
6291
6924
5376
9507
3868
7093
5407
6563
6320
5266
1296
7199
2025
6659
5347
6174
7570
1593
6597
2768
3282
4184
2053
6156
343
7098
5892
609
4187
2385
521
6446
6053
7093
3038
877
5855
7115
2650
217
7375
1782
6012
7345
9397
8599
656
8901
4144
4432
5938
7293
925
1511
7324
6377
1693
4534
2029
6963
7153
1647
5705
8369
7685
1772
8343
3638
5174
932
4235
7528
9665
8762
656
5788
5498
8624
9601
6573
9382
5337
4356
9788
2437
1931
1075
5794
8239
3811
8313
4368
6410
435
4022
8487
4117
6806
2607
8932
6500
9748
1189
8723
8745
5601
9712
7348
7787
9952
1335
1099
4998
518
1279
6577
1295
3817
7614
6633
577
2470
9322
7629
6793
5057
6387
6965
1962
2567
9274
5689
4734
2080
9997
6223
8955
4705
9120
6094
4189
4925
6777
1491
6197
491
9159
2672
5134
5939
592
274
5143
6499
6710
8028
466
5630
262
8127
9673
6627
1005
7947
2743
2059
7862
4015
7626
8876
4452
1644
1011
9835
9945
8616
1911
7534
9857
3326
5398
7631
1006
6146
3733
6717
8080
978
1738
8605
3120
9688
6196
3341
8042
7981
1828
9609
7893
1528
9083
6743
6705
5123
7218
8028
843
1662
5504
3922
3087
9741
2380
2801
7659
4268
1839
9513
6028
1139
2660
9682
3096
149
7488
539
4151
5458
632
6463
494
9357
5411
6021
8473
2807
4301
4182
7493
1914
724
9690
6183
7938
5971
2331
4060
5029
5609
9979
5902
9924
6213
306
3072
8873
2576
5007
6407
7824
3943
5807
2789
5843
2420
9276
3026
109
9800
6972
7609
2832
4343
8603
8620
9761
1808
211
7653
9777
4919
2103
891
8839
3920
5487
2893
2569
3962
9550
7278
2922
8054
4127
1549
9021
4275
3998
1999
2439
4664
8195
3899
2851
8637
8105
562
3519
3942
9116
5482
9715
6828
9601
2181
1442
1866
6287
434
6216
3793
5195
6912
3924
728
5859
3210
2256
9540
592
1524
7355
5072
1358
5617
3543
9737
1127
8062
5006
6681
2427
5022
1839
6094
7452
1170
1127
4917
9718
6196
9451
2616
1452
289
9202
5842
2813
1986
3487
3307
6438
6853
5339
7285
4833
2525
3329
2865
3770
386
8035
9182
6514
1317
5067
4303
7597
9189
6715
8280
8023
6887
5638
1205
5235
4710
8967
9799
3843
9655
3439
6156
2451
951
2813
2362
6240
3491
1957
3687
119
3060
8995
5688
1351
9413
3400
3236
8168
7650
227
5620
5381
4287
6396
4010
8789
5794
2393
5451
7384
9678
6627
4603
4909
1580
7427
2019
1520
3848
1350
6433
3183
4102
1984
1228
1390
6608
3756
8737
5121
301
1377
752
5751
3919
4225
2989
870
5576
9611
3331
3297
9466
6864
5675
8694
1418
6403
9077
6051
9952
57
4481
7321
4910
5023
125
8409
4603
1899
5163
5387
1178
6283
3181
8126
76
4234
4816
442
8174
9729
7426
416
9680
9082
6626
6755
6660
3631
7971
7760
1823
2305
5948
1368
7983
7909
95
9102
6057
1960
5748
2556
7502
1940
1809
3888
4169
9498
2248
4708
7672
1839
2989
3275
3444
2004
7010
4759
2302
6173
4450
8616
2856
2291
9862
1487
6718
196
5511
160
9151
5960
5441
9606
5564
7487
607
4272
4027
9046
4153
3177
744
9337
6183
2774
4473
9970
9425
888
3212
335
7221
2721
320
3202
9219
1091
4621
5298
6120
8100
3857
558
6005
2158
9671
6914
8924
3570
9222
7714
5223
8765
563
1827
5637
7907
1476
73
2609
2712
8227
5387
9600
8190
7515
9715
1927
2232
2945
3073
2359
5644
9858
3807
8054
2551
4085
8416
3643
3403
7341
2273
6246
8708
6510
6561
425
5912
7817
5741
1575
9212
1797
4148
3112
5619
4012
2265
1206
1361
7871
1927
6119
1902
6183
7247
1831
791
4489
7900
4209
9886
5477
3896
3929
2385
8684
3127
4554
8872
155
225
1735
2584
7848
1214
1216
357
6616
5049
355
4804
4218
4119
2444
1934
5188
4481
3035
784
8680
2924
6801
3759
4290
4314
9526
5305
7281
9305
1513
2519
2351
58
2757
9775
239
6172
1213
3238
8402
263
2516
5763
4118
3284
587
1870
5548
2265
104
3575
7732
3347
5839
1651
4711
1836
1600
1072
1361
9356
2508
1370
233
7595
8437
8279
7198
9988
8978
9596
4831
5942
2780
1171
4103
6932
2215
5188
3252
9020
9360
2096
5571
1605
7472
1116
9929
3761
4762
1146
4368
3474
5703
7940
7036
825
1579
4482
1545
841
1187
6731
3475
7466
1774
3591
7154
2090
1685
1011
6064
7741
8792
4798
647
8757
9447
464
4476
1486
1737
8123
3506
496
2909
5593
7821
3079
5835
741
9348
2319
117
6950
7042
6312
1599
1205
8569
9577
9944
735
9763
8913
4292
9046
2630
2857
1080
3299
2371
118
450
7750
8572
6490
1634
8046
8336
1898
792
8659
9908
6474
5115
7313
2847
5044
2291
2847
9506
7783
373
8573
1378
8892
9929
7853
5539
4980
4200
551
2243
782
791
5280
177
9173
8347
1814
3672
3205
3080
5682
2283
4638
6778
5760
5583
2385
2527
6538
1759
6823
3791
4064
1488
9105
3513
9076
4131
6634
6075
8178
8800
5673
7357
9741
1892
1859
2507
5189
5018
5581
3421
3300
3151
2287
7541
3943
4645
6419
725
4954
8198
2333
4458
2028
5411
9781
7016
6210
2264
3887
1428
4103
3165
268
9976
4305
7324
6073
870
1919
3497
789
3357
8574
3091
3425
7937
2923
294
3151
522
3443
4570
461
8891
4614
3324
971
4988
2569
5335
2871
4551
1771
4031
5578
9388
1872
2858
3564
6337
5193
7515
1570
5210
1860
3259
9016
80
1791
8838
6025
4753
8632
3312
8843
9317
3488
9410
7160
5240
1535
2933
8486
7928
241
506
3096
2477
397
2643
7102
1408
8086
9073
1224
8073
3258
8603
2232
4937
8344
2184
5396
3808
4046
3194
666
6300
4945
1687
9039
5520
3846
2725
9760
9068
2653
4705
6954
5358
1549
4652
1508
3605
2426
6306
2218
686
8915
4296
453
4237
7144
881
6133
8026
7385
1102
6480
8709
2570
7216
6293
2583
5539
9291
5833
1959
5827
6169
2419
2501
1940
5447
8867
1862
1545
9440
364
9389
3348
7764
4083
3347
6117
7061
2463
690
7389
8574
6384
148
5409
4353
3901
898
1993
4059
9413
6860
935
3317
7143
8981
9445
5914
8685
5687
376
6752
2355
6618
6081
5701
7654
8780
1346
6280
9191
1550
1550
2496
2670
27
2872
9549
268
918
7213
2889
857
9183
5310
6603
9563
2545
2102
2984
5768
1771
8618
7478
2643
1769
8078
3150
6674
1262
404
8317
2864
5392
1519
9479
2030
160
1494
2025
3461
2517
2740
8538
2551
356
9915
7884
8291
7870
2089
6101
8439
2438
8547
2949
31
5309
3311
147
6891
6140
1182
9704
3775
1278
7605
8040
7141
9639
1132
9336
1165
1652
5567
640
9204
5072
9715
559
5010
3329
1347
5781
7309
5053
6712
8338
1723
6204
5527
8808
2949
6635
7492
8735
8984
3050
7316
2837
1589
1587
320
6351
2263
9351
4757
7873
4100
5927
6057
502
7421
9948
9704
8109
3456
4339
2156
736
7213
1640
283
5954
5685
5262
7338
1380
5102
9561
4751
2803
5939
4552
117
530
4024
4994
3273
5872
2892
2684
2897
3174
279
2884
8971
255
8898
2013
1235
9732
8550
2775
287
3603
829
9162
2549
7803
3989
79
524
1463
7139
4955
4399
613
7268
4505
8766
2737
1598
7987
6927
7890
5541
3325
9682
3697
2969
8254
3554
3378
589
3723
5062
6769
4338
9826
9320
730
9154
4560
2397
3972
6361
1343
2307
667
6190
4720
2985
6648
4975
8641
4119
2848
2490
1019
3791
6822
4504
1562
1659
3949
2067
8457
4870
4527
201
4026
9047
8995
6825
5584
1991
4334
2889
2409
4420
4024
1706
9962
3902
5658
8020
505
5710
3665
9547
4529
1783
8754
1811
3158
3748
1802
2207
822
833
8512
8388
8327
9382
1882
5021
690
2206
2169
3736
9644
966
6098
7565
9261
2816
5001
671
31
2487
4444
4427
7525
6685
5273
7517
581
8369
9965
3554
8804
2844
3627
9881
8316
8154
1605
3650
6252
8821
601
7416
1052
2125
3435
9979
4956
1349
235
4709
6584
7447
1523
3151
2922
1543
4192
8492
5020
2004
3994
5747
3943
4619
881
7370
6014
214
1846
7197
3632
7410
8163
7230
3838
2942
1784
23
3706
4479
6131
3851
6807
3232
8811
9162
7523
279
2825
7939
1486
4195
7284
1060
277
4769
4087
3724
5648
926
4449
2898
2292
3607
1817
1279
7461
2220
7564
2390
8892
4291
4917
6979
3553
7944
7575
9665
1685
946
1274
3382
8943
1889
5167
6281
1121
5844
9762
6388
8550
2455
9595
3396
3418
3033
481
4813
3782
9675
5644
2187
6
1525
6757
2691
1321
4786
9692
3704
7845
4252
5910
2361
4356
1331
9873
967
2815
5862
5333
8469
6293
2228
3992
3944
3208
5644
9534
1086
2036
8832
524
8218
1548
7960
7687
1565
8964
2787
8062
9346
9477
6360
8801
7664
9392
939
1692
130
6178
4988
3268
6706
5776
9609
8908
1377
320
6083
2180
8180
4675
62
175
3369
7155
4721
6144
7047
9844
542
7777
851
6090
6844
9103
2031
7272
1855
8181
4253
9520
1993
9987
721
7148
4746
810
340
3799
9283
3815
8933
1560
3833
5178
521
6876
1412
3426
6756
6560
3607
2568
5760
6888
1034
8500
9690
9695
2995
2271
1036
6651
9507
5974
4548
7196
3868
3735
4932
5297
4896
6636
8595
550
9637
7681
7473
3214
1173
5331
519
4874
2338
1191
205
6003
7399
7797
1013
2025
7417
7599
9876
1864
7292
1745
5809
9220
9330
487
7606
4466
5086
2789
5588
4562
535
247
5491
5020
7512
8662
1670
454
6084
852
9549
3567
8503
4852
6708
6795
9687
4505
3609
3564
5129
3129
8107
265
6368
6509
3485
3117
8449
4248
938
2319
7026
6417
5107
3674
9760
6335
8708
232
3104
6913
8196
9296
4285
7191
6075
6280
6176
3248
2862
2153
8318
7808
1061
2126
1643
5422
4638
792
940
7448
4459
3810
3834
7379
22
2539
2066
755
2804
213
4394
7890
5671
8265
4206
4193
1150
1637
136
1545
9560
6580
5486
6716
9925
5944
3078
8045
8013
3686
1988
8297
7721
4845
6836
5888
8367
4357
7490
4148
9452
8848
1222
4845
5386
6496
4670
5846
321
8405
8772
5672
8570
6897
9023
9392
2830
2458
7973
3087
8733
4858
6797
4783
5658
4439
3026
4541
9251
1658
3748
2584
5951
9566
217
5236
752
6023
1537
3658
6072
333
1431
480
8376
4659
6995
4192
6676
5976
9580
4968
3410
7930
6411
3470
369
1409
6043
7518
5718
6191
4060
4113
7505
6978
8646
4699
2910
3300
5211
9202
4904
512
3445
4742
9896
7456
3919
4225
6187
4695
1952
3308
9761
3816
9505
8187
1794
8273
6480
9510
1355
1368
2349
3557
2806
6017
3474
5176
1335
1801
3519
1984
8675
4482
3795
8109
4444
1275
7607
3669
9719
4858
4196
7790
6238
3657
1125
2600
8704
5307
2359
3530
7654
9945
9084
4807
1058
9214
735
4605
4304
6891
9058
8602
9886
2407
5716
9883
3368
5239
5806
2530
9180
2214
3948
2803
668
321
2073
8635
1153
1890
5330
4142
5148
9446
6877
5307
4713
5965
5859
5678
2109
430
7032
9459
6622
1461
4780
210
7777
2298
9865
827
5757
7182
125
9214
5263
9620
6194
6071
5944
6138
6088
4037
7057
3635
8484
3590
9183
4531
8897
2513
4720
2230
2021
3935
1429
8221
8031
5798
3578
518
4412
9460
704
2855
5961
7940
1580
3878
8435
1504
6265
8296
922
9684
6712
5380
1044
8042
1912
611
7998
6376
4096
7479
5372
3250
7976
3861
3426
892
5672
5744
6891
8625
9224
7651
1206
2281
6439
4139
3378
8618
3528
3231
3022
6798
9382
4621
7186
2253
184
6770
9548
1223
6335
8437
5043
2592
8124
6768
2088
872
2046
5804
1354
7494
3882
2569
6488
9344
371
2151
9137
6874
5129
4932
327
169
9630
6913
8722
1714
1939
7491
7505
867
6593
9268
1596
8238
9347
7011
7221
174
7025
6078
92
6039
5704
5787
6833
7663
9861
2750
917
3266
2528
9161
5417
9782
8485
5190
40
7101
3565
5210
337
4320
3035
1495
3948
1230
6355
1
9485
8369
9829
1082
4246
697
5751
109
4535
1879
4000
483
1569
8984
4433
4469
1017
7660
1678
1150
3016
6082
2458
5500
7966
5346
6241
6372
6550
5110
2110
3887
9029
5974
7693
1188
9548
3247
6139
7763
9534
2815
6569
5004
6523
5359
7600
5946
2122
6397
4990
7295
2693
5477
206
7820
1870
5724
1302
1389
8336
7497
4810
4256
8576
9360
3614
9824
1730
4348
1528
9794
8072
9193
900
8683
6533
3899
2609
7340
5504
9358
536
6571
6244
4523
4189
9071
1524
2723
7134
55
2156
8427
4265
808
3986
3509
5691
8514
9084
1239
5602
1053
4411
2857
9091
2181
2100
9264
7384
4031
1376
5283
