1274
8203
6088
5981
5394
866
1963
5078
1344
4233
863
2571
130
1399
128
135
9505
3573
5326
456
6198
2311
9556
5827
5111
8330
9216
9205
1677
2876
8207
8901
2467
9108
3366
8965
4365
1122
2703
3014
9426
9185
6862
4715
5016
7305
4559
9622
1003
5409
4959
7023
8153
7266
8627
9892
5517
9863
8440
6201
5734
3681
3864
8992
9987
8662
1078
756
5773
3961
9590
1759
2465
1557
8012
6956
1400
3907
6383
9415
9269
4411
2458
0
5083
6694
6575
9022
7817
9522
1368
5472
1922
2159
7947
5134
4221
7847
3705
3663
54
3883
7236
4772
8415
8616
8555
7345
8967
1288
7267
7580
8788
1492
3219
7982
1520
7767
9228
9670
7054
3566
1587
9693
887
444
4365
292
1541
3818
5494
3945
6188
9788
669
3465
6496
6894
7120
4271
887
6093
9039
3514
7563
8946
3120
6093
1483
9673
2430
9760
1536
7104
6398
52
1384
7818
1585
5108
6720
4420
5935
3623
6626
1599
3382
4258
4616
684
190
2889
8604
198
3800
8742
8271
8200
7155
5122
5554
5087
8378
993
9268
3562
3085
7803
312
207
9610
5268
9026
8295
4249
3212
2974
1913
305
770
332
7124
4682
5236
2636
5398
7056
5346
3875
2330
4208
9665
2183
6766
9682
4363
9085
4498
1300
1091
6972
4701
8319
5638
1245
2553
2791
8029
1970
2990
1060
9071
2960
2413
9304
308
3914
5250
9357
3988
3563
6093
972
8989
8592
9322
3676
5187
3600
4012
4454
5506
2424
4856
9665
3024
3207
3325
1214
1774
339
7954
8946
3340
167
3656
1371
5932
4794
4687
1
494
5852
1524
1867
4203
7663
839
3371
3102
7792
2554
9111
6380
7537
9398
9365
4756
7284
104
8738
7330
2901
1801
2095
2013
5717
907
1592
5072
4127
4894
8434
6502
3641
5651
1633
9086
9017
488
3379
6158
4817
3586
9741
84
8841
5081
1503
1432
1223
5805
694
3901
3885
262
4959
4342
8991
9433
6883
1349
8479
2582
6771
6911
343
3774
6065
5339
3378
2338
5064
9769
5704
2327
4170
8159
8612
2150
7204
7246
9316
2496
479
9604
9741
4830
9126
8251
120
1222
3983
7103
3756
7898
1769
5980
6889
4858
7872
677
3822
2457
9487
7169
9912
7358
8050
9488
4520
3137
5415
2716
8064
4485
4145
6747
8810
229
3657
3200
2436
375
161
6081
4747
1325
3462
115
7107
1546
7970
4049
4785
9505
8634
3788
9654
665
7323
9772
792
5886
4796
2165
4766
849
2848
7029
4375
7103
2858
7993
2296
2318
9309
5151
9665
4772
9599
7527
1274
2290
266
9922
2671
4030
799
7596
6149
4190
2391
7287
5304
8288
3383
9133
6146
8023
767
2262
3498
3503
7231
7242
8103
5025
4182
510
8000
7987
8505
3771
7089
8231
9869
2653
6796
5843
1537
1607
7753
8465
6650
9587
9947
7116
8412
7495
5313
4539
9250
7716
3014
9834
3739
9127
8470
404
8497
2098
6221
925
2327
389
717
172
7614
5206
