4727
5317
365
4580
6218
2778
761
4433
5495
6341
4114
7137
7184
9604
753
4508
8906
9294
1996
1394
6653
6856
7238
2363
2936
4468
2273
3899
2980
1428
5424
6485
6467
4364
6286
7911
3125
2277
9877
4323
5895
4238
716
9773
1272
605
3584
5840
9497
1108
4733
2556
5073
5070
2377
3594
8106
7912
4077
1584
3964
4348
4593
5951
627
6889
3523
9209
6431
9823
596
2753
9176
7974
6511
2027
1164
7678
7622
4914
2327
880
8923
6424
8830
7524
3497
5288
6632
2188
7372
8759
5289
4926
8723
4505
380
6575
6928
4400
4732
5306
234
2464
7583
1487
1984
6109
223
281
2777
5222
6455
1832
2684
1579
9287
7133
4969
3944
8180
4436
5315
4710
1375
9595
4219
9735
4048
6865
3034
5248
3999
5818
3850
1859
78
8463
8514
5385
9110
2386
4156
6943
2765
3791
6564
5384
4817
3581
6735
400
388
2612
4534
5616
3348
5625
4317
9693
2581
917
2932
5243
6749
2676
4394
2335
3323
3961
41
1075
677
894
7858
1394
7453
744
7686
7731
2128
7562
6542
9314
2795
7664
5063
4137
202
9948
3037
6159
8222
2206
499
7607
4697
4811
6077
3497
9497
144
5034
1117
5631
5056
2817
5987
3164
7945
1350
1328
6583
9589
4569
163
173
2733
4076
998
7189
7207
9487
6880
6207
5344
6282
8855
376
2932
6582
8083
2412
3338
200
2765
6329
6717
6859
22
1228
6613
5305
5892
8747
8741
5782
8855
1662
8109
6985
6874
3115
4943
4599
9301
8604
5662
4158
6239
1294
9235
5083
1265
4121
9642
5192
4502
7559
4137
2341
6398
1683
80
6066
2530
5328
5963
1959
978
3763
2965
2209
7097
1069
3399
5769
3138
2121
6430
7169
9940
8591
2475
1918
2361
2642
3763
7549
9116
988
7703
6820
9569
8852
8478
8854
14
4457
8254
1585
9319
1022
5801
3320
4776
9154
3412
2728
8219
6171
5523
8026
1833
9054
5760
7732
2669
5469
6411
268
2324
4717
6395
5306
481
9171
2979
4040
7853
91
927
5641
6539
4229
2477
1331
4154
6396
2441
8746
99
9492
2689
3242
7122
5280
1591
6849
3026
1613
7605
8663
7137
4734
9786
2028
339
3892
5875
8156
8418
6970
6293
8545
4002
8059
2022
7877
499
5824
6107
4001
7424
4330
3436
7479
7140
5672
4084
3065
2076
7542
9493
3637
9319
5122
1736
5534
4058
1068
210
6007
5745
105
2306
6894
352
7172
1910
2194
4695
1106
1389
6867
4356
928
680
3285
3250
6107
4922
4960
2367
4364
9551
1399
4811
4638
3272
2483
6316
6189
9844
2748
4590
1437
6554
4164
6120
8116
6531
8175
843
6565
8164
7490
979
6874
5977
9271
5440
7789
1902
8218
2702
4435
2470
7844
3776
278
2575
9249
2699
8461
3533
6128
2254
2522
4002
8742
8208
3327
8767
8735
2210
5358
3220
2931
1603
3116
6499
9105
4850
7713
8371
7467
78
975
1488
4781
266
8157
6848
6795
620
2895
7681
1526
6196
6403
877
6986
5802
938
4767
8503
2768
4672
9904
5418
8326
5771
6186
5288
5453
8156
9982
2422
3283
9813
4752
4472
4861
9496
480
7012
1811
2759
5812
4322
900
109
6912
8659
5227
9383
9128
3818
857
4497
2140
4859
7922
953
9122
5631
7908
6754
450
7201
6209
3320
1130
7912
1038
6618
6850
8690
931
425
3066
9657
9459
7019
8319
2932
4470
8764
8668
4701
2082
9891
3005
2842
9385
8108
2367
5338
8923
9383
1796
4751
7291
9996
4706
7634
47
1480
6427
343
226
5865
2951
6814
8996
931
8989
8531
1105
