4134
884
1072
3903
6511
453
1283
7148
8117
794
675
654
6388
6850
267
7685
9984
224
7283
992
1394
9583
5497
5960
5027
5638
4506
185
7747
1767
9149
5643
6806
7601
5725
3103
573
6357
5857
533
3501
9461
9258
9866
1933
9912
2520
1198
225
4955
729
2307
1214
9922
4223
450
3593
6972
3821
5112
6449
1347
9790
510
2598
3602
434
5302
1892
1106
9525
1617
6704
1597
430
2941
8477
740
257
4732
2220
1836
2577
3728
1006
5618
582
5602
7158
5680
2327
5522
656
6007
3124
104
7081
3468
5906
8153
2073
8400
4899
5701
6852
6455
8034
7917
1240
25
3593
4227
4227
1911
5311
105
3637
566
1968
3851
4782
3287
5050
8361
564
3255
4226
6333
4786
6369
7826
411
8080
9666
607
5877
5307
4789
778
734
3762
620
4755
3686
220
6944
9301
6516
5129
9344
2195
3987
2435
3109
7213
5075
1040
1622
5118
3760
8055
8423
708
9584
4413
8124
4941
3941
8363
2076
8891
8450
7838
481
1204
2490
9882
9755
2185
7861
5755
3476
7585
5612
954
9246
7873
5443
5545
7241
7210
8198
7227
8225
895
3404
419
9987
4513
2920
3015
5904
3673
8223
4112
9274
8465
7076
7089
412
47
8606
1106
5863
1007
6955
568
2294
3484
3374
6210
2291
4379
2339
3747
1986
7797
7891
4951
3931
7038
1156
7651
6533
694
1848
8110
8590
5180
1381
3158
8343
6954
37
3712
3324
6225
6083
7600
1970
8018
6598
1217
2424
9301
3771
961
784
7114
9242
7916
1351
5738
1515
6516
5024
1305
6881
8810
3919
714
4372
3291
7600
7246
8589
7466
2856
3019
5466
3286
7268
6773
1969
903
1470
284
5569
1483
1997
7714
9477
5527
9356
439
4050
3804
5603
2371
2511
1592
7537
383
6324
3206
3452
7936
9802
7203
463
1809
8178
3822
833
284
8306
8475
7942
5956
219
6835
5567
5890
630
8924
1021
299
5676
7889
8307
7978
9301
1966
9513
1343
5832
2474
4829
2099
7137
4592
9108
6087
5568
764
45
1896
2958
5919
4247
1393
9627
1775
6329
5166
6227
5423
2847
5112
4111
8694
6677
2065
2743
2846
3259
3534
181
2763
9048
8732
869
5669
3019
6368
6568
8884
1245
47
6856
8856
8498
215
7654
4546
223
8888
7647
5971
3125
3
8829
4383
3147
8429
7849
5196
9210
207
7247
9965
3329
9006
2666
8198
9225
7362
8462
5451
803
7861
8820
5913
7406
9066
5087
7345
1044
2023
4254
5228
9396
3296
7227
7552
9370
849
2272
5998
346
9992
9001
8516
349
9933
7668
9862
3554
7471
4837
7780
9333
9197
934
2312
4348
9005
2540
1646
8494
316
8293
3264
3983
8579
5101
733
8823
3282
7631
4038
1248
3948
6552
8661
4238
1726
8600
3577
345
2589
402
4914
2613
267
6003
9862
9459
1046
3087
8462
288
2189
1782
6225
8619
7376
4086
7754
7988
8291
314
2088
5344
4158
5841
7794
6969
5268
905
9861
2034
1150
6505
1355
9433
2164
2430
6714
4085
2247
7421
5222
6510
1774
1832
1460
8219
3178
716
3468
2535
6488
486
681
8525
4611
3109
8401
4371
3284
4507
9148
7859
6311
4590
2899
5203
5435
2939
8790
2534
3253
506
1097
8972
6434
6060
8780
9028
8791
6081
1222
3010
9750
5974
7197
8124
5376
6443
8997
6046
9729
9427
8467
4317
2092
3060
8300
3305
7332
9903
8399
9275
37
7097
27
7278
2605
2920
8878
3210
3274
4410
8700
939
8960
2606
3976
4608
8247
3430
34
7632
7599
5188
2525
4759
5697
193
9403
3277
8276
9916
9000
7880
8841
4304
4896
5432
5427
6591
5310
640
3142
3066
5026
9028
3771
3074
1613
1470
6509
9481
1868
5323
243
3138
95
1538
8394
455
2501
7557
6655
3097
790
8128
6278
177
2924
5150
8329
3125
3503
666
337
647
3660
9891
3242
9415
2225
6889
4406
1337
1208
8021
272
9041
3053
133
7979
8763
5453
5876
7
4455
4333
1335
7216
2177
1396
9588
7347
9407
9686
6606
6333
6499
4670
4411
8497
4144
728
3462
726
2170
6104
9040
1035
6694
7882
4882
5336
3552
7799
221
8066
6348
