7104
7506
1637
1996
8917
4987
8426
7443
1781
9292
3584
11
1898
3071
7166
3674
2706
3339
9449
8242
9595
6355
5258
3691
71
840
7165
7823
3196
5951
8041
4271
6059
110
7959
4819
8026
9567
4497
399
1008
1927
1976
6177
8173
5040
8530
6822
6212
6690
110
4700
9670
2193
7989
3170
6251
9232
7231
7964
3935
8115
4799
8051
9559
3442
3740
2793
6703
4953
4877
2794
4610
3244
593
9214
9349
8120
5080
9483
9120
2757
4161
6807
5226
6984
1904
3675
768
6132
6827
5459
9857
7584
9522
7617
7113
9188
5722
7874
6712
8013
2932
616
6895
9088
6206
647
4614
4987
4629
5899
1997
6599
69
2470
9629
8842
2320
6120
5785
6248
1655
7350
6423
6282
2295
685
3045
9495
4546
4305
5881
7710
7833
1950
6506
1830
548
9007
6420
9885
8990
8668
4508
6716
7423
9790
9825
9420
4839
2350
4203
1041
4292
3948
4067
1364
721
476
733
9183
6187
298
9158
4034
5504
8526
8391
4050
5558
7178
3363
6209
4518
545
9635
3721
3747
3682
8075
6305
3307
497
489
2946
1657
791
1337
2115
1459
7360
9608
7153
2375
4114
6531
9323
8029
5069
6059
3353
3849
1614
8967
3836
977
3021
2614
64
3941
5111
6992
6031
783
2694
9623
3535
3992
6923
2143
6683
5715
5358
487
3536
1739
2973
4228
301
2533
4352
153
4606
8097
8765
7508
6130
2691
790
775
8183
3224
6768
6882
5048
5367
3183
9882
3533
2885
349
6360
5888
5909
2730
6384
1584
4538
4478
5484
5214
2170
6521
8949
9797
6722
4203
2094
5879
4496
4863
829
4290
6225
9602
9110
9553
2695
1362
7509
5006
949
8161
8200
3910
3595
4841
7063
4229
2569
8169
6481
848
7410
4142
6244
6946
5791
1789
2360
3614
7964
6044
681
1395
8755
7424
9056
6798
579
4401
2269
4600
4988
7370
9698
6992
4106
8285
4590
916
6316
4307
9141
3721
4016
1377
7513
9466
9789
4454
1032
1212
8908
9761
8705
4464
5731
7087
627
5378
6671
1154
549
6927
4478
4877
1020
2803
6903
2827
1708
3696
102
8880
7213
5611
4968
3607
633
6464
1439
9755
5376
4229
6098
5026
4841
9260
3541
3906
245
6882
9216
1991
8401
3717
6238
2045
8712
7683
757
9064
6594
1709
716
8675
9214
7034
1790
3765
4055
6888
4042
7855
7525
6813
1140
7330
8195
1564
9500
3598
6969
1107
8937
1686
3766
304
3601
8159
9835
5492
2072
6726
4230
8576
2274
2705
9242
4940
3462
4638
9544
3110
34
3335
2524
9944
9685
7559
8374
5490
6701
4999
6690
6406
1310
4705
8887
8803
8939
3078
2153
7049
3444
5883
9436
5468
9148
8973
1014
1171
149
5189
3182
1743
5834
9559
3351
2121
6505
1188
2227
2180
6764
3632
582
6066
1859
6254
1785
4163
8927
3495
5734
2119
8877
6073
8391
7093
541
8540
3414
9620
990
3664
7424
9430
1031
6738
3675
3509
8133
4445
6352
2182
7164
8077
5847
58
6300
5599
623
7602
5874
5429
9670
2931
311
1174
1019
2415
8537
1409
77
1443
7524
2945
7759
6000
8317
1740
1228
6992
1371
2518
9473
3610
2818
6244
6139
9041
6413
2570
8077
9526
4487
9509
3853
4702
2567
180
780
4639
630
2289
7921
7204
3885
6350
9362
5039
8832
1467
9854
7278
3841
4723
5033
4006
5762
1606
8868
1052
3595
4450
3192
7939
1188
1674
8575
1359
4063
9385
8160
9704
3830
6415
3221
7898
4508
2026
1306
1145
19
6336
9348
9618
8505
4553
7452
6205
7455
3129
295
9615
4489
6043
1347
5259
491
3833
7424
9192
6085
6695
5208
8382
5965
3488
7580
3850
8614
489
637
4593
8762
7217
7748
6578
6713
1962
2110
9667
9054
1377
6696
8877
6874
4728
5363
6308
7712
5350
2467
6654
5932
4644
8250
4310
5041
6136
2396
4376
7613
4414
3070
8908
5403
7874
2224
2656
3332
1611
9125
4877
4307
1137
7771
4076
5060
9503
5659
3745
8744
963
7326
213
1320
1075
9881
4674
2004
3786
375
2488
4695
8863
18
5037
3848
5574
8782
6832
7695
7808
3426
7918
3249
3886
3428
3358
8235
1491
607
4551
615
2247
9827
9041
1502
5687
9130
4952
6170
2010
7570
365
9350
3759
3068
8424
5269
9794
9744
2152
5692
8109
4171
4218
4749
3931
8342
9528
1025
2904
5940
3144
2769
7252
664
1302
5856
1558
2672
6428
6888
2685
2210
4589
4768
8562
5729
9041
8024
4617
860
6874
9569
103
2339
1782
5387
8989
8823
9629
3371
3826
8941
3786
8313
8287
3519
2919
8388
8051
687
3985
434
9623
9705
1882
9352
3788
6276
669
5491
7344
788
9020
624
9424
9295
8997
830
6327
281
7027
2606
7573
8047
9489
4100
9643
253
5113
6045
9522
