9440
4471
8223
2904
1877
2839
980
3174
4473
9513
2053
2866
9621
2647
3865
1196
3022
3355
1243
7833
543
9963
1559
1151
8664
1984
7076
430
5091
4245
8270
3801
574
7498
9743
6386
922
3735
1705
1107
4255
8782
8434
424
9626
8969
5965
7307
2324
7939
4321
7095
7712
195
5352
6622
5008
8594
3590
8774
1797
8046
6932
9982
7505
791
3752
6158
8554
2630
6467
8764
1886
4750
4870
7275
7326
3722
5810
1598
7224
2358
6187
8395
9605
8874
2872
2746
5515
6625
9417
2108
2752
8376
8949
6153
8300
2721
2351
9361
5097
6775
2517
9780
7658
2764
7157
3646
6517
2831
4732
4986
9454
8169
1677
151
8098
6214
8442
632
6013
2368
7137
388
6408
4199
6390
9422
8242
9310
7785
9136
8650
207
8244
5744
454
1902
1092
5365
4003
4762
2817
5970
2730
5312
7035
2128
1835
4090
467
6491
377
1093
1827
3427
9842
4832
6683
5026
1785
4560
393
3773
4865
5776
5796
4372
9688
3942
1829
7843
9773
8353
9619
7131
2640
8718
6602
2955
6469
6698
2582
6167
805
8130
8674
3611
6273
6134
5975
2249
7651
5020
9683
7246
6819
7312
4520
1251
9554
2153
8926
7710
1719
1751
1911
2409
724
9113
4476
7226
3204
619
4777
4146
7923
5276
3665
1906
3450
4957
5023
8646
933
6053
8331
1045
2211
8322
4214
2513
9321
8875
5362
3913
5092
8769
2288
3598
3625
5491
9207
8483
6522
9504
5230
4397
2184
2310
9174
8698
384
7450
8615
4142
7523
2209
2006
9160
661
955
943
2963
5938
4671
4133
1192
2856
1889
6691
1153
1845
3553
4142
5289
8334
877
105
2063
4024
5590
7892
6984
7783
3040
8466
1412
5409
242
5894
1657
3870
558
3754
6764
9023
8171
5179
2895
8887
5389
9956
6084
6394
7702
2821
5071
9537
4854
7023
617
7319
7294
2735
5937
5892
387
6005
6397
7491
7181
6929
3294
6689
495
5577
1009
9125
4641
7176
754
9495
7816
2166
4412
3166
5352
848
4715
6121
5920
7300
6226
6073
7971
6860
4919
3194
3607
1332
5916
6669
102
7305
8842
7411
5266
7857
9142
1064
4438
3185
2245
7657
4583
8446
700
611
9257
1859
7023
6330
8382
9980
3931
5346
9865
2349
5184
1710
3169
2067
5286
6099
4593
7348
3440
1799
8476
6677
6190
5948
7485
5880
4780
5587
4509
3200
3448
7966
2286
6451
9473
5191
8532
1114
3739
6230
6244
7256
7423
5043
9764
6613
2350
6312
8577
8726
6966
7154
7216
5178
3982
7460
1148
163
1259
6488
5534
8735
1333
8547
3739
2371
5188
9988
2375
2947
7716
601
2327
8480
3479
4653
7444
5422
7737
4674
235
657
719
7415
6834
3140
1817
6822
8725
1701
2327
4509
4382
4688
1175
4534
9987
2262
7020
4037
9930
9290
1450
7214
2343
4073
1086
3601
7846
1267
1531
7235
8579
7418
3535
2890
4822
2726
7940
3652
7821
2978
5522
4837
5394
7239
3233
3995
3020
5378
3980
5999
1585
2565
2882
9339
9944
311
2759
5682
2860
5624
4407
9281
3661
1542
9274
5488
9553
7749
4706
5764
968
6910
5729
3876
6957
3719
9176
6822
6008
5083
2538
9254
2784
9861
7376
6434
7454
3726
3253
9333
4748
6897
4241
1918
5661
1016
3859
6812
4614
3685
1848
8376
1658
5390
7800
7679
755
6069
4543
1019
4076
7491
2025
7757
8060
545
9223
2905
3068
1555
5646
2461
3626
161
830
2767
6438
9475
4512
1763
3401
2153
8841
3078
1814
4452
4251
457
3081
7925
2123
9661
5740
5087
7741
1960
9752
5707
9387
7250
1352
9849
4213
3679
9000
9565
8786
6344
8077
3101
8532
408
8367
3318
1722
8224
897
9782
9727
1351
5442
9610
9823
3746
7659
4180
7226
3916
6072
1864
5089
1810
5460
1763
1342
3774
1260
4265
3136
3133
4838
9690
4275
6303
1467
8288
894
4363
3743
2487
2166
3164
3586
8521
8512
5708
5598
6389
3284
9740
208
7323
4813
3981
9828
7287
4892
2510
3562
2296
5805
3762
341
3356
6273
7677
3857
5786
1498
1227
4628
9803
8165
173
5693
245
8946
1537
5049
8566
1119
6668
2421
7513
562
5191
7294
3016
4181
7556
1092
8927
6556
9163
4381
1545
6194
4933
3958
1529
2065
3268
1011
8774
5041
1549
4520
484
5015
4371
6176
9451
7631
305
5066
5558
4597
5940
3156
4315
7228
8739
1424
2130
7649
2188
7811
4019
522
1148
3004
6464
7624
2298
674
268
3308
7632
1542
4055
4198
5063
7607
1112
360
9982
5892
9110
4361
4008
9900
2114
5813
6191
3313
3348
2018
1560
4347
8624
6093
4293
2617
4885
19
2320
4067
7858
588
5211
6683
1061
4449
2337
9953
4418
3054
5256
8981
1612
2835
9670
8984
3859
1796
3949
2939
2682
2320
4581
313
5507
3167
1508
9857
4234
9157
8636
8171
7035
4035
1313
6523
1072
60
2485
4531
9291
9125
6050
2083
4284
2486
2324
5052
32
7469
2720
5763
5719
1890
5813
5089
1632
1764
3342
6054
5731
7010
2912
3805
3754
5015
6822
795
1773
4780
4327
1809
8057
1729
6513
4290
2540
7351
3044
8974
3887
5540
2829
5948
5728
2777
3581
310
5643
2016
8150
8670
1973
9583
2402
2687
613
6074
1311
62
2800
4021
1819
9647
1807
5254
6296
4692
7710
6953
8684
9776
2291
6669
8903
5866
3849
6636
8802
717
313
4952
